 Number of water molecules:
         139

 Atomic and electronic energies:
    -2.36472232    -0.09755085

 Atomic coordinates:
  1     6.07186445     6.07429460    12.54062071
  2     7.67847523     6.85495296    11.99990955
  3     5.45010881     4.84285431    11.14035690
  4    -5.16766874    10.20430369     7.17978154
  5    -4.07426746     8.72004889     7.74400624
  6    -4.94673591    10.28792571     5.29647209
  7     1.22090734     8.51609403    12.88984560
  8     0.04969966     7.93950217    14.28815021
  9     2.88957028     7.54226098    13.09914593
 10    -9.53509409     8.95255115    -8.28092018
 11   -10.74212676     7.57563324    -8.81914305
 12    -7.92194919     8.54465962    -9.20183612
 13    -4.78352260   -11.70288520   -10.02757413
 14    -5.32191977    -9.96071767   -10.70824994
 15    -5.56536773   -11.81945591    -8.27139164
 16   -11.83779430     2.05691273     7.29551980
 17   -12.42198180     3.87979892     7.21358471
 18   -11.33407942     1.66523666     5.47744719
 19     5.10842322     8.36354509   -15.92028993
 20     4.63825174     8.49324542   -14.05418494
 21     5.22372577    10.13854825   -16.55507814
 22     7.85451474     7.12331200    -7.64802905
 23     9.74872660     6.70648797    -7.59070185
 24     7.11987133     5.77333955    -6.48701196
 25     3.05370923    -7.20502521   -13.20314008
 26     2.49090891    -5.85379399   -11.94537164
 27     2.04793152    -8.74621279   -12.61037120
 28    -2.53666743     5.17792047     1.13621555
 29    -2.56983316     5.66612131    -0.73812108
 30    -3.90000921     3.72968058     1.35716387
 31     5.15868609    -1.39505894    11.48705700
 32     6.31725066    -2.41618477    10.36361433
 33     4.91751856     0.34860798    10.59279105
 34     1.48470573     9.73484054    -1.80143532
 35     2.27089401     8.04442933    -2.18549377
 36     3.03044229    10.87813345    -1.94012421
 37    -5.96196248     3.96310716    15.64472845
 38    -5.36878713     2.28702515    16.32594087
 39    -7.01556541     3.57867564    14.08211860
 40    11.90596245    -6.88757775     8.84826829
 41    10.44208680    -5.66451787     8.58480837
 42    13.35875522    -5.83966334     9.50494661
 43   -14.06277426    -5.11496846     9.25351313
 44   -14.93483311    -5.68227050    10.88038667
 45   -13.06165794    -3.57149539     9.86158105
 46     9.87410331   -13.06466224     2.71279952
 47     8.50597295   -13.89617250     1.57616832
 48    11.37884266   -14.20878121     2.55046668
 49     3.01365972     1.31784476    -7.86357034
 50     4.64067579     2.04515449    -7.13037865
 51     1.56338863     2.07747689    -6.84456156
 52     1.49373066     2.05850399     1.75361404
 53     1.81954289     0.91998805     0.22460683
 54     0.18689422     3.36042540     1.12983328
 55    -1.75658781    -2.47972626    -4.07442148
 56     0.00429278    -2.03603088    -3.46690389
 57    -2.46078113    -0.90351872    -4.86246361
 58     0.67863058     1.21801499     6.60633038
 59     1.19223557     1.57141187     4.79822390
 60    -0.45181823    -0.35802593     6.52171097
 61    -3.20296746    -2.45402584     0.77880079
 62    -4.39812719    -0.90375589     1.03825637
 63    -2.86784954    -2.54578943    -1.02965411
 64    -0.65270772    13.10784561     3.51741040
 65     0.07713650    11.37720885     3.94047926
 66     0.83440019    14.00829392     2.60484949
 67     1.69520806   -12.60210548    -6.34930713
 68     0.21503637   -11.79081001    -5.42883429
 69     1.80510233   -14.48789355    -5.87924517
 70    -1.27484142    16.57887618    -3.55737408
 71    -0.30278115    17.71713702    -2.32906708
 72    -3.04593613    16.54440074    -2.92102313
 73    -6.05390868    -1.20609929     6.77129679
 74    -6.64039826    -0.59815655     8.51342483
 75    -4.40323497    -2.08786055     7.12215269
 76    -1.95749389     6.89262181    16.49652639
 77    -2.40588731     8.07039425    17.93611269
 78    -3.59721479     5.91847612    16.23693159
 79   -14.41772143    -1.64230888    -0.05796966
 80   -14.58420218    -2.79019062     1.49241738
 81   -14.07926894    -2.80996670    -1.57431963
 82    -6.46113168     3.25834896   -10.92567382
 83    -8.37074633     3.56967595   -10.73871286
 84    -5.85193787     5.00160905   -11.34745313
 85    10.22743886   -11.33143817    10.32445427
 86    10.50735787   -11.48910300    12.21202965
 87    11.04570024    -9.66298458     9.87231033
 88   -12.25065598    -4.71925197   -12.52147921
 89   -12.15307980    -6.13100654   -13.80704125
 90   -11.31813417    -5.41228422   -10.93545488
 91    10.49918695    12.30336580     4.24969868
 92     8.77099083    12.44150727     5.07283093
 93    11.15714637    14.04490925     4.09655296
 94    -7.81462692   -10.50496412    -5.77915159
 95    -8.62989164    -8.97627469    -6.60905001
 96    -8.56277094   -10.63384658    -3.98323227
 97    12.69745443     5.36933892    -6.93902637
 98    12.62441032     3.41528297    -6.94546959
 99    14.44744040     5.88623903    -7.42532370
100    -5.26267180    -7.79027616     5.03653521
101    -6.80956902    -6.73187397     4.55846852
102    -3.79092029    -6.94853103     4.14469815
103    -5.48218386    -6.90175162   -11.47949967
104    -4.89406160    -6.84326539   -13.28709482
105    -3.96407698    -6.53885488   -10.30772427
106     7.71429800    -6.84967075     1.25302420
107     9.29709964    -7.20351542     2.32011215
108     6.34183711    -6.57740069     2.59435936
109    14.49817123    -1.36772718     5.60788211
110    12.60075766    -1.11434240     5.61149854
111    15.27030036     0.35806875     5.25018527
112    -3.13843885    -7.40541981   -15.86504931
113    -1.87042488    -6.40188313   -16.85463132
114    -2.39463696    -9.10822014   -15.54489373
115     0.56975782   -11.11716994   -11.13645800
116    -1.26548965   -11.51570611   -11.07954879
117     1.37587746   -11.58006762    -9.42667259
118    -1.82637028     6.89371093     9.12774352
119    -0.74657300     7.78360972    10.44071553
120    -2.01849836     5.10134294     9.80258943
121     3.52046128     7.49449891   -10.76371011
122     5.05166508     7.10200993    -9.60805997
123     3.01473266     5.83318276   -11.64641734
124   -15.08590969     3.28447878    -1.67403440
125   -14.70126140     4.62168057    -0.33828389
126   -15.30516654     1.62991889    -0.74209418
127    -4.11627444     1.34875509    -6.66233573
128    -2.70251786     2.53299730    -6.11884249
129    -4.70213833     2.08111274    -8.36287507
130    -1.43748518   -12.00330422     9.79847624
131    -2.95279924   -10.79206473     9.86286047
132    -1.41139914   -12.93632342    11.44073675
133     8.23192756     4.79951493     5.38316889
134     7.05950896     6.16921564     4.65520754
135     9.99089486     5.46386738     4.96262730
136     9.83577227    -6.84585957    -3.74219440
137     8.66714954    -8.00509396    -4.74241321
138     9.27770481    -7.00017552    -1.87529982
139     6.71797149    -1.67210537     1.07881627
140     5.43844803    -1.14242136    -0.28834363
141     7.12339184    -3.48326285     0.86910970
142    16.81392754    -0.15230901    -3.93851279
143    15.44944806     0.34532005    -5.20560466
144    16.59260729    -2.01769192    -3.82403496
145    -0.88362346    -5.95861918     3.12421868
146    -1.75747041    -4.52316135     2.08873764
147    -0.83456568    -7.39284796     1.79465804
148    -8.37358716    10.72813830    -3.67305782
149    -6.53333676    10.11051771    -3.52295331
150    -8.91696363    10.06718859    -5.45166692
151    14.60737594    -4.72963281    -3.76771700
152    12.91029641    -5.51275070    -4.14360536
153    14.66220464    -4.80492368    -1.81357636
154    -9.58295905    10.01060111     1.34149623
155    -9.77075785    10.26423330    -0.58216636
156    -7.69696155     9.96420798     1.69216671
157    12.23462827    -8.33797109     3.70814046
158    12.09590885    -8.03360942     5.58722276
159    11.63649943   -10.13098869     3.43964608
160     6.94015036     2.95583135    -4.77836276
161     8.13768878     1.61056699    -4.17096118
162     6.50071149     3.87418578    -3.16420633
163    15.51978064    -3.49348316    10.01323597
164    16.75641937    -2.61086896    11.03833351
165    15.46201548    -2.49618963     8.33028726
166    12.50770951     7.36571602     3.99471085
167    11.91050517     9.08722700     4.48054574
168    12.30259811     7.25570296     2.06738485
169    -6.23094986     1.67813035     2.22824027
170    -6.07247822     0.92449160     3.98113120
171    -8.12634158     1.66931706     1.81866507
172    14.05794051    -4.27344574     1.23836268
173    14.56251838    -3.29927918     2.74023460
174    13.67613742    -6.05450004     1.94735836
175   -12.93416127    -5.04873644    -4.01552302
176   -11.22702018    -5.18193970    -3.07519496
177   -12.58727410    -6.00784491    -5.61878572
178    -8.32751840    -5.05613168    -1.29325360
179    -8.06857436    -4.36429903     0.52600767
180    -7.74347818    -3.67138320    -2.39262133
181     1.34565176    -4.81367317   -17.38134923
182     2.92049028    -3.86240482   -18.00650356
183     2.01653425    -6.04117236   -16.03828083
184    -1.49932130    -3.47354685     7.57651670
185    -1.18096401    -4.71807948     6.12794274
186    -0.54422396    -4.16624550     9.19880308
187     9.40639466    -0.05593694     4.95264469
188     9.04902903     1.84522524     5.08293303
189     8.30187688    -0.55687738     3.47164030
190     3.56901234    15.39034648     1.76327459
191     4.34362882    14.72974678     0.12413651
192     2.59871556    17.00223522     1.20082726
193     5.25573326     8.43597702     3.54511879
194     3.36336785     8.31172319     3.90826241
195     5.67549719    10.26427165     3.98678943
196    17.04384185     4.00343551    -1.00361750
197    16.92554313     2.26197044    -1.81505209
198    18.87218659     4.55947766    -0.95264376
199    -5.78788922   -11.79364246     1.64745085
200    -3.95018641   -11.58618865     0.96838147
201    -5.84438256   -10.72104233     3.21711870
202    12.78698385     6.60886759    -1.70782677
203    14.46420920     5.65798177    -1.31673757
204    12.42370348     6.22419117    -3.54838726
205    -8.85358387    -4.26098577     3.63370135
206   -10.72556841    -4.13905954     3.92243283
207    -8.02416434    -3.02662539     4.84516588
208    -1.40629621   -14.37337005     5.17613170
209    -1.47748340   -13.50372026     6.84258783
210     0.38795736   -14.09720918     4.44519047
211     6.13772392   -10.11396719    -5.62922869
212     4.40135161   -10.97700600    -5.95395333
213     6.87989554    -9.76442449    -7.36395258
214     6.92325472    -3.69033984   -13.84644018
215     5.30530537    -4.54214564   -13.24293332
216     6.63462748    -2.92576526   -15.58983278
217     0.37422483     1.91046744    16.05258088
218    -0.11495844     3.72276399    16.51040726
219     2.29645351     1.83808321    16.01517150
220    12.28562391     0.31766007    -6.48576017
221    11.50427413    -0.97140933    -7.68957027
222    12.00901716    -0.20726395    -4.67033696
223    -3.28120617     8.88250949    -3.34556745
224    -2.91029142     8.31390997    -5.16854752
225    -1.49906868     9.27497274    -2.73317111
226   -10.18718034    10.98265675     6.41440516
227    -9.99447303    10.60100249     4.52085604
228    -8.31499960    10.95776525     7.01246661
229     7.29474592    -8.43598571   -10.44741420
230     5.77292392    -8.17764522   -11.54590444
231     8.75122249    -8.55177712   -11.63287240
232     0.20148804    14.14396119    -7.66528958
233     2.07375424    13.82081318    -7.29328565
234    -0.48512248    15.02055334    -6.04546472
235    -2.44054354   -18.45839707     2.23944269
236    -4.28656963   -18.22363502     1.74648880
237    -2.09080242   -16.96575008     3.43354749
238    -6.17658518    -0.15944288    11.81949753
239    -5.16041960    -1.75965909    12.30433288
240    -4.83591488     1.19615228    11.85584273
241    -5.29406264    -8.52140955    10.12596095
242    -5.02892440    -8.14869680     8.29896465
243    -7.22728314    -8.57359754    10.31968625
244    -0.67610940    -1.10913552   -14.34895451
245    -0.39003996    -2.34337221   -15.78078856
246    -2.61358305    -1.04320590   -14.18055002
247    -6.09858980    14.91187936    -1.39394855
248    -5.70663484    13.55581114    -0.08074548
249    -7.23490076    13.97866310    -2.60677363
250     5.62288917    12.95553871     5.73399043
251     4.79025017    13.97619234     4.30468895
252     4.27741999    12.80873016     7.10553668
253   -14.20927317    -9.04585092     1.59789848
254   -15.39519138   -10.32767086     0.91407675
255   -12.59533004    -9.17259850     0.53672502
256     2.30801964   -17.78599549     0.23619836
257     3.01854983   -16.49416376     1.48413570
258     0.54648313   -18.38799208     0.96503342
259     9.93028824    -3.03677091    -9.77534496
260    10.10070101    -4.92953613    -9.61440972
261     8.98403793    -2.90544229   -11.41772987
262    -4.01443906    18.70309227     1.57560198
263    -4.16151812    17.97316890     3.36275703
264    -5.00742815    17.51669712     0.49616005
265    -3.66046151    -0.61712840    17.57138580
266    -3.77404715    -2.29404902    16.63074782
267    -1.92516880     0.08965045    17.12750685
268    -1.35806583     9.34255750    -8.67751057
269     0.39610713     8.56108565    -9.02287967
270    -1.04054431    11.17128499    -8.28593284
271     5.54065281    12.72977146    -2.62506569
272     5.15430626    12.45728055    -4.50556385
273     7.33155560    12.07208810    -2.28824175
274     2.20672496     2.86350970   -12.41952013
275     0.93941021     1.70858865   -13.31098029
276     2.43889011     2.19384936   -10.65966721
277   -14.25075596    -4.68434552     4.01735893
278   -14.45162016    -4.93965066     5.89543162
279   -14.29565035    -6.45343763     3.18841044
280     5.13195923   -10.76277058    -0.58292890
281     5.42336583   -10.80315251    -2.50682143
282     6.15370440    -9.26667355     0.00240055
283     3.41467047   -13.82610063     3.20451701
284     4.49963760   -13.49981257     4.75819167
285     4.05994683   -12.66832432     1.80515759
286   -14.36521387    -0.15090704   -11.05820763
287   -15.46404469    -0.77778183    -9.62366702
288   -13.67862686    -1.62987780   -12.04858003
289    -3.84077788    16.27309550     6.09928648
290    -2.72280589    15.06607833     5.12232129
291    -3.50732059    15.80315381     7.91329457
292     2.24736357    12.22275303     9.55314434
293     1.99226426    10.87676048    10.90315106
294     0.59615067    13.10316331     9.38219527
295    -2.43293885    -9.79569391    -4.96620162
296    -4.29589273   -10.07357973    -5.08475606
297    -2.08369966    -8.31002250    -6.14241381
298    -1.69452601     2.09080510    11.18896856
299    -0.74493211     1.90046021    12.81561192
300    -0.59004977     1.35654325     9.79829183
301    -5.56677617    -0.93026012   -13.61321756
302    -7.14121926    -1.99831199   -13.46726688
303    -5.75445164     0.67609742   -12.58386629
304    -9.84911418    -9.87308612    -1.07707171
305    -8.65950319   -10.84476596     0.08933327
306    -9.04274841    -8.14120465    -1.10420490
307     5.23745712     1.99738654    15.60780718
308     5.42144853     0.48285888    14.43414360
309     5.79032655     3.55547070    14.64464740
310     7.07709989    -2.89182039    -5.43169965
311     7.87095193    -2.34369193    -7.09776219
312     8.26812537    -4.35247725    -4.88089315
313    -5.37186536     8.18574221   -11.46696430
314    -3.82033760     8.47285836   -10.31612535
315    -5.37663997     9.39427643   -12.90555244
316   -10.23161422    -8.86842870     9.55449494
317   -10.71107485   -10.32140557     8.50908066
318   -11.47945534    -7.41645556     9.42868365
319     0.92723390    19.61456381     0.38392161
320     1.35079137    21.46616939     0.41160256
321    -0.92877674    19.56645997     0.93456173
322    15.81549433     3.28550861     4.13915352
323    16.38082631     3.35162114     2.28829256
324    14.75252955     4.90090720     4.39501682
325     5.49085399    -1.41495843   -18.59891397
326     5.17682686     0.43302763   -17.94130548
327     6.65725027    -1.16881364   -20.08884982
328   -11.07399620    -1.30579212    10.89341641
329   -11.53716364     0.17090912     9.69620803
330    -9.31734780    -0.87358786    11.60205623
331   -12.42522913     1.23507437    -5.39867352
332   -13.61342526     2.10630013    -4.08856052
333   -13.45787803     0.49333490    -6.77647781
334    -8.05926224    -1.73516928    -5.30789297
335    -6.66872676    -0.50486212    -5.65834377
336    -9.73359287    -0.69427050    -5.14586013
337   -16.47483592    -2.13516058    -6.69335022
338   -15.53249999    -3.44547509    -5.62698945
339   -18.08530653    -1.78314641    -5.75658794
340     6.87237483   -12.61711349     6.79566554
341     8.13565284   -12.34292283     8.28325800
342     8.03819014   -12.62371326     5.24857890
343    10.05785570    11.24169972    -0.93611895
344    10.12895280    11.47636373     0.93398915
345    10.96794061     9.58407754    -1.21979168
346    -0.47140274   -10.01756850    -0.10151870
347    -1.14252339    -9.81665530    -1.92158051
348     1.39889671   -10.28750802    -0.31138089
349   -11.32160396     1.77738161     2.20670126
350   -12.12006731     3.53827114     1.95573265
351   -12.39243567     0.46049284     1.30162462
352   -13.38976058     6.45762773     2.19163659
353   -13.77983665     7.00327340     3.99915266
354   -12.18651510     7.80420986     1.49221840
355     5.56893491     4.80606603    -0.35997007
356     5.66863040     6.31337437     0.77892739
357     4.22549287     3.66480187     0.40293959
358    -1.82562537    -5.77149475    -8.00321596
359    -2.03446591    -4.53796962    -6.54662083
360    -0.28238908    -5.02592734    -8.98701302
361    -7.05553106   -16.81585048     0.78821071
362    -6.66038523   -14.97197029     1.18379532
363    -8.81827824   -16.81892151     0.11688742
364     2.03977743   -17.46567565    -4.90756805
365     2.10669887   -19.21266404    -5.68954284
366     1.99359743   -17.54426406    -3.00912694
367     7.72079346    -3.95745851     7.71316968
368     8.33786150    -2.36793205     6.69324215
369     6.34217024    -4.67607184     6.67069479
370     1.91671849    -3.09480296   -10.50689983
371     0.99447426    -2.02878264   -11.84671869
372     2.63234263    -1.75609511    -9.28092974
373    -4.51095789    10.70012894     1.64008468
374    -2.95587810    11.81235088     2.04971400
375    -4.01886827     9.81577110     0.04395091
376     4.82981163     2.96615801     8.86902449
377     6.21120112     3.48660789     7.63326339
378     3.25385211     2.71658978     7.79730988
379     2.86052645    -9.53552216     8.77016823
380     4.21500540   -10.85282956     8.26969947
381     1.29364393   -10.59487695     9.23537597
382     5.13584908    11.48207089    -7.52371237
383     4.29207798    10.77770812    -9.06883483
384     6.40495884    10.09945084    -7.15077570
385    11.02577157    -0.47821439    -1.51562692
386     9.42693126    -0.46410209    -0.46761194
387    12.26648246    -1.63410548    -0.59582634
388     1.34706501    -5.01167102    11.63551107
389     2.14152247    -6.59299822    10.87004224
390     2.74712204    -3.75948695    11.91272780
391    -9.39804739    -5.98906879    -8.14593885
392    -7.91365205    -6.43277350    -9.34120944
393    -8.71937296    -4.40341582    -7.23613381
394     4.05252165    -6.34520474     4.99535309
395     2.44025606    -5.96754595     3.99824590
396     3.39830615    -7.48768023     6.39618509
397     3.19634744    -0.84774834    -2.58654661
398     2.94345067     0.89267212    -3.25912697
399     4.36277067    -1.70118680    -3.88781706
400     0.38859817     8.13489691     4.61946520
401    -0.19949756     7.53332144     6.32822122
402    -0.66624276     7.04151412     3.40273984
403   -13.26027818     7.21979791     7.54439233
404   -14.05031402     7.47230800     9.22128627
405   -12.08750047     8.72984822     7.20692583
406   -11.42054497     4.02900932    -9.58663797
407   -12.63120402     2.97426549   -10.69416277
408   -11.69877483     3.47858616    -7.73895800
409    -2.70161741    13.59472208    10.46413817
410    -3.82957827    12.37096303     9.50991344
411    -3.15320536    13.50585109    12.29179203
412     4.72960145     3.35907735   -16.85591535
413     5.15466305     5.27418599   -16.98154319
414     3.85620797     3.19713945   -15.18047729
415    -3.46948845    -4.38764194    13.12159384
416    -1.54705247    -4.39791797    12.87508994
417    -4.12226469    -5.97720575    12.36803066

 Atomic and electronic forces:
  1    -0.02683274    -0.01668882     0.00170501     0.00080036     0.00036146     0.00234168
  2     0.01460140     0.00654190    -0.00822080    -0.00049539    -0.00022701    -0.00109828
  3     0.01030760     0.01314398     0.00757485    -0.00047864    -0.00012817    -0.00143877
  4    -0.00112732    -0.00053126     0.00421969    -0.00146061     0.00181892     0.00309854
  5     0.00089413    -0.00021328     0.00585320     0.00065929    -0.00080209    -0.00183315
  6     0.00161930     0.00328863    -0.00986627     0.00097782    -0.00128590    -0.00181014
  7     0.01825334    -0.00448044    -0.01069685     0.00012902     0.00070703     0.00240836
  8    -0.00500835    -0.00379271     0.01081244     0.00001387    -0.00026020    -0.00108041
  9    -0.00892436     0.00755523     0.00091766    -0.00017826    -0.00028097    -0.00120045
 10     0.00067427    -0.00427312     0.00608335    -0.00473381     0.00266657    -0.00186249
 11    -0.00537657    -0.00209579    -0.00019523     0.00228148    -0.00085348     0.00091326
 12     0.00596302     0.00419798    -0.00833777     0.00268362    -0.00167464     0.00156185
 13    -0.00139037     0.01306568     0.00135796    -0.00083986    -0.00253325    -0.00094476
 14     0.00322275    -0.01353760     0.00231950     0.00057070     0.00137611     0.00064856
 15    -0.00113972    -0.00310430    -0.00744684     0.00049998     0.00131456     0.00033634
 16     0.00296391     0.00473857    -0.00567405    -0.00205755    -0.00023260     0.00198682
 17    -0.00218450     0.00369611     0.00617537     0.00102364    -0.00003707    -0.00093653
 18    -0.00296311    -0.00242307     0.00167476     0.00132338     0.00020067    -0.00112608
 19    -0.00248193     0.00136584     0.01390462     0.00163610     0.00162801    -0.00389067
 20     0.00153396    -0.00338536    -0.00849730    -0.00111447    -0.00126287     0.00246546
 21     0.00107583     0.00367402    -0.00465906    -0.00063915    -0.00085314     0.00156931
 22    -0.00434115    -0.00682937     0.00715977     0.00847742     0.00387678    -0.00366746
 23    -0.00080090     0.00437789    -0.00448854    -0.00335311    -0.00108755     0.00113824
 24     0.00591267    -0.00158420    -0.00193805    -0.00626041    -0.00189596     0.00192549
 25    -0.00516019    -0.00046479     0.00771909     0.00081400    -0.00306131    -0.00252676
 26     0.00118851     0.00720432    -0.00188690    -0.00051068     0.00207899     0.00168554
 27     0.00041013    -0.01080436    -0.00283980    -0.00022802     0.00152519     0.00102730
 28    -0.01127531    -0.02825874    -0.02417449    -0.00790475     0.00519071     0.01567578
 29    -0.00943288     0.00142820     0.01988879     0.00605253    -0.00496035    -0.00783868
 30     0.01738895     0.03052917     0.00363129     0.00432094    -0.00043207    -0.00605997
 31    -0.00996591     0.02511598    -0.00102068     0.00077335    -0.00076672     0.00250465
 32     0.00544543    -0.00370677    -0.00589808    -0.00050784     0.00049277    -0.00123426
 33     0.00498928    -0.02300962     0.00713515    -0.00046751     0.00031256    -0.00150497
 34     0.01145807    -0.01971972    -0.00807951     0.00231928     0.01492282     0.00619807
 35    -0.00536679     0.00041147     0.00517205    -0.00350059    -0.00887514    -0.00430810
 36    -0.00522926     0.01631261     0.00435689    -0.00179682    -0.00521905    -0.00175923
 37    -0.00698378     0.00730578    -0.01443225    -0.00055210     0.00004674     0.00177380
 38     0.00112311    -0.01074358     0.00674236     0.00023292     0.00004757    -0.00085537
 39     0.00479889     0.00020483     0.01194351     0.00038190    -0.00000775    -0.00096804
 40    -0.01075004    -0.00933563    -0.00884567     0.00111659    -0.00099317     0.00126430
 41    -0.00171557     0.00082864     0.00179453    -0.00062506     0.00056063    -0.00079318
 42     0.01109873     0.01109573     0.00362464    -0.00056130     0.00039929    -0.00059350
 43    -0.00476657    -0.00586621     0.02345754    -0.00117214    -0.00070103     0.00111487
 44     0.00212582     0.00088105    -0.01673756     0.00048711     0.00029282    -0.00048889
 45     0.00588668     0.00400745    -0.00633783     0.00061415     0.00032352    -0.00065622
 46    -0.02122577    -0.01356481    -0.01974946     0.00092720    -0.00159159     0.00067869
 47     0.01784242     0.01602189     0.01570451    -0.00041541     0.00087257    -0.00029719
 48     0.00557415    -0.00174555     0.00172567    -0.00042796     0.00067959    -0.00026488
 49    -0.01870930     0.00870124     0.02248308     0.01490184    -0.01154082    -0.01808120
 50     0.00599423    -0.00410003    -0.00019610    -0.00847172     0.00303511     0.00540414
 51     0.01513089    -0.00679206    -0.01322008    -0.00617360     0.00617883     0.01066324
 52     0.00101039     0.00714526    -0.03739205     0.00354888    -0.00396224     0.01797859
 53    -0.00108173    -0.00408775     0.01820270    -0.00305821     0.00488403    -0.00885848
 54     0.00183352    -0.00741542     0.01897187     0.00020896     0.00007210    -0.01046011
 55     0.01229482     0.00152770     0.00492960    -0.00618986    -0.01804433     0.00066000
 56     0.00354667    -0.00774973     0.00150879     0.00041990     0.01014939    -0.00154049
 57    -0.01434314     0.00314834    -0.00997748     0.00590437     0.00933843     0.00117166
 58    -0.00925675    -0.01020447     0.00956551     0.00023626    -0.00126255     0.00630069
 59    -0.00086929     0.00079365    -0.01191633    -0.00044738     0.00089454    -0.00444523
 60     0.00809482     0.00565151     0.00365149     0.00018663     0.00100012    -0.00288968
 61    -0.02940861     0.03588065     0.04069187    -0.00444629    -0.00767667     0.00660075
 62     0.01615364    -0.02386926     0.00176883     0.00318669     0.00299436    -0.00370844
 63     0.00602542    -0.00626815    -0.04423388     0.00280450     0.00545120    -0.00292429
 64     0.02183913     0.00797907    -0.01446421    -0.00041081     0.00397574     0.00325098
 65    -0.00410648    -0.00355806     0.00649185     0.00007446    -0.00212424    -0.00222654
 66    -0.01368676    -0.00287760     0.01156590    -0.00009424    -0.00211632    -0.00140323
 67     0.01354053     0.00638818    -0.00152772     0.00027638    -0.00304362    -0.00037963
 68    -0.00502784    -0.00858064    -0.00212872     0.00000307     0.00174441     0.00012441
 69    -0.00611420     0.00383067     0.00232044    -0.00010838     0.00124160     0.00010599
 70     0.02220298     0.00740827     0.00711369    -0.00056606     0.00456956     0.00030462
 71    -0.00497588    -0.00580371    -0.00804466     0.00008932    -0.00194322    -0.00028553
 72    -0.01796940    -0.00304362     0.00433853     0.00054757    -0.00212435    -0.00024463
 73    -0.01406069     0.01032194    -0.00384221    -0.00203183    -0.00149155     0.00359224
 74     0.00155134    -0.00219690    -0.00444112     0.00081122     0.00047308    -0.00151669
 75     0.01275669    -0.00783306     0.00265142     0.00076352     0.00090476    -0.00188580
 76     0.00066204     0.00962346     0.01256717    -0.00019006     0.00029292     0.00177244
 77     0.00708679    -0.00176144    -0.00369596     0.00009115    -0.00015689    -0.00075696
 78    -0.00578844    -0.00998228    -0.00802388     0.00016850    -0.00010784    -0.00089666
 79     0.00255634    -0.00488959    -0.01110027    -0.00285861    -0.00099387     0.00083641
 80    -0.00025162    -0.00129775     0.00012894     0.00121045     0.00050958    -0.00047689
 81    -0.00181985     0.00533835     0.01138047     0.00146388     0.00064111    -0.00028278
 82    -0.01139836    -0.00868307     0.00801047    -0.00663774    -0.00028404    -0.00633217
 83     0.00202893    -0.00935040     0.00380392     0.00286937    -0.00001457     0.00209183
 84     0.01013121     0.01872188    -0.00712063     0.00303755    -0.00073817     0.00340273
 85    -0.00199427    -0.01307131     0.01838780     0.00066116    -0.00098102     0.00097235
 86    -0.00304475    -0.00329400    -0.00869280    -0.00028347     0.00041358    -0.00045786
 87     0.00321412     0.01203613    -0.00877793    -0.00040602     0.00049412    -0.00053486
 88     0.01729876    -0.01898783     0.01616176    -0.00206430    -0.00135452    -0.00134183
 89    -0.00259212     0.00719583     0.00238940     0.00082785     0.00064168     0.00062813
 90    -0.01353794     0.01318643    -0.01722125     0.00115544     0.00088809     0.00065399
 91    -0.00072808    -0.02255789    -0.00458147     0.00202726     0.00175217     0.00172138
 92    -0.00630835     0.00389362     0.00432825    -0.00092420    -0.00097930    -0.00103628
 93     0.00643159     0.01732031     0.00052505    -0.00085113    -0.00082803    -0.00066695
 94     0.00452866     0.00264482     0.01151210    -0.00154477    -0.00267592    -0.00027423
 95    -0.00252865    -0.00206598     0.00210927     0.00098363     0.00137812     0.00025008
 96     0.00047246     0.00160720    -0.01455943     0.00078376     0.00125395    -0.00003177
 97    -0.01026311    -0.00779569     0.00526801     0.00478174     0.00068105    -0.00098789
 98     0.00125589     0.01029002    -0.00071321    -0.00250436     0.00003556     0.00052248
 99     0.00671177    -0.00132486    -0.00337286    -0.00183187    -0.00029782     0.00039434
100    -0.01124437     0.00247568    -0.00359099    -0.00117199    -0.00239148     0.00199482
101     0.00235590    -0.00112585     0.00256282     0.00081396     0.00117483    -0.00102677
102     0.00540104    -0.00201468     0.00276392     0.00060050     0.00154696    -0.00126159
103    -0.00943427     0.00272234     0.03613305    -0.00176318    -0.00319052    -0.00217673
104     0.01189172     0.00113645    -0.01571049     0.00068046     0.00136665     0.00117544
105    -0.00686852     0.00066045    -0.01248145     0.00090851     0.00215586     0.00127260
106     0.00580997     0.00500273     0.01307299     0.00225621    -0.00310794     0.00167888
107    -0.00094279    -0.00032320    -0.00842976    -0.00099526     0.00117251    -0.00072987
108    -0.00165046    -0.00295397    -0.00073684    -0.00098550     0.00161766    -0.00111447
109     0.00329887    -0.00836026     0.00082761     0.00197795    -0.00067601     0.00138304
110    -0.00440938     0.00529573    -0.00186664    -0.00112218     0.00041907    -0.00090530
111    -0.00061263     0.00791321    -0.00385639    -0.00103799     0.00021768    -0.00066419
112    -0.00709694     0.00207153     0.00404483    -0.00064930    -0.00209593    -0.00220481
113     0.00762117     0.00510273    -0.00683850     0.00020809     0.00098032     0.00123286
114     0.00308989    -0.00756705    -0.00154513     0.00021800     0.00104364     0.00092397
115     0.02930372     0.01396801    -0.00189897     0.00006572    -0.00285105    -0.00132260
116    -0.02002831    -0.01015730     0.00981124     0.00013723     0.00136694     0.00061189
117    -0.01481512    -0.00460858    -0.00810084    -0.00011580     0.00152518     0.00051368
118    -0.00171821    -0.00365362    -0.00756831    -0.00061358     0.00100490     0.00391053
119     0.00376203     0.00245503     0.00558683     0.00011524    -0.00048027    -0.00163609
120    -0.00130411    -0.00259385     0.00053133     0.00031137    -0.00022733    -0.00191900
121     0.00822570    -0.00493995     0.01494055     0.00473448     0.00577564    -0.00939054
122    -0.00968205     0.00204780    -0.01781945    -0.00375656    -0.00276681     0.00415282
123     0.00434023     0.00515229     0.00327252    -0.00206527    -0.00167710     0.00537736
124    -0.00037263     0.00857194     0.00126466    -0.00330945    -0.00003544     0.00058126
125    -0.00354990    -0.00104665    -0.00337110     0.00163564    -0.00012974    -0.00044171
126    -0.00134068    -0.00551095     0.00025792     0.00153464     0.00017965    -0.00035712
127     0.02640531     0.01999174     0.00200548    -0.01947778    -0.00961686    -0.00977690
128    -0.01760145    -0.00635356    -0.00430447     0.01140221     0.00368681     0.00631914
129    -0.01028338    -0.00763653     0.00207718     0.00648999     0.00193997     0.00498025
130    -0.00221342     0.00728859    -0.00514437    -0.00014830    -0.00135923     0.00124379
131     0.00312430    -0.00336526     0.00303997     0.00015502     0.00068955    -0.00068793
132    -0.00292234    -0.00351229     0.00613452     0.00005726     0.00056475    -0.00054399
133    -0.00338277     0.00323703    -0.00425486     0.00318593     0.00052399     0.00390816
134     0.00001565    -0.00214531     0.00432797    -0.00177252    -0.00070081    -0.00236664
135     0.00353786     0.00129487     0.00348727    -0.00157727    -0.00031811    -0.00151640
136    -0.00887003     0.00161603     0.01508777     0.00276972    -0.00297543     0.00016841
137     0.00014947    -0.00427318     0.00498973    -0.00119118     0.00161793     0.00005796
138     0.00557581     0.00084675    -0.01801335    -0.00133097     0.00153992    -0.00035952
139    -0.01199484     0.03906152    -0.00577110     0.00539460    -0.00429709     0.00447704
140     0.00731068    -0.01431441     0.01036975    -0.00390230     0.00348685    -0.00298982
141     0.00214645    -0.02867149    -0.00666474    -0.00206077     0.00207937    -0.00154585
142    -0.00233473     0.02704893    -0.00692151     0.00276263    -0.00061557     0.00006912
143     0.00535131    -0.00017024     0.00308400    -0.00165351     0.00034842     0.00009278
144    -0.00125029    -0.02491720     0.00345849    -0.00130053     0.00044136    -0.00004177
145    -0.00039701    -0.00591128    -0.02666233    -0.00052297    -0.00434777     0.00344624
146     0.00401646    -0.00052761     0.01426548     0.00071934     0.00286172    -0.00230167
147     0.00470491    -0.00194322     0.01466899     0.00022613     0.00227022    -0.00128046
148     0.01773801    -0.01724107    -0.01696278    -0.00476725     0.00406460     0.00042039
149    -0.01353452     0.00591556     0.00021279     0.00308588    -0.00307545    -0.00042071
150    -0.00331647     0.01096122     0.01594243     0.00254204    -0.00185014     0.00028199
151     0.00139532    -0.00390556     0.02006493     0.00257205    -0.00147572     0.00010264
152    -0.00578777    -0.00482100    -0.00664654    -0.00137776     0.00098021    -0.00002092
153     0.00494676     0.00497520    -0.01359686    -0.00123762     0.00071354    -0.00021667
154    -0.00984965    -0.00634921    -0.00984220    -0.00349361     0.00235374     0.00204226
155     0.00574991     0.00206170     0.01179004     0.00198433    -0.00136286    -0.00075826
156     0.00344358     0.00373093    -0.00361630     0.00188642    -0.00156332    -0.00144775
157    -0.00678252     0.00098241    -0.00679901     0.00150586    -0.00148430     0.00101032
158     0.00416293     0.00394736     0.01090920    -0.00067761     0.00065839    -0.00056768
159    -0.00117627    -0.00643536    -0.00240428    -0.00064114     0.00076571    -0.00043759
160    -0.01206029    -0.00225742    -0.01026790     0.01674328    -0.00168535    -0.00115862
161     0.01095166    -0.00757469    -0.00521307    -0.00572524     0.00141207    -0.00009094
162    -0.00022472     0.01049664     0.01613080    -0.00854608    -0.00037008    -0.00159406
163    -0.01701917    -0.00498005    -0.02689092     0.00115732    -0.00052948     0.00108973
164     0.02282112     0.01356222     0.02268064    -0.00052930     0.00019576    -0.00049411
165    -0.00586481    -0.01246621     0.00784019    -0.00070382     0.00027724    -0.00058723
166    -0.00029925    -0.02214946    -0.02339490     0.00277589     0.00087337     0.00190181
167    -0.00365175     0.02128165     0.00523469    -0.00124425    -0.00059702    -0.00094988
168     0.00550646     0.00033205     0.01258058    -0.00174254    -0.00053909    -0.00093465
169     0.00966588    -0.00246064    -0.01632803    -0.00627168    -0.00164793     0.00643688
170    -0.00399104    -0.00234968     0.00860918     0.00206613     0.00080763    -0.00273818
171     0.00028416     0.00219591     0.00792155     0.00290471     0.00060310    -0.00215475
172    -0.01276151    -0.03002503    -0.02231885     0.00237344    -0.00133613     0.00095798
173     0.01046595     0.02095059     0.02803430    -0.00112113     0.00053281    -0.00055468
174     0.00030039     0.01188398    -0.00327627    -0.00100253     0.00071264    -0.00046900
175     0.01627251    -0.00140570     0.01221173    -0.00277177    -0.00179158     0.00006813
176    -0.01648028     0.00445152    -0.00176517     0.00156338     0.00117896    -0.00017042
177    -0.00140877    -0.00134889    -0.00785610     0.00127981     0.00094527     0.00012679
178    -0.00108159    -0.01082404     0.03068403    -0.00358865    -0.00357023     0.00126146
179    -0.00942497    -0.01404690    -0.01164036     0.00178227     0.00167931    -0.00103896
180     0.00677868     0.02015973    -0.02561429     0.00252067     0.00225600    -0.00059654
181     0.01320455    -0.00014591     0.00159655     0.00024837    -0.00183205    -0.00285734
182    -0.01172642    -0.00202588    -0.00044903    -0.00028534     0.00077842     0.00143551
183    -0.00132240     0.00456638    -0.00406024    -0.00021146     0.00111990     0.00136646
184     0.01817772    -0.01098923     0.02745522    -0.00052941    -0.00209014     0.00361226
185     0.00114752     0.00220429     0.00642797     0.00024542     0.00140208    -0.00180104
186    -0.01909260     0.01263179    -0.03602409     0.00008654     0.00082604    -0.00147250
187     0.00072776     0.00704846     0.00622883     0.00300860    -0.00116548     0.00305674
188     0.00486980    -0.00097086     0.00679516    -0.00163806     0.00030672    -0.00175946
189    -0.00418152    -0.00952693    -0.00972465    -0.00194186     0.00097555    -0.00188186
190    -0.00994601     0.00826890    -0.01706458     0.00098788     0.00368161     0.00190518
191     0.00215781    -0.00081583     0.00248998    -0.00077747    -0.00221164    -0.00089182
192     0.00905873    -0.00761169     0.00864506    -0.00028114    -0.00170076    -0.00070490
193     0.00433071    -0.00538078    -0.01280348     0.00336723     0.00338347     0.00543071
194    -0.00448931    -0.00130967     0.00420208    -0.00119769    -0.00192835    -0.00329897
195     0.00130849    -0.00022183     0.00600036    -0.00125228    -0.00159269    -0.00196985
196     0.00041775     0.01082366     0.01292012     0.00272863     0.00007515     0.00054622
197     0.00710018    -0.00444111    -0.00781079    -0.00141280     0.00010840    -0.00021546
198    -0.00460240    -0.00762424    -0.00436320    -0.00112152    -0.00006167    -0.00020576
199     0.02294059     0.00007112    -0.02354641    -0.00092405    -0.00233534     0.00091597
200    -0.02508279    -0.00616306     0.01221778     0.00038273     0.00137183    -0.00048326
201     0.00297010     0.00540782     0.01110750     0.00049163     0.00114429    -0.00060958
202     0.00794115    -0.00188319     0.01046512     0.00446672     0.00108348     0.00095160
203    -0.01404836     0.00717724    -0.00471643    -0.00184131    -0.00027241    -0.00039566
204     0.00132379    -0.00102557    -0.00262970    -0.00256706    -0.00055554    -0.00017344
205     0.01324006    -0.00275320    -0.00238748    -0.00250526    -0.00212304     0.00219738
206    -0.01371888     0.00058751     0.00267408     0.00116229     0.00080375    -0.00087626
207     0.00125192     0.00472926     0.00606568     0.00124596     0.00097410    -0.00138663
208     0.01879329    -0.00861269    -0.02814459    -0.00016173    -0.00174541     0.00093153
209    -0.00008333     0.00935384     0.01836978     0.00008327     0.00081905    -0.00054013
210    -0.01719750    -0.00168787     0.00685416    -0.00000777     0.00094976    -0.00047520
211    -0.01423160    -0.00498507     0.00578741     0.00146309    -0.00335595    -0.00031930
212     0.01651147     0.00438851    -0.00144841    -0.00049437     0.00170879     0.00019100
213    -0.00424494     0.00020187    -0.00793682    -0.00078795     0.00156507     0.00035712
214     0.00126836     0.00427431     0.00171483     0.00213521    -0.00229373    -0.00301108
215     0.00671683     0.00338877    -0.01167495    -0.00094595     0.00149105     0.00164230
216    -0.00461334    -0.00322800     0.00397435    -0.00087351     0.00087801     0.00152395
217    -0.01756378     0.00979790    -0.00447496     0.00000963    -0.00014609     0.00194272
218     0.00339193    -0.00745056    -0.00039078     0.00001760    -0.00001245    -0.00093881
219     0.00952472     0.00203447     0.00434691    -0.00009549     0.00007616    -0.00096264
220     0.00516433     0.01220536    -0.01378333     0.00481271    -0.00129589    -0.00085350
221     0.00217516    -0.00162460     0.00443770    -0.00230496     0.00092507     0.00068264
222    -0.00680101    -0.00888209     0.00775101    -0.00254718     0.00081290     0.00007274
223     0.01080369    -0.02049749    -0.02120316    -0.00923644     0.01434781     0.00289009
224    -0.01462405     0.01273572     0.01073161     0.00515579    -0.00800054     0.00107266
225     0.00361672     0.01350790     0.01009429     0.00253954    -0.00798597    -0.00230094
226     0.03102091    -0.00787246    -0.00748276    -0.00178784     0.00129466     0.00184866
227    -0.01103729     0.00728019     0.00504157     0.00115567    -0.00081106    -0.00100515
228    -0.02148613     0.00242194     0.00159434     0.00083580    -0.00073443    -0.00111016
229     0.00959092    -0.00210778     0.01489614     0.00165771    -0.00279104    -0.00142604
230    -0.01292682     0.00184484    -0.00742130    -0.00070412     0.00147660     0.00090955
231     0.00759417    -0.00249075    -0.00646013    -0.00078384     0.00110686     0.00066812
232     0.01298488    -0.00787583     0.01760357    -0.00010192     0.00620503    -0.00187169
233    -0.01340011     0.00561630    -0.00602814    -0.00053335    -0.00328713     0.00090821
234     0.00317235    -0.00009605    -0.01346838     0.00021732    -0.00294250     0.00040731
235     0.00589495     0.00768528     0.00676382    -0.00017939    -0.00146368     0.00043967
236    -0.00101278    -0.00120213    -0.00414742     0.00015299     0.00073189    -0.00020561
237    -0.00136473    -0.00604541    -0.00243648     0.00009007     0.00078730    -0.00029973
238     0.00006683    -0.01614063     0.00592244    -0.00093296    -0.00052026     0.00234734
239    -0.01115222     0.00508671    -0.00063682     0.00036316     0.00034810    -0.00111746
240     0.00920096     0.00697595    -0.00392621     0.00041360     0.00018093    -0.00131659
241     0.00193306    -0.00352119     0.02656379    -0.00060243    -0.00130055     0.00157310
242     0.00065406     0.00458238    -0.02495146     0.00037345     0.00082059    -0.00089498
243     0.00321404    -0.00172662    -0.00155614     0.00036122     0.00058072    -0.00070879
244    -0.00202620     0.00909341     0.00848067    -0.00052938    -0.00282070    -0.00604373
245     0.00700852    -0.00445227    -0.00678137     0.00011644     0.00114179     0.00221446
246    -0.00095789     0.00079194     0.00024810     0.00084092     0.00134973     0.00288124
247     0.00858828    -0.00932455     0.01114243    -0.00211143     0.00379577     0.00099989
248    -0.00054964     0.00941843    -0.00110722     0.00123810    -0.00209453    -0.00089431
249    -0.00729438     0.00186491    -0.00786064     0.00136937    -0.00192630    -0.00033198
250     0.00092979     0.00279381    -0.01351346     0.00131344     0.00235712     0.00251798
251     0.00290285     0.00291042     0.00546641    -0.00061509    -0.00145642    -0.00120658
252    -0.00037552    -0.00048270     0.00948859    -0.00044814    -0.00106195    -0.00130644
253     0.01272943     0.00645827     0.00055727    -0.00147132    -0.00127275     0.00060507
254    -0.00780326    -0.00790181    -0.00410706     0.00064380     0.00056749    -0.00021667
255    -0.00454043    -0.00235587     0.00194102     0.00080855     0.00079542    -0.00030717
256    -0.02874129    -0.01375749     0.00918177     0.00016205    -0.00166728     0.00035931
257    -0.00896059    -0.00258982    -0.00145831    -0.00012317     0.00088531    -0.00025839
258     0.03147806     0.01373583    -0.01126631    -0.00001088     0.00078646    -0.00019109
259     0.00445990    -0.00888616     0.01361032     0.00365321    -0.00247088    -0.00203803
260     0.00454644     0.00120250     0.00671277    -0.00146654     0.00125279     0.00078060
261    -0.00989393     0.00883443    -0.01737790    -0.00164514     0.00120803     0.00132309
262     0.01327969     0.00651141     0.01236100    -0.00072483     0.00255449     0.00100186
263     0.00004135     0.00527029     0.00033629     0.00036828    -0.00119631    -0.00063932
264    -0.01258672    -0.00900896    -0.01264532     0.00054901    -0.00145378    -0.00050683
265    -0.00499455    -0.01279785    -0.01044876    -0.00027608    -0.00028562     0.00154293
266    -0.00190660     0.00823939     0.00557424     0.00015241     0.00021666    -0.00079280
267     0.00154181     0.00432220     0.00195392     0.00008592     0.00013147    -0.00084232
268     0.01724493    -0.03971106     0.00289969    -0.00321397     0.01128610    -0.00798691
269    -0.01782169     0.01279885    -0.00378185    -0.00004845    -0.00584196     0.00523123
270     0.00369687     0.02432248     0.00104068     0.00083699    -0.00461514     0.00228665
271    -0.01272323    -0.00432097     0.00118348     0.00336216     0.00606103     0.00118369
272     0.01087167     0.00460377     0.00315012    -0.00184741    -0.00349215     0.00003162
273     0.00182435     0.00567820     0.00002984    -0.00200560    -0.00246577    -0.00061423
274    -0.00942954     0.01211545    -0.02360324     0.00289996    -0.00100126    -0.01117325
275     0.00246233    -0.00130405     0.00007770    -0.00042395     0.00097450     0.00471975
276     0.00498856    -0.01083075     0.01228821    -0.00271054     0.00163425     0.00725376
277     0.00607386    -0.00228974    -0.01500003    -0.00183481    -0.00102953     0.00105930
278    -0.00180853    -0.00154640     0.01168158     0.00077695     0.00044334    -0.00054185
279    -0.00205711     0.00618073     0.00550550     0.00084867     0.00057822    -0.00043988
280    -0.00991461    -0.00929635    -0.01596206     0.00107029    -0.00310411     0.00081737
281    -0.00046444    -0.00226818     0.00877054    -0.00059469     0.00163163    -0.00020854
282     0.00714370     0.00892319     0.00758492    -0.00076458     0.00164091    -0.00055777
283    -0.00131756     0.00004613     0.00229960     0.00037012    -0.00201602     0.00087946
284     0.00337119     0.00132580     0.00081646    -0.00022753     0.00090643    -0.00048610
285    -0.00057445     0.00084588    -0.00020746    -0.00028325     0.00119511    -0.00045484
286     0.00297452     0.02205205     0.00042538    -0.00266178    -0.00066265    -0.00121384
287    -0.00138208    -0.01105870    -0.00152894     0.00128474     0.00034836     0.00042858
288    -0.00120356    -0.01157801     0.00325561     0.00122351     0.00044955     0.00067207
289     0.00063385     0.00131117    -0.00531408    -0.00067800     0.00209730     0.00171482
290     0.00393642    -0.00271572    -0.00523539     0.00034550    -0.00132126    -0.00108119
291    -0.00210462     0.00126406     0.00861526     0.00027448    -0.00088993    -0.00088568
292     0.02139909    -0.00745452    -0.00846342     0.00034498     0.00156838     0.00249266
293    -0.00036169     0.00045119     0.00238045    -0.00013840    -0.00061085    -0.00125730
294    -0.01978236     0.00909664     0.00384309    -0.00002405    -0.00083132    -0.00118537
295     0.01596605     0.00545635     0.01052390    -0.00087712    -0.00432729    -0.00020566
296    -0.01757127    -0.00655154    -0.00065281     0.00063575     0.00189180     0.00010422
297     0.00082182    -0.00003791    -0.00390021     0.00053422     0.00268472     0.00041000
298    -0.00382693     0.00604866    -0.01324319    -0.00041018    -0.00027922     0.00324915
299     0.00716758    -0.00278888     0.01579042     0.00008065     0.00012181    -0.00136325
300    -0.00116723     0.00236285    -0.00029607     0.00011909     0.00028706    -0.00196511
301     0.00477220    -0.01145357    -0.00481270    -0.00291308    -0.00221702    -0.00457386
302     0.00170790     0.00711118     0.00182092     0.00140384     0.00104241     0.00171192
303    -0.01125975     0.00309607     0.00248698     0.00211113     0.00099481     0.00283623
304     0.00590431    -0.01214306     0.00838766    -0.00166196    -0.00219519     0.00053638
305    -0.00140673    -0.00532924    -0.00184257     0.00068911     0.00110682    -0.00034233
306    -0.00167840     0.01722527    -0.00409211     0.00107984     0.00134898    -0.00037459
307     0.00274045    -0.00835535    -0.00136848     0.00046149    -0.00013591     0.00185804
308     0.00223340     0.00310261     0.00135923    -0.00027516     0.00015900    -0.00100461
309     0.00252964     0.00335297    -0.00089186    -0.00029093    -0.00000502    -0.00100402
310     0.01063453    -0.00808558     0.00184254     0.00650727    -0.00603528    -0.00105697
311    -0.00358683    -0.00108260    -0.00109972    -0.00306260     0.00234143     0.00110459
312    -0.01396978     0.01240122     0.00198328    -0.00229677     0.00223415     0.00016035
313     0.00094885    -0.01843796     0.01979277    -0.00433032     0.00364626    -0.00537969
314    -0.00585969     0.01031713    -0.01409895     0.00244053    -0.00302948     0.00349321
315     0.00606551     0.01092733    -0.00568659     0.00141448    -0.00148816     0.00211528
316     0.01036327     0.02045515     0.01889577    -0.00088221    -0.00103678     0.00117062
317    -0.01324895    -0.01230385    -0.01422356     0.00043317     0.00054436    -0.00050827
318    -0.00302729    -0.00685733    -0.00573243     0.00051059     0.00047292    -0.00060004
319    -0.00636252     0.00143534    -0.00116476     0.00009961     0.00274812     0.00081599
320     0.00488334     0.00052184    -0.00093671    -0.00006407    -0.00113454    -0.00030394
321    -0.00220470    -0.00598390     0.00153548     0.00010482    -0.00133828    -0.00044404
322    -0.00569323     0.01439195    -0.00980459     0.00228002    -0.00003387     0.00124658
323    -0.00267565     0.00013747     0.00928200    -0.00124617     0.00001345    -0.00051415
324     0.00790613    -0.01206024    -0.00021963    -0.00121175    -0.00011578    -0.00073326
325     0.00117139     0.02451973     0.00986678     0.00106064    -0.00099549    -0.00285872
326     0.00047049    -0.02267077    -0.00720062    -0.00063220     0.00039616     0.00172700
327    -0.00326848    -0.00346393     0.00161221    -0.00048311     0.00035320     0.00117960
328     0.00078355     0.00587898     0.00131424    -0.00123091    -0.00051511     0.00165845
329     0.00445587    -0.00861676     0.00304494     0.00074553     0.00020611    -0.00088959
330    -0.00808740    -0.00218117    -0.00494737     0.00056173     0.00025267    -0.00093725
331     0.01623637     0.01739214     0.02269436    -0.00477005    -0.00084709    -0.00039621
332     0.00832758    -0.01007571    -0.01293984     0.00209926     0.00020637    -0.00004018
333    -0.01931045    -0.00967246    -0.00741176     0.00194317     0.00042422     0.00034244
334    -0.03367224    -0.00171115     0.00849038    -0.00691348    -0.00434588    -0.00085080
335     0.00975905     0.01348803    -0.00709220     0.00504374     0.00291147     0.00099989
336     0.02165287    -0.00986030    -0.00451712     0.00316954     0.00133099     0.00026635
337     0.00248748    -0.00703992     0.00481434    -0.00242072    -0.00081207    -0.00033692
338     0.00079551     0.00688220    -0.00561813     0.00125222     0.00054905     0.00010079
339    -0.00274845     0.00211486    -0.00055823     0.00107344     0.00030760     0.00008136
340     0.01223353     0.00579951     0.00884128     0.00061433    -0.00149065     0.00103223
341    -0.01244925    -0.00107740    -0.00849770    -0.00031537     0.00063208    -0.00050480
342    -0.00288586    -0.00212902     0.00307712    -0.00038217     0.00078884    -0.00047001
343    -0.00143902    -0.01275394    -0.01046522     0.00369133     0.00292061     0.00131561
344     0.00016708     0.01026576     0.01724445    -0.00155973    -0.00126461    -0.00084891
345     0.00475871    -0.00202316    -0.00831847    -0.00215469    -0.00121631    -0.00064185
346    -0.01074622     0.01312317    -0.01722434    -0.00020600    -0.00387098     0.00121319
347    -0.00012042    -0.00507121     0.01149982     0.00022806     0.00217507    -0.00039350
348     0.00793559    -0.00644573     0.00311167    -0.00016010     0.00189606    -0.00055373
349     0.01059057     0.00719193     0.00065638    -0.00390272    -0.00055637     0.00222008
350     0.00035661    -0.01238606     0.00163116     0.00189048    -0.00001790    -0.00096855
351    -0.00626169     0.00251479    -0.00221031     0.00182264     0.00042983    -0.00081609
352     0.00363516     0.00386124    -0.00385226    -0.00301718     0.00067278     0.00145568
353     0.00075810    -0.00258718    -0.00215987     0.00122703    -0.00031357    -0.00073353
354    -0.00361328    -0.00254426     0.00671284     0.00169207    -0.00059874    -0.00080128
355    -0.01604388    -0.01316772    -0.01581728     0.01327905     0.00315306     0.00995867
356     0.00465914     0.01349156     0.01401806    -0.00417152    -0.00213872    -0.00399717
357     0.00697437     0.00345040     0.00905517    -0.00582375    -0.00028283    -0.00696761
358     0.02633338     0.01383429    -0.01874919    -0.00161078    -0.00711106    -0.00278433
359    -0.00445482     0.00009983     0.00734862     0.00143606     0.00496073     0.00134253
360    -0.02124062    -0.01250417     0.00978743     0.00022738     0.00377774     0.00204713
361    -0.00220786     0.00769202     0.00244424    -0.00054858    -0.00152329     0.00038568
362     0.00504765    -0.00211712     0.00090449     0.00033082     0.00088280    -0.00026465
363    -0.00349099    -0.00428126    -0.00250494     0.00031899     0.00071364    -0.00015710
364    -0.00028780     0.00273792    -0.02812015     0.00015826    -0.00184127    -0.00004914
365    -0.00095685     0.00867761     0.01404146    -0.00006445     0.00078377     0.00004620
366     0.00232102    -0.01065521     0.01568253    -0.00007609     0.00091223    -0.00005804
367     0.03154105     0.03949280    -0.00114391     0.00148254    -0.00147363     0.00239322
368    -0.00478009    -0.02255423     0.01730641    -0.00100545     0.00072638    -0.00137257
369    -0.02328280    -0.01656859    -0.01348092    -0.00074126     0.00098934    -0.00133874
370     0.00058614     0.01719414     0.01643719     0.00184598    -0.00683650    -0.00637706
371    -0.00017918    -0.00993336    -0.00425482    -0.00042053     0.00275653     0.00370150
372    -0.00138438    -0.01246717    -0.01026970    -0.00219139     0.00454257     0.00427806
373     0.00239642     0.01104274     0.00531695    -0.00322006     0.00490397     0.00405128
374    -0.00862385    -0.00385783     0.00743065     0.00098089    -0.00251306    -0.00192753
375     0.00076333    -0.00906877    -0.01268680     0.00241547    -0.00361529    -0.00249134
376     0.00653952     0.00235843     0.00192813     0.00134458    -0.00014553     0.00391673
377     0.00205482     0.00195514    -0.00236755    -0.00101180    -0.00000300    -0.00204915
378    -0.00654681    -0.00529396     0.00097843    -0.00061439     0.00015160    -0.00252042
379     0.00650840    -0.01530740    -0.00218590     0.00032900    -0.00163561     0.00165107
380    -0.00824608     0.01284217     0.00442090    -0.00021964     0.00079206    -0.00069796
381     0.00332268     0.00583821    -0.00286901    -0.00005712     0.00076762    -0.00074197
382    -0.00671175    -0.00439986     0.00543854     0.00409559     0.00686178    -0.00269754
383    -0.00751205     0.00559012    -0.01077740    -0.00186156    -0.00343518     0.00221577
384     0.01245355     0.00020761     0.00221875    -0.00300403    -0.00324171     0.00137651
385     0.00436410    -0.00108790    -0.00195446     0.00525195    -0.00195044     0.00136408
386     0.00144521    -0.00325876     0.00329791    -0.00302947     0.00131262    -0.00126643
387    -0.00281805     0.00298915    -0.00246800    -0.00195441     0.00083737    -0.00060639
388    -0.01004943    -0.01376062    -0.00935709     0.00014953    -0.00115928     0.00219151
389     0.00020703     0.00292682     0.00371214    -0.00012548     0.00066731    -0.00101130
390     0.01304968     0.00948123     0.00217442    -0.00017562     0.00050884    -0.00114845
391     0.02555308     0.00640951    -0.00561782    -0.00282893    -0.00277299    -0.00110806
392    -0.01267462    -0.00013733     0.00197845     0.00127814     0.00154939     0.00077610
393    -0.01165542    -0.00606508     0.00045497     0.00197132     0.00172981     0.00063289
394    -0.00855314     0.00738613    -0.01614764     0.00111588    -0.00286530     0.00272833
395     0.00356456     0.00077494     0.00246140    -0.00043364     0.00185163    -0.00163813
396     0.00576991    -0.00748366     0.00953146    -0.00033706     0.00116842    -0.00114642
397    -0.00712013     0.00063196    -0.00356345     0.01249643    -0.01818386     0.00703617
398     0.00628193     0.00707651    -0.00471394    -0.00927357     0.00894329    -0.00350594
399     0.00393172    -0.00543479     0.00465321    -0.00508383     0.00632596    -0.00052144
400    -0.00759470    -0.01243574    -0.02512425     0.00002508     0.00361592     0.00691701
401    -0.00330052     0.00089208     0.01750881     0.00014124    -0.00110773    -0.00288764
402     0.00459023     0.00943046     0.00467336     0.00062896    -0.00223165    -0.00479076
403     0.00504231    -0.00836179    -0.01866601    -0.00176492     0.00049602     0.00155782
404    -0.00514733     0.00504665     0.01309763     0.00071624    -0.00020252    -0.00068101
405    -0.00183643     0.00127608     0.00414753     0.00090455    -0.00038928    -0.00084964
406    -0.00327316    -0.00068700    -0.00137793    -0.00452258     0.00020559    -0.00200862
407     0.00679280     0.00313942     0.01391449     0.00178300     0.00007201     0.00087048
408    -0.00097770    -0.00192323    -0.01546410     0.00255259     0.00000355     0.00071775
409     0.00155464     0.00287409    -0.00780124    -0.00040403     0.00136638     0.00199803
410    -0.00217303    -0.00241967    -0.00124452     0.00034226    -0.00074146    -0.00115254
411    -0.00270326    -0.00107137     0.00630655     0.00018259    -0.00053287    -0.00088291
412     0.01427414     0.01757990    -0.01465967     0.00157257    -0.00006728    -0.00434762
413    -0.00553477    -0.01907977     0.00101647    -0.00079682    -0.00027929     0.00203943
414    -0.00733315    -0.00318002     0.01142258    -0.00100895     0.00010084     0.00298002
415     0.01049966     0.02648040     0.01302253    -0.00040939    -0.00086025     0.00192090
416    -0.00647870    -0.00553185    -0.00036693     0.00010737     0.00046665    -0.00102573
417    -0.00767390    -0.02053052    -0.01058041     0.00023479     0.00050545    -0.00089739
