 Number of water molecules:
          47

 Atomic and electronic energies:
    -0.62789696    -0.08249919

 Atomic coordinates:
  1     0.89813092     6.62923721    11.24056972
  2     2.25325011     6.84792367    12.60452369
  3     1.97507238     6.12531974     9.70921962
  4     5.83249866     8.16043114    -7.16476124
  5     7.51140763     9.05965157    -7.46853099
  6     6.24831204     6.32219756    -6.73797028
  7    -5.69266951     6.64574327     0.64054109
  8    -4.45230778     5.53884487    -0.17644136
  9    -6.48524191     5.51020566     1.96812850
 10     2.17881321     9.18181447    -3.67205936
 11     1.41628060     7.38528136    -3.67149490
 12     3.58858276     9.07633024    -5.06299586
 13     2.72280585     1.05651525    -8.44048911
 14     4.28823061     2.21745136    -8.21362697
 15     1.33677107     1.98166091    -7.49895373
 16     0.30345375     2.37077093     1.95419187
 17     0.50237058     2.53647248     0.04993664
 18    -0.18584240     4.17513501     2.40659473
 19    -1.00157015    -2.37995642    -4.11497140
 20     0.98794969    -2.40022064    -4.17203956
 21    -1.54251925    -1.18046528    -5.53121086
 22     0.91488106    -0.29691291     6.13684987
 23     0.67234010     0.62493352     4.47905437
 24     0.09011822    -2.00208737     5.89101957
 25    -3.39740460    -2.00114901     0.25885781
 26    -2.75173311    -0.54763211     1.18253098
 27    -2.31928469    -2.05119344    -1.37462350
 28    -5.07521444    -0.62609672     6.62173364
 29    -4.41212743     0.41631707     8.02632264
 30    -3.97055876    -2.19357184     6.64092250
 31    -7.74693685     3.96253685    -7.36749154
 32    -9.06097257     4.30892916    -8.72208699
 33    -7.55142986     5.64224513    -6.33890728
 34    -7.15059048    -7.61795151     4.37994402
 35    -8.35842893    -6.11084191     4.18516286
 36    -5.98306074    -7.05698596     5.80235522
 37     8.87843649    -5.86847764     0.87913469
 38    10.01069667    -5.97205225     2.43141075
 39     7.14913400    -5.37161025     1.56850391
 40    -2.72855928     7.22767680     7.89541701
 41    -1.61910063     7.69635997     9.41735873
 42    -3.65801002     5.64692566     8.32563844
 43    -2.84225083     1.50167608    -6.95805618
 44    -1.87008547     2.45570264    -5.58477182
 45    -4.52950468     2.39966090    -7.30751715
 46     7.16052782     5.48726590     4.20935622
 47     6.11868575     6.41283176     2.88756798
 48     8.82535656     5.20476082     3.36627522
 49     6.46940196    -7.80179802    -3.23228276
 50     5.21123551    -9.11542048    -2.71804934
 51     7.63153042    -7.45997413    -1.74105481
 52     4.82163702    -1.97424033     0.43580743
 53     4.64171708    -2.34608606    -1.46536280
 54     3.99168789    -3.44785571     1.31516916
 55    -0.99733974    -6.63478639     1.53944465
 56    -1.63614210    -4.98864512     0.73816679
 57    -1.51801406    -8.10603340     0.36127960
 58     6.94987188     3.32332799    -6.40658389
 59     7.87711488     1.73945491    -7.00266910
 60     7.18727522     3.41213139    -4.49580393
 61    -7.32319507     2.89776524     3.36141181
 62    -6.44771538     1.63023189     4.52317702
 63    -8.73295706     2.03683332     2.50698552
 64    -7.21024022    -5.17483444    -2.36668658
 65    -6.39919182    -4.57303543    -0.75386450
 66    -7.59465002    -3.54613128    -3.36228271
 67    -2.20343837    -4.93041545     6.24141000
 68    -2.07464468    -5.67838709     4.34302191
 69    -0.95308363    -5.84010135     7.34248908
 70     7.09597190     0.02416252     4.55415923
 71     7.10384075     1.86687085     4.31764657
 72     6.07255028    -0.78851226     3.14525016
 73     3.81713866     7.67534795     0.97689715
 74     2.10273938     7.63288578     1.84947952
 75     3.48937104     8.45142313    -0.72915795
 76    -6.78002315    -9.72571359    -0.26457341
 77    -7.19164759    -8.03280161    -1.12860566
 78    -7.09758040    -9.58573852     1.68556739
 79    -9.31855950    -2.99498565     4.42715454
 80   -10.03286143    -1.69406483     3.25824312
 81    -7.80649959    -2.13659375     5.30780724
 82     9.27220172    -1.16553275    -7.45205768
 83     8.53065234    -2.77761913    -8.20064764
 84    10.13989799    -1.56320537    -5.88378835
 85    -6.74860891     8.06089151    -4.63547134
 86    -6.90818125     7.77721422    -2.75907668
 87    -5.16408686     9.07159231    -4.91429607
 88    -2.38695567    10.80034893    -5.60639482
 89    -1.99467507    10.39270623    -7.36426705
 90    -0.99054613    10.21203178    -4.49606179
 91     2.95898188   -11.30039728    -2.19081028
 92     1.23198416   -10.49524441    -2.22438492
 93     2.81489187   -12.92014787    -1.24318785
 94    -1.86511918     2.27517550     9.78535480
 95    -0.98135606     3.82023794    10.43604860
 96    -0.49705126     1.41317772     8.74789828
 97     6.10661994    -5.83051257    -7.65894753
 98     5.02627131    -6.94992435    -8.66962739
 99     6.55435068    -6.74523677    -6.03678498
100    -7.83002627     0.46428648    -3.02975801
101    -6.17306657     0.70325013    -2.14241341
102    -7.62728373     1.49753511    -4.62912243
103    -1.93251795   -10.02426342    -2.53919572
104    -3.70644572   -10.53063605    -2.10849608
105    -2.01905381    -9.06944866    -4.21689908
106   -11.10646101     0.38720683     0.96704602
107   -12.81405577     1.03368965     0.47835178
108   -10.00603919    -0.09936811    -0.62609978
109     6.18995418     3.61931587    -1.13336985
110     5.14308666     5.18605960    -0.70724929
111     5.18246571     2.02677366    -0.74343121
112    -1.74484680    -6.93956894    -6.34325006
113    -1.90648368    -5.44294284    -5.11639783
114    -1.50946486    -6.06194922    -8.06615294
115     4.85904879    -2.81393109     7.95866157
116     6.30117555    -1.86082269     7.07622105
117     3.45084816    -1.58832582     7.46649872
118    -1.48934529    -2.58257737   -10.18294466
119    -2.60052571    -1.39859230    -9.10301877
120     0.17558529    -1.56712402   -10.49326669
121    -6.00711191    11.92278628     0.62108547
122    -4.72106658    12.23672449    -0.76565416
123    -5.95807264     9.99278497     0.88065923
124     3.73692193     4.47250978     7.71860293
125     4.99485056     5.13898445     6.45765027
126     2.99140482     2.97356194     6.90717455
127     2.14565814    -6.81642986     8.34525944
128     3.18765665    -5.15908352     8.20693938
129     3.18622761    -7.82238463     9.53471545
130    10.37435037    -1.67821398    -1.93430822
131     9.37646546    -0.49760640    -0.93496554
132     9.99685450    -3.45335426    -1.30463265
133     3.74379346    -6.05374415     3.13578432
134     2.12511474    -6.64609729     2.28165346
135     3.65740626    -6.40717660     5.00868908
136     3.90617205    -2.38859832    -4.67996764
137     3.67523861    -1.09017336    -6.13634789
138     4.91350044    -3.83701180    -5.50919827
139    -1.06816809     7.04861682     3.29524895
140    -1.63465873     7.29998552     5.11100162
141    -2.52359575     7.69049104     2.14939540

 Atomic and electronic forces:
  1     0.02686646     0.00214736     0.01614192     0.00042232     0.00066889     0.00366591
  2    -0.01872866     0.00032518    -0.00610139    -0.00028428    -0.00026908    -0.00149279
  3    -0.00253903    -0.00359927    -0.00299299    -0.00047161    -0.00036720    -0.00222369
  4     0.00585568     0.01083223     0.00774430     0.00809424     0.00516058    -0.00479868
  5    -0.01291536    -0.00857183     0.00001652    -0.00288451    -0.00177265     0.00147803
  6     0.00550067    -0.00078401    -0.00826365    -0.00516628    -0.00169699     0.00259196
  7     0.00344684     0.02487890    -0.00870259    -0.01256910     0.00704121     0.00946503
  8     0.01197889    -0.01301939    -0.01077989     0.00845229    -0.00380287    -0.00665777
  9    -0.01258850    -0.00612106     0.01211873     0.00472058    -0.00134597    -0.00419565
 10     0.00400922    -0.04576773    -0.01875792     0.00981299     0.01817052    -0.00141657
 11     0.01158621     0.02972543    -0.00057608    -0.00656342    -0.01099787     0.00138540
 12    -0.01397576     0.00949521     0.01505826    -0.00477251    -0.00580246     0.00196659
 13     0.00665035     0.02337042     0.01987530     0.00755686    -0.00736038    -0.01215046
 14    -0.00931707    -0.01695548    -0.00746062    -0.00480533     0.00195168     0.00491553
 15     0.00263570    -0.00786160    -0.01475758    -0.00385858     0.00469259     0.00904393
 16    -0.00469074     0.00835597    -0.03859589     0.00454445    -0.00669967     0.02174160
 17     0.00521580    -0.01474830     0.01531718    -0.00420535     0.00507414    -0.01141023
 18    -0.00201717     0.00446559     0.02299909    -0.00114878    -0.00027272    -0.01007471
 19     0.02391489     0.01657648     0.00406485    -0.00100801    -0.01715209    -0.00309052
 20    -0.02487296    -0.00796178    -0.00212767    -0.00180371     0.00758672     0.00135499
 21    -0.00174667    -0.00903527     0.00201557     0.00150429     0.00842118     0.00404133
 22     0.00393884    -0.00234981     0.00982505     0.00122371    -0.00307311     0.00670632
 23    -0.00117423     0.00786728    -0.01042381    -0.00094585     0.00215087    -0.00495066
 24    -0.00471284    -0.00434457     0.00284608    -0.00027736     0.00189900    -0.00286466
 25     0.00529529    -0.01669748    -0.03164087    -0.00505368    -0.01204305     0.00631962
 26     0.00845583     0.02479065     0.02682950     0.00240517     0.00588772    -0.00540108
 27    -0.01310007    -0.00922643     0.00561906     0.00198853     0.00787040    -0.00197787
 28    -0.01201384    -0.00901948    -0.02332410    -0.00221850    -0.00241419     0.00507484
 29     0.00925830     0.01755153     0.02235503     0.00080019     0.00079618    -0.00248385
 30     0.00022684    -0.00900907    -0.00160349     0.00075321     0.00147846    -0.00231986
 31     0.00587373     0.01309601     0.01053098    -0.00976025    -0.00020435    -0.00601431
 32     0.00522556    -0.00088778     0.00668264     0.00326302    -0.00007241     0.00219177
 33    -0.00477851    -0.01532892    -0.01348971     0.00559403    -0.00129145     0.00269230
 34     0.00341255     0.01358713     0.01280444    -0.00146739    -0.00268281     0.00170276
 35     0.00123357    -0.00587239    -0.00056930     0.00099731     0.00133752    -0.00094856
 36    -0.00399449    -0.00842813    -0.00869549     0.00061590     0.00131120    -0.00104461
 37     0.00287858     0.00224924     0.01747988     0.00263054    -0.00273384     0.00109965
 38    -0.00437033    -0.00100368    -0.01166049    -0.00113696     0.00106608    -0.00059082
 39     0.00263654    -0.00442571    -0.00295594    -0.00142054     0.00170936    -0.00084849
 40     0.00181953     0.01928755    -0.00231782    -0.00097639     0.00164584     0.00561412
 41    -0.00520284    -0.00736353    -0.00586617     0.00015090    -0.00066808    -0.00227179
 42    -0.00465789    -0.00977184     0.00746330     0.00068312    -0.00040158    -0.00275789
 43     0.00743893     0.01255406     0.01763283    -0.01042832    -0.01245954    -0.01813467
 44    -0.02119643    -0.00468813    -0.01781677     0.00527270     0.00681464     0.01026092
 45     0.00776908    -0.00241186     0.00049792     0.00582628     0.00275238     0.00650366
 46    -0.00150354    -0.00362946    -0.00567991     0.00489243     0.00093787     0.00462132
 47    -0.00621548     0.00583132     0.00184288    -0.00324317    -0.00116209    -0.00290924
 48     0.01053661    -0.00044955     0.00080574    -0.00247603    -0.00031479    -0.00171137
 49     0.01896046     0.01687337    -0.00524721     0.00217012    -0.00362381    -0.00004673
 50    -0.01385585    -0.01820190     0.00668671    -0.00079540     0.00178892    -0.00004733
 51    -0.00259218    -0.00109354     0.00197460    -0.00116677     0.00162363    -0.00018994
 52    -0.00305202     0.01819881    -0.02126812     0.00629562    -0.00688608     0.00407830
 53     0.00298365     0.00088890     0.00741697    -0.00345409     0.00419202    -0.00105623
 54    -0.00116529    -0.01217515     0.00866620    -0.00197428     0.00314950    -0.00185990
 55    -0.00660761     0.00065238    -0.01359529    -0.00014662    -0.00548984     0.00233743
 56    -0.00279549    -0.01543772     0.00287724     0.00038895     0.00383659    -0.00157925
 57     0.00168892     0.01382026     0.00634359     0.00016272     0.00244758    -0.00067727
 58    -0.00875799     0.00534489     0.00574987     0.01069040    -0.00109691    -0.00448813
 59     0.00682418    -0.00420167     0.00083468    -0.00384998     0.00107119     0.00172472
 60     0.00300367    -0.00471217    -0.00170147    -0.00604720     0.00050075     0.00099862
 61     0.03668703     0.01251397     0.01635395    -0.00672208    -0.00106773     0.00667041
 62    -0.00634769     0.00133146     0.00031190     0.00245769     0.00102415    -0.00333863
 63    -0.02944744    -0.01781761    -0.01076851     0.00334811     0.00081628    -0.00234647
 64    -0.00373896     0.02841531    -0.01140488    -0.00358599    -0.00517252     0.00032814
 65     0.00251255     0.00031116     0.00340136     0.00193081     0.00298897    -0.00075785
 66     0.00115113    -0.02158701     0.00991524     0.00255750     0.00287439     0.00016276
 67    -0.01376400    -0.00011031    -0.06563039    -0.00052934    -0.00330085     0.00343418
 68     0.00295938     0.01399967     0.06174600     0.00029095     0.00214083    -0.00162821
 69     0.01333931    -0.01351274     0.00263158     0.00002751     0.00136319    -0.00144139
 70     0.00340274    -0.02511786     0.00452283     0.00396756    -0.00202893     0.00393759
 71    -0.00021016     0.02727239    -0.00334641    -0.00237254     0.00064746    -0.00228624
 72     0.00293312     0.00346656    -0.00464745    -0.00243289     0.00172751    -0.00227231
 73    -0.00769606    -0.01426567     0.00164443     0.00954508     0.00782839     0.00888541
 74     0.00307308     0.00463366     0.00781571    -0.00328585    -0.00417999    -0.00583024
 75    -0.00021315     0.01576810    -0.00744728    -0.00522511    -0.00563093    -0.00310959
 76     0.00010464    -0.00652648     0.01932788    -0.00136523    -0.00312022     0.00062061
 77    -0.00087539    -0.00851124     0.00913743     0.00098964     0.00186237    -0.00028633
 78     0.00368799     0.01003465    -0.03357228     0.00066054     0.00142059    -0.00048926
 79     0.02608929    -0.00150134     0.01699886    -0.00291330    -0.00240432     0.00254924
 80    -0.01264945     0.00861548    -0.01112104     0.00190749     0.00118307    -0.00129651
 81    -0.01383152    -0.00807601    -0.00375851     0.00145535     0.00128172    -0.00173822
 82    -0.02645481     0.00847896    -0.03975161     0.00461021    -0.00245775    -0.00199979
 83     0.00489579     0.00461839     0.00794590    -0.00189940     0.00143231     0.00104917
 84     0.01888737    -0.01295686     0.03584381    -0.00226619     0.00118989     0.00057528
 85    -0.00197908    -0.01618375     0.00095912    -0.01140711     0.00761603    -0.00299189
 86    -0.00446280     0.00456203     0.00481618     0.00607764    -0.00374506    -0.00023373
 87     0.00495265     0.01417476    -0.00358383     0.00485603    -0.00541308     0.00193279
 88    -0.02861873    -0.00129498     0.02089576    -0.00335222     0.01303185    -0.00448604
 89     0.00889035    -0.00067253    -0.02612442     0.00117603    -0.00536276     0.00335007
 90     0.02132325     0.00438109     0.00506473     0.00041090    -0.00845485     0.00174600
 91     0.01792897     0.00518013     0.00231580     0.00074474    -0.00315532     0.00017760
 92    -0.01439158    -0.00237286    -0.00356700    -0.00024415     0.00186653    -0.00010425
 93    -0.00315642    -0.00628515     0.00194113    -0.00026919     0.00130926    -0.00014014
 94     0.00298665    -0.00835546    -0.01015461    -0.00038579    -0.00061980     0.00468304
 95     0.00119013     0.01198440     0.01221193     0.00003174     0.00002764    -0.00221692
 96    -0.00662525    -0.00664981    -0.00048966    -0.00006801     0.00058201    -0.00269411
 97     0.01446573     0.02987870    -0.00873793     0.00256689    -0.00379849    -0.00173771
 98    -0.01263282    -0.01703286    -0.01121306    -0.00091262     0.00179018     0.00089982
 99     0.00013590    -0.01143983     0.01220195    -0.00123538     0.00186618     0.00050622
100     0.01189136     0.00457754    -0.00489294    -0.01135854    -0.00583749    -0.00030642
101    -0.00145141    -0.00792676     0.00845876     0.00726925     0.00460041    -0.00095808
102    -0.01355154    -0.00095155    -0.00558068     0.00613045     0.00230709     0.00158380
103     0.01397668    -0.00004291     0.01161768    -0.00035289    -0.00401951     0.00013603
104    -0.01621489    -0.00186994     0.00359410     0.00036667     0.00178845    -0.00011100
105    -0.00047005     0.00155031    -0.00428283     0.00023215     0.00229040     0.00020965
106     0.03311494    -0.01272704    -0.01732037    -0.00529217    -0.00186455     0.00203057
107    -0.00179935    -0.00114172    -0.00961371     0.00229749     0.00057058    -0.00066426
108    -0.03120429     0.01562791     0.02381171     0.00335658     0.00150964    -0.00084492
109    -0.01076471    -0.00541028    -0.00952363     0.01465358    -0.00077658     0.00440123
110     0.00785049    -0.01003461     0.00751298    -0.00776752    -0.00160863    -0.00337216
111     0.00745162     0.00864598     0.00344763    -0.00729108     0.00242973    -0.00302931
112     0.00066043     0.02908616    -0.01781712    -0.00055953    -0.00570918    -0.00171687
113     0.00250609    -0.01122147    -0.00642449     0.00051754     0.00400308     0.00089280
114    -0.00362785    -0.01362843     0.01329946     0.00023925     0.00279960     0.00137939
115     0.00667034     0.02137866    -0.00938706     0.00159334    -0.00194673     0.00316819
116     0.00637778    -0.01279009     0.00544076    -0.00111156     0.00093034    -0.00162167
117    -0.01082334    -0.00848068     0.00873785    -0.00083482     0.00111323    -0.00211762
118     0.02091226     0.03391659     0.01420973    -0.00076121    -0.00567028    -0.00592910
119     0.01083982    -0.01291796    -0.01699764     0.00130420     0.00361206     0.00390348
120    -0.02919675    -0.02102203     0.00335569    -0.00035377     0.00280287     0.00356273
121     0.01926061    -0.02751585    -0.01288764    -0.00401092     0.00597511     0.00281389
122    -0.01118082     0.00852494     0.00850744     0.00192787    -0.00393899    -0.00111562
123    -0.00996473     0.01921241     0.00371646     0.00298362    -0.00340957    -0.00226155
124    -0.00802734     0.01346334     0.01430200     0.00220563     0.00023812     0.00538117
125     0.01578542     0.00577634    -0.00564783    -0.00162729    -0.00032791    -0.00275156
126    -0.00939800    -0.02173600    -0.00645081    -0.00120293     0.00032650    -0.00325772
127     0.00460281     0.01386239    -0.00885174     0.00056897    -0.00214342     0.00226332
128    -0.00653665    -0.00384909     0.00221125    -0.00046659     0.00109220    -0.00134812
129     0.00178365    -0.01477489     0.01073599    -0.00028566     0.00086536    -0.00092298
130     0.01475451    -0.02065046    -0.02305989     0.00458161    -0.00238423     0.00050144
131    -0.01554655     0.01732167     0.01781954    -0.00288568     0.00130533    -0.00063675
132     0.00014924     0.00353764     0.00296545    -0.00190888     0.00134686    -0.00032674
133     0.01482975     0.00695174    -0.00791864     0.00177601    -0.00402664     0.00248327
134    -0.00628423    -0.00435360     0.00963864    -0.00062327     0.00235622    -0.00117685
135    -0.00856474    -0.00544747    -0.00042639    -0.00066306     0.00158277    -0.00122926
136    -0.00147465     0.01777918    -0.01262165     0.00679719    -0.00985882    -0.00244996
137     0.00691488    -0.01638207     0.01041488    -0.00401117     0.00494745     0.00286959
138    -0.00419793     0.00459885     0.00108312    -0.00224411     0.00323568     0.00098737
139    -0.00219202     0.00322390    -0.05390438    -0.00046901     0.00642815     0.01385407
140    -0.00824482     0.00346166     0.01603401     0.00044904    -0.00183651    -0.00461492
141     0.01389972    -0.00458323     0.02786503     0.00206351    -0.00447561    -0.00648942
