 Number of water molecules:
         100

 Atomic and electronic energies:
    -1.45105843    -0.09934692

 Atomic coordinates:
  1     8.06570999     1.51495215    12.56563780
  2     8.79005589    -0.04934041    11.72028225
  3     7.99407147     2.72030193    11.19950911
  4    -7.22883194     8.32782344     7.62890078
  5    -5.43758456     7.79486002     8.06348421
  6    -7.07837659     9.39505431     6.08298981
  7     2.94453105     7.94170182    12.18989777
  8     3.24613211     6.96770011    13.83065815
  9     4.00647149     7.02921245    10.85644309
 10    -8.40934773     8.97299095    -8.36472960
 11    -9.39178219     7.41535485    -8.87526073
 12    -7.14880414     9.09748997    -9.79041235
 13   -13.67893456     2.67440555     5.62437950
 14   -12.91432428     4.39472626     5.64102573
 15   -14.69739771     2.56736333     3.99460217
 16     8.49783017     8.00177330   -10.48402145
 17     9.99276348     8.12552711    -9.24898286
 18     7.59910154     6.31286480   -10.07248630
 19     5.69764633    -5.90884910   -14.23267688
 20     4.51663296    -4.48159314   -13.76802705
 21     5.07409604    -6.55822408   -15.94244513
 22    -1.58656888     4.84380737     0.32415046
 23    -1.64230127     5.69784368    -1.39552476
 24    -3.39406179     4.79964731     0.94814252
 25     2.90733812    -0.11271965    12.50849167
 26     2.72108236    -0.31946304    10.66606761
 27     4.79114442     0.33697163    12.89225107
 28     1.83788236     9.30017743    -5.60660733
 29     2.71436971     7.90942836    -4.65139635
 30     2.83719679    10.94585795    -5.37671431
 31    -7.52781241     5.67116430    12.98692981
 32    -7.21910367     3.96541403    12.23633631
 33    -8.37619934     6.77541293    11.80535168
 34    10.67886341    -5.75519232     9.35838933
 35     9.69636785    -4.05717373     9.06565392
 36     9.34838665    -7.17718277     9.28159474
 37     2.26092253     1.80449542    -9.76593089
 38     3.83789697     2.81673399    -9.29586197
 39     1.96669102     0.57342922    -8.33086231
 40     0.32966780     0.30694403     2.15918761
 41     1.92301561    -0.15513255     1.11228429
 42    -0.23079442     1.95579251     1.44599146
 43    -2.41814817    -2.83814154    -4.82114003
 44    -0.58075415    -2.57570210    -5.21710891
 45    -3.32804642    -1.16026231    -4.70310123
 46     2.25468606     0.33486936     6.89593759
 47     1.58796443     0.69550978     5.05019724
 48     1.33713493    -1.24750997     7.38511581
 49    -2.94968223    -3.34770809     0.51590349
 50    -1.84045670    -1.87746850     1.14612875
 51    -2.75074238    -3.31984747    -1.39881393
 52    -1.15739726    11.54079677     3.78787675
 53    -0.17506539    10.10648248     4.63271817
 54    -1.15847318    12.82415759     5.15366064
 55    -7.34058509     2.04745675     6.74401191
 56    -6.40163344     1.41133277     8.22032223
 57    -8.89954570     1.01811482     6.57265610
 58   -14.39827962     0.47490209     0.00234816
 59   -13.37810841    -0.68012907     1.22484960
 60   -14.96356911    -0.59397640    -1.49994440
 61    -5.27593729     4.09618314   -10.75408215
 62    -7.20822833     3.93124310   -10.73578201
 63    -4.86477241     5.82858513   -11.53547925
 64    12.47460754     7.86808001    -6.74871823
 65    12.01781755     5.96650555    -6.80079705
 66    14.22588614     7.96945779    -6.12254957
 67    -5.52347836    -8.62334370     6.89512110
 68    -6.53763969    -8.75194906     5.28005230
 69    -4.66720237    -6.92922961     6.85374686
 70    -7.45456007    -6.02343586   -10.31416620
 71    -8.47405182    -4.42573922   -10.58658380
 72    -5.65599672    -5.74695049    -9.76752441
 73     7.89331371    -7.40223742     1.27214373
 74     9.57847531    -7.75605408     2.10613956
 75     6.70563944    -7.41605883     2.71133827
 76    14.52229682    -2.27796679     3.49952543
 77    13.16043275    -1.03878621     3.95445001
 78    15.73550419    -2.17226330     4.97879454
 79    -2.39922145     6.93348078     8.33163289
 80    -1.21972890     8.31286704     8.94794478
 81    -2.29531281     5.59565181     9.66150819
 82     4.67381740    11.01210087   -12.31659466
 83     6.04953154    10.05056017   -11.31866709
 84     4.91083549    10.18915693   -14.06830716
 85    -4.08266606     2.23386055    -6.13230507
 86    -3.19329028     3.93621180    -5.68907484
 87    -4.32419958     2.50679312    -8.03629226
 88     0.67746043   -12.07441718     9.67719344
 89    -1.11701981   -12.07832579    10.15958726
 90     0.50507654   -12.67590022     7.84366593
 91     8.67044718     5.41352580     3.44785806
 92     7.30513254     6.60774774     2.65923563
 93    10.03911140     5.54159302     2.03845508
 94     8.63365520    -8.96687598    -3.55316921
 95     7.55456675   -10.47144304    -3.62110833
 96     8.39676282    -8.26770764    -1.78223962
 97     8.26129747    -2.25905682     0.28679727
 98     6.61833609    -1.45395778    -0.19880215
 99     7.83666136    -4.08988689     0.64989291
100    -0.13768946    -7.81687128     1.92040254
101    -0.91662579    -6.09504333     1.64528835
102    -0.26652184    -8.62156616     0.17065950
103   -11.36505373    11.14870318    -4.71376215
104   -12.15780861    12.54129582    -5.76580461
105    -9.97341304    10.45781993    -5.91667997
106    13.96696471    -8.39033772    -3.27964971
107    12.11178682    -8.82260095    -3.22902667
108    14.60462562    -8.86989729    -5.08191255
109   -11.31323861     9.50218680     0.68821926
110   -11.44821203     9.71169650    -1.22698544
111    -9.55433305    10.20722712     1.05358132
112    12.29806359    -7.19280457     4.66424636
113    13.20240268    -5.60077574     3.97156480
114    11.90663206    -6.67664584     6.56274680
115     6.44176129     4.05364789    -7.91895336
116     8.28287044     3.45476951    -7.51086115
117     5.54846093     5.04803376    -6.41358081
118    11.44027503     5.25441001    -0.66839869
119     9.86919522     5.06721234    -1.82916021
120    12.23182645     3.52498342    -0.75398729
121    -6.25048682     4.62973656     2.59011569
122    -6.55813914     3.75311218     4.26979129
123    -7.78987758     4.22623987     1.53638416
124    15.00159392    -3.48479123    -1.88690883
125    15.00607406    -3.28933455    -0.00105966
126    14.85844555    -5.39785222    -2.09081989
127   -14.26322887    -2.82299772    -3.90518193
128   -12.92012857    -3.49236236    -2.84737777
129   -15.02942448    -4.34029446    -4.69948492
130    -9.01543212    -3.94808527    -3.14092866
131    -8.35162782    -4.56824378    -1.45322386
132    -8.51667970    -2.19079351    -3.60334758
133     0.93962432    -4.51291704     8.29921069
134     1.82873909    -5.71833930     9.54448768
135    -0.87855550    -4.68391067     8.87293652
136     9.97442042     0.28363636     4.50024567
137     9.70628883     2.19179436     4.37352426
138     9.57676122    -0.30825577     2.76770812
139     2.48006727    12.68642594     0.41516294
140     2.27503438    13.85853064    -1.11901252
141     0.75162079    12.51191290     1.27766879
142     5.17380190     8.32911205     1.26677344
143     3.67687895     7.50721536     2.13199824
144     4.59593542    10.00369362     0.64269456
145    -6.69239526   -10.51748783     0.71834923
146    -5.21043445   -10.66246953    -0.56889611
147    -6.82566706    -8.66131841     0.95581952
148    -7.32924591    -5.61934448     1.43702689
149    -8.74967480    -4.48751106     2.20455209
150    -5.72431415    -4.61044450     1.30183116
151     0.50569767   -12.41639569     4.26299495
152     0.51288741   -10.51966366     3.80318590
153    -1.19687379   -13.10049918     3.69932655
154     6.52164870   -13.34157049    -5.76824599
155     7.93355377   -14.32379743    -6.46563994
156     5.86402501   -12.27157932    -7.24449052
157     9.37496675    -3.26593202   -10.46716964
158     8.40428198    -3.86393589   -11.99075278
159     8.28640267    -3.68156376    -8.99065599
160    -3.80852008     6.02319519    16.28450904
161    -5.34451819     5.66462746    15.10479393
162    -4.47614404     7.17734236    17.65151002
163    11.21987184     2.82377322    -6.77655618
164    11.97529718     1.78294544    -8.22343288
165    11.47763565     1.87652081    -5.11992558
166    -2.57920670     6.87978333    -4.45412948
167    -3.84954631     8.30045669    -4.41846559
168    -1.00141452     7.82276630    -5.16581463
169     6.51197848    -9.26736282    -9.21350604
170     6.38918069    -7.89579256   -10.50276095
171     7.93180967    -8.66740798    -8.17228070
172    -5.55749670     0.50006804    11.31070116
173    -5.16484197    -1.39970586    11.32541010
174    -3.95938269     1.35130085    11.86006959
175    -4.62050468   -12.69006655     9.61729429
176    -4.91982158   -11.05436265     8.66246572
177    -5.72786898   -14.05192443     8.92129430
178    -2.52270313     1.51374359   -14.63082554
179    -1.42218189     3.06727562   -14.56142772
180    -3.76921908     1.66817682   -13.21520530
181    -5.30961008    11.01067893    -2.74841801
182    -5.42533135    10.74160117    -0.86414384
183    -7.03088684    11.14504295    -3.47846482
184     4.66098928    13.25088739     5.43991746
185     6.16943385    14.34923991     5.46132893
186     4.10142957    12.94979782     3.68064382
187   -13.45558508    -8.34200332     1.69919281
188   -14.98725728    -9.34796022     2.21240478
189   -12.46798903    -9.47765722     0.60006861
190    -5.13211591   -14.74601873     3.28953812
191    -4.85634212   -15.92662442     1.80143818
192    -5.97897893   -13.12392695     2.72786375
193    12.68753115     0.25750081   -10.46257030
194    13.46647575     0.19235884   -12.13305279
195    11.43890166    -1.29722862   -10.52030012
196     0.05764584     9.83474770   -10.27301411
197     1.72349933    10.47544278   -10.96714149
198     0.53285452     9.46094697    -8.41043030
199     4.70378045    13.56670377    -5.25633109
200     5.28970897    14.70624562    -6.61691237
201     6.36518721    13.16257050    -4.37441960
202     0.23706652     5.51877378   -12.88501803
203     0.04410553     7.15947865   -11.81860345
204     0.87846505     4.12050327   -11.68794068
205   -12.06723616    -3.36242408     2.61629758
206   -12.07545282    -3.11711493     4.50565365
207   -12.52704019    -5.22017336     2.20435115
208     2.67586662   -13.50155887    -2.33792036
209     3.83277386   -13.63308164    -3.84652157
210     3.73281054   -14.00818598    -0.88004731
211     5.07699809   -14.82523161     2.40732519
212     3.46172769   -14.07767508     2.89842011
213     5.85441808   -15.40412035     4.10218171
214     1.03633943    11.40505034     8.99511258
215     1.90680231    10.39644686    10.38940562
216     2.46491503    11.93079407     7.81069129
217    -3.94010760   -10.21291890    -6.36401659
218    -5.79585501    -9.71481049    -6.21236277
219    -3.27941144    -8.96026363    -7.71427835
220    -1.35839687     3.40424726    12.19557989
221    -2.03023383     4.63174187    13.51117973
222     0.28283233     2.50909842    12.70109617
223   -11.03228638   -11.61241904    -1.61736602
224    -9.47890849   -11.50888951    -0.42359404
225   -10.34199948   -10.92364630    -3.25949272
226     7.20681607    -4.33424884    -5.78866157
227     8.08136658    -2.91855810    -4.85645517
228     7.39344316    -6.05702988    -4.88951539
229    -5.09303387     9.26291088   -12.27131206
230    -3.31825096     9.90474991   -11.85403210
231    -5.83822646    10.73619487   -13.18189737
232   -11.52795915    -1.59221095     7.58960635
233   -12.59965389    -0.13723957     6.88560008
234   -11.81680917    -1.55598512     9.39944731
235   -11.78996887     0.00526211    -7.57165947
236   -13.15026548    -0.87034050    -6.64477731
237   -10.48290884     0.45147389    -6.14211293
238    -8.37118213     1.11827554    -3.92722827
239    -6.67009256     1.87468639    -4.53999337
240    -8.97525721     2.17360066    -2.47913973
241     7.29820400    -9.19826806     7.99244211
242     8.46530759   -10.41843207     7.06815684
243     6.02013979    -8.36923544     6.78610138
244     9.18300282    10.90534096    -3.76699199
245     9.52423296    10.12257590    -2.07410117
246    10.27930027     9.95592972    -4.97019026
247    -2.20182276   -11.36029835    -1.79644320
248    -2.90187512   -10.91261075    -3.57176993
249    -0.48567922   -12.21769793    -2.04142357
250   -10.53938794     3.97957814    -0.21683729
251   -11.14518309     5.72610365    -0.02944048
252   -12.11216778     2.83586328    -0.44126079
253   -11.74716811     7.40757330     5.19713424
254   -10.22513230     7.85504387     6.14635074
255   -11.64503098     8.50842299     3.54353256
256     4.39364666     5.67737105    -3.25308366
257     4.93767528     6.39875039    -1.64690507
258     3.81279141     3.85899955    -2.99180323
259    -2.71724892    -5.82217462    -9.04259853
260    -2.83548332    -5.14029388    -7.27181059
261    -1.44877799    -4.82961461   -10.05971706
262     7.79509891    -1.61012794     8.57518049
263     8.90414939    -0.64239649     7.18954534
264     6.02023692    -1.22987898     7.96573913
265     1.83024296    -2.15572737   -13.18141588
266     0.35788965    -1.66084217   -14.24599053
267     2.29750109    -0.60626453   -12.10199833
268    -6.05307070     9.62198481     2.16260144
269    -4.38309441    10.30585193     2.71646153
270    -6.09285596     7.79950845     2.63729131
271     5.94542416     4.03380733     8.20587390
272     6.91463390     4.72209958     6.69770705
273     4.40443092     3.38412768     7.30437529
274     2.93133216    -7.95484045    11.48194247
275     4.73488934    -8.14384177    11.15196156
276     2.02273990    -9.46580708    10.62875405
277    11.91888710     0.51088226    -2.22310729
278    10.50094440    -0.67463434    -1.52465342
279    13.46429826    -0.69420936    -2.24132163
280     0.75285261    -4.27896399    14.38878303
281     2.05290408    -5.47092905    13.65275623
282     1.67452237    -2.56023111    14.01740923
283    -8.79645868    -8.68447315    -5.81581632
284    -8.48176006    -8.04839583    -7.68485660
285    -8.64452056    -7.10092734    -4.77876013
286     4.15155658    -6.54686019     4.89961221
287     3.18701027    -5.30870037     5.98522281
288     2.71637048    -7.05017545     3.65466777
289     2.47629552    -1.81065527    -5.92111282
290     2.98569279    -0.75915878    -4.38667282
291     4.03745212    -2.93704477    -6.16880579
292     0.94856152     6.69064838     4.44270420
293    -0.36860130     6.46799443     5.86177161
294     0.18505304     5.93835006     2.89811005
295   -10.27800285     4.21595660   -10.26004046
296   -11.93250150     4.39633625   -11.22280956
297   -10.57901832     2.70491112    -9.14043897
298    -3.36265308    -4.41552232    11.31868681
299    -2.08876325    -4.16150499    12.73771329
300    -4.39302244    -5.93833910    11.84124301

 Atomic and electronic forces:
  1     0.00638234    -0.03369284     0.03045019     0.00101478     0.00031808     0.00365316
  2    -0.00502774     0.00039734     0.00616980    -0.00069467     0.00005037    -0.00197363
  3    -0.00847683     0.03660678    -0.03127606    -0.00064252    -0.00040536    -0.00212940
  4    -0.00651020     0.00252630     0.00298326    -0.00200391     0.00140653     0.00159572
  5     0.00373283    -0.00477174     0.00195662     0.00105794    -0.00082079    -0.00104537
  6     0.00165763     0.00639773    -0.00610280     0.00105547    -0.00084953    -0.00070749
  7     0.01639890    -0.01954815     0.00100500    -0.00026790     0.00160374     0.00287229
  8    -0.00502509     0.01092247    -0.01215630     0.00008452    -0.00058363    -0.00134016
  9    -0.00710941     0.00489608     0.00899206     0.00003148    -0.00099169    -0.00182254
 10    -0.00821385    -0.00229102     0.00228709    -0.00217526     0.00149462    -0.00118977
 11    -0.00474839    -0.00564105     0.00560977     0.00112627    -0.00058917     0.00061436
 12     0.01231934     0.00665260    -0.00347214     0.00101784    -0.00078776     0.00074695
 13    -0.01624925    -0.03217696    -0.01125914    -0.00200229     0.00027145     0.00079589
 14     0.00988388     0.02674259     0.00084692     0.00102269    -0.00024707    -0.00042580
 15     0.00590920     0.00118660     0.00942528     0.00099586    -0.00012201    -0.00028854
 16    -0.00128218    -0.01471552     0.01437342     0.00172639     0.00310813    -0.00366718
 17    -0.00918193     0.00149371    -0.01148503    -0.00122312    -0.00165719     0.00166177
 18     0.01061299     0.01807414    -0.00260525    -0.00102021    -0.00181731     0.00262674
 19    -0.00084116    -0.00285483    -0.01018136     0.00040806    -0.00171604    -0.00355148
 20    -0.00847327     0.00375309     0.00035689    -0.00004961     0.00083898     0.00217028
 21     0.00709312     0.00417106     0.01655940    -0.00008454     0.00067366     0.00143067
 22     0.02170905    -0.00585842    -0.00311525    -0.01043027     0.00804318     0.00339895
 23    -0.00780052     0.00246476    -0.00325299     0.00454404    -0.00415831    -0.00013510
 24    -0.01252780    -0.00017576     0.00562185     0.00392540    -0.00231769    -0.00129076
 25     0.02745977     0.01005898     0.03343344    -0.00037825    -0.00010564     0.00409898
 26     0.00155231     0.00212728    -0.02447159     0.00033130     0.00012374    -0.00270345
 27    -0.02535976    -0.00371211    -0.00896188    -0.00008357    -0.00001012    -0.00197875
 28    -0.01664917     0.00729786    -0.00936321    -0.00179225     0.00687785    -0.00315827
 29     0.01383858    -0.00225695     0.00718740     0.00097549    -0.00510694     0.00212993
 30     0.00191270    -0.00317522     0.00058726     0.00037776    -0.00291876     0.00107469
 31     0.01997434    -0.01714113     0.03748393    -0.00131364     0.00060453     0.00161848
 32    -0.00334925    -0.00826705    -0.01025034     0.00077208    -0.00025034    -0.00092624
 33    -0.01804169     0.01991093    -0.03258809     0.00070372    -0.00036344    -0.00074261
 34    -0.01482737     0.02079636    -0.00967865     0.00194137    -0.00177113     0.00319193
 35     0.01043434    -0.02777533     0.00875551    -0.00112396     0.00086531    -0.00211129
 36     0.00614648     0.00970017     0.00047403    -0.00077242     0.00108861    -0.00157944
 37     0.00011843     0.00459717    -0.00022310    -0.00235921     0.00167727    -0.01016432
 38     0.00168135    -0.00273927    -0.00175569     0.00026301    -0.00170517     0.00552565
 39    -0.00029647    -0.00383722    -0.00123780     0.00218266    -0.00011371     0.00677440
 40     0.04810955    -0.02592359    -0.02468289    -0.01742905     0.00054562     0.01627144
 41    -0.02988040     0.00443919     0.02412772     0.00890800     0.00122864    -0.00996238
 42    -0.01888627     0.02533064    -0.00351699     0.00802026    -0.00292605    -0.00540305
 43    -0.01509606    -0.01177462     0.01864104    -0.00993406    -0.00467913    -0.00531568
 44     0.01017688     0.00870660    -0.00895411     0.00553545     0.00334524     0.00462116
 45     0.00338970     0.00575004    -0.01052854     0.00512484     0.00100766     0.00227566
 46    -0.00090413     0.01815741    -0.04497871    -0.00254122     0.00013374     0.01047205
 47     0.00785059    -0.00717901     0.03853678     0.00287342    -0.00048000    -0.00684143
 48    -0.00678931    -0.01625055     0.00845389     0.00139415     0.00067749    -0.00424618
 49     0.01970939     0.01075000    -0.00425984    -0.01030597    -0.00493962     0.00290604
 50    -0.01124293    -0.00784530     0.00448778     0.00672162     0.00218525    -0.00299279
 51    -0.00616101    -0.00343260    -0.00069361     0.00571915     0.00285014    -0.00003091
 52     0.00205756    -0.01747459     0.00055266    -0.00177426     0.00368508     0.00173471
 53    -0.00413153    -0.00172261    -0.01134970     0.00096011    -0.00211965    -0.00132803
 54    -0.00473623     0.01855374     0.01196050     0.00063545    -0.00147258    -0.00078221
 55     0.00138252     0.01839802    -0.03136846    -0.00320487     0.00050165     0.00228531
 56     0.01098365    -0.01011141     0.02930440     0.00144353    -0.00016031    -0.00131975
 57    -0.01449430    -0.01059986     0.00308854     0.00146603    -0.00008815    -0.00090205
 58     0.01203790    -0.00011231     0.01624950    -0.00233865     0.00002841     0.00018546
 59    -0.01482982     0.00491576    -0.01885865     0.00127545     0.00006664    -0.00019591
 60     0.00547565    -0.00117539     0.00496719     0.00111293     0.00004895     0.00000207
 61     0.00524909     0.00249607    -0.00470523    -0.00292346     0.00116207    -0.00287773
 62     0.00365670     0.00666289    -0.00100664     0.00134378    -0.00042584     0.00109584
 63    -0.00614729    -0.01019642     0.00420173     0.00118402    -0.00071853     0.00131943
 64    -0.03055635    -0.01831842    -0.00474525     0.00355571     0.00323959    -0.00228195
 65     0.00684463     0.01329082    -0.00036484    -0.00240085    -0.00172707     0.00164745
 66     0.02026145     0.00194636     0.00531878    -0.00170145    -0.00129332     0.00079008
 67    -0.00159748     0.00701378    -0.00869800    -0.00210597    -0.00190448     0.00181259
 68     0.00123521    -0.00188196     0.00372541     0.00118032     0.00098028    -0.00074146
 69    -0.00054122    -0.00026397     0.00184709     0.00130090     0.00103865    -0.00122169
 70    -0.03730822    -0.00793610     0.00018027    -0.00233722    -0.00125988    -0.00179096
 71     0.01607526    -0.00514179     0.00301545     0.00119174     0.00044155     0.00086433
 72     0.01106419     0.00955974    -0.00389366     0.00139151     0.00084787     0.00118623
 73     0.01854202     0.00575692    -0.02043599     0.00438298    -0.00844049     0.00307889
 74     0.00960529    -0.00129217     0.00190278    -0.00203781     0.00291467    -0.00131640
 75    -0.02544944     0.00021239     0.02142666    -0.00146235     0.00407211    -0.00224738
 76     0.01097446    -0.00578224     0.00776601     0.00506428    -0.00127394     0.00243411
 77    -0.01310411     0.00509022    -0.00040956    -0.00303644     0.00047149    -0.00182841
 78     0.00055450    -0.00426857    -0.00808265    -0.00191922     0.00041376    -0.00106969
 79     0.00687646     0.01381860    -0.01068945    -0.00215163     0.00214686     0.00317918
 80    -0.00125569     0.00551347     0.00100779     0.00077480    -0.00113485    -0.00147958
 81     0.00079362    -0.01730212     0.01297160     0.00098164    -0.00079679    -0.00167367
 82     0.01938412    -0.03323383    -0.01784288     0.00010524     0.00245423    -0.00249638
 83    -0.00647591     0.01284409     0.00066333    -0.00027414    -0.00145860     0.00148133
 84    -0.01104699     0.01887321     0.01789886    -0.00006912    -0.00098017     0.00125491
 85     0.02653869     0.02735778    -0.00361439    -0.00732723     0.00167380    -0.00415859
 86    -0.01424689    -0.01750562     0.00742528     0.00378553    -0.00184244     0.00215798
 87    -0.00776716    -0.00606215     0.00020934     0.00261890    -0.00066416     0.00203272
 88     0.01446705    -0.00230977    -0.03313790    -0.00058321    -0.00205922     0.00187233
 89    -0.03216715    -0.00180807     0.02123581     0.00038934     0.00090463    -0.00085779
 90     0.01536164     0.00367983     0.00687018     0.00034524     0.00121867    -0.00088272
 91    -0.00937748     0.01179516    -0.03092220     0.00613678     0.00685585     0.00676459
 92     0.01079872    -0.00955866     0.02062679    -0.00227739    -0.00458035    -0.00305142
 93    -0.00259971    -0.00463079     0.01867002    -0.00369338    -0.00324096    -0.00225364
 94     0.01744479     0.03622886    -0.00032427     0.00321247    -0.00647866    -0.00149704
 95    -0.01780590    -0.03324233    -0.00708261    -0.00094866     0.00291695     0.00060422
 96    -0.00004100    -0.00182060     0.00892056    -0.00203781     0.00395624     0.00014752
 97    -0.00829382     0.01330826    -0.01243824     0.01971972    -0.01167532     0.00840249
 98     0.00062499    -0.00087168     0.00298108    -0.01035058     0.00684522    -0.00514218
 99     0.00785256    -0.01168652     0.00492476    -0.00572247     0.00622706    -0.00314413
100     0.01090076     0.00845372    -0.01428717    -0.00390529    -0.00715804     0.00305886
101    -0.00848860     0.00241362     0.00598311     0.00319791     0.00383792    -0.00193350
102    -0.00297144    -0.00906415     0.01046759     0.00183983     0.00361662    -0.00066112
103     0.02124942     0.00300732    -0.02033572    -0.00178231     0.00124202    -0.00037041
104    -0.00238437    -0.00586305     0.01102642     0.00073638    -0.00055093     0.00019315
105    -0.01563343    -0.00222437     0.01052961     0.00099658    -0.00071387     0.00031210
106     0.01632476    -0.00622266    -0.03660990     0.00345347    -0.00303743    -0.00062324
107    -0.00613068    -0.00219896    -0.00103735    -0.00179347     0.00203394     0.00038973
108    -0.01168585     0.00911780     0.03768428    -0.00145013     0.00126743     0.00049796
109     0.02063961     0.00592160    -0.01892289    -0.00210816     0.00125125     0.00029586
110    -0.01056094     0.00219009     0.00501085     0.00105125    -0.00063255    -0.00001747
111    -0.00630373    -0.00459622     0.00593216     0.00111719    -0.00080427    -0.00020674
112    -0.00221462     0.03982676     0.02798974     0.00327081    -0.00295607     0.00244207
113    -0.00785321    -0.02130646     0.00509373    -0.00207951     0.00133821    -0.00124481
114     0.00663549    -0.01639032    -0.03505477    -0.00139844     0.00123656    -0.00143433
115    -0.01562800     0.01182014     0.03148957     0.00366104     0.00625047    -0.01089054
116    -0.02409144     0.01483687     0.00444903    -0.00313850    -0.00245635     0.00477060
117     0.03891862    -0.02543974    -0.03297716    -0.00143697    -0.00516775     0.00540136
118    -0.04000170     0.00552497    -0.01977331     0.00868751     0.00575679     0.00105310
119     0.03017914     0.00982765     0.01675116    -0.00541334    -0.00444972     0.00028948
120     0.01085909    -0.00870180    -0.00320687    -0.00491376    -0.00187379    -0.00047897
121     0.01645729     0.00675273    -0.00991700    -0.00482245     0.00200720     0.00189675
122    -0.00338394    -0.00615512     0.01257187     0.00213982    -0.00069329    -0.00114860
123    -0.01193268    -0.00245158    -0.00447305     0.00223428    -0.00073755    -0.00056927
124    -0.00438509    -0.00773993     0.00391125     0.00574420    -0.00200878    -0.00017385
125     0.00413215     0.00839673     0.01279993    -0.00286600     0.00095160    -0.00040605
126     0.00081823     0.00023246    -0.01275597    -0.00243969     0.00129344     0.00012481
127    -0.03051951     0.01478330    -0.01795281    -0.00224300    -0.00037294    -0.00029845
128     0.03684548    -0.01066525     0.02211988     0.00129233     0.00028157     0.00010554
129    -0.00883091    -0.00827832    -0.00794335     0.00098049     0.00023380     0.00016607
130    -0.01004216    -0.03495118    -0.00725226    -0.00394829    -0.00124718    -0.00050980
131     0.00248089     0.01086300    -0.00089945     0.00212219     0.00080674     0.00000120
132     0.00667735     0.01792651     0.00755879     0.00230429     0.00044141     0.00039220
133     0.00395869    -0.00521967     0.00420587    -0.00181422    -0.00260084     0.00546020
134     0.00125764     0.00416657    -0.00439888     0.00046515     0.00117204    -0.00219334
135    -0.00759776     0.00691381     0.00199508     0.00106073     0.00101050    -0.00216331
136     0.00612106     0.02750365     0.01212033     0.00795922    -0.00016074     0.00804094
137     0.00186253    -0.00057036     0.00747992    -0.00386261    -0.00123562    -0.00404649
138    -0.00510814    -0.02036783    -0.01937184    -0.00597259     0.00079186    -0.00458402
139     0.00063867     0.01060068    -0.01285238    -0.00070520     0.00497897     0.00076028
140    -0.00049693    -0.01263006     0.01465905     0.00031223    -0.00216431    -0.00005615
141     0.00548848     0.00060191    -0.00356693     0.00065311    -0.00228585    -0.00051732
142     0.01173655    -0.03672967    -0.00073330     0.00122001     0.01043562     0.00354926
143    -0.00423969     0.00890711     0.00820423     0.00042406    -0.00540139    -0.00270686
144    -0.01270508     0.02576331    -0.00428623    -0.00014880    -0.00402872    -0.00087655
145     0.02469726    -0.02618863    -0.02203123    -0.00242299    -0.00237836     0.00047927
146    -0.01189591    -0.00969768     0.01830803     0.00129930     0.00149550    -0.00011761
147    -0.01030842     0.03101661     0.00904491     0.00153556     0.00122859    -0.00033391
148    -0.03644587     0.00562115     0.01286070    -0.00404186    -0.00202799     0.00101613
149     0.02143880    -0.01359631    -0.01058951     0.00183069     0.00066079    -0.00051970
150     0.01343398     0.01250273     0.00166767     0.00276078     0.00132238    -0.00077134
151     0.00053843     0.01229321    -0.00218986    -0.00101317    -0.00350408     0.00159350
152    -0.00578047    -0.01851732     0.00025805     0.00077285     0.00226856    -0.00112015
153     0.00187492     0.00105608     0.00176591     0.00062360     0.00154498    -0.00059974
154    -0.02264174     0.01811994    -0.00343471     0.00064683    -0.00366466    -0.00118148
155     0.01771037    -0.01504982    -0.00637794    -0.00039002     0.00149439     0.00051902
156     0.00384220    -0.00163923     0.00710521    -0.00026250     0.00190549     0.00089501
157     0.00044344    -0.00230115    -0.01479407     0.00311795    -0.00218993    -0.00550189
158    -0.00026371    -0.00303883    -0.00740157    -0.00095912     0.00096431     0.00243782
159    -0.00706360    -0.00432214     0.01869223    -0.00190884     0.00191175     0.00359662
160    -0.01356897    -0.00132986    -0.00783162    -0.00078135     0.00056016     0.00173045
161     0.01287438     0.00792364     0.01090390     0.00049803    -0.00028110    -0.00086408
162     0.00397037    -0.00476392    -0.00485448     0.00032921    -0.00026160    -0.00072506
163    -0.01916187     0.02568800     0.02567482     0.00743969     0.00263308    -0.00564033
164     0.00594635    -0.00874097    -0.00620843    -0.00282382    -0.00052933     0.00245809
165     0.00935677    -0.00492578    -0.00387109    -0.00509862    -0.00105352     0.00250719
166     0.03409720     0.00756517    -0.01425204    -0.00566373     0.00548415    -0.00245265
167    -0.01368654     0.00602710     0.00754572     0.00204860    -0.00203128     0.00074192
168    -0.01445674    -0.01339808     0.01019007     0.00220841    -0.00319790     0.00156068
169    -0.00504180     0.00033196    -0.00386006     0.00095980    -0.00391082    -0.00322459
170    -0.01239789    -0.00054355    -0.01814411    -0.00046572     0.00173826     0.00194390
171     0.01649431    -0.00264196     0.01971789    -0.00093118     0.00221009     0.00168141
172    -0.01162008    -0.02076523    -0.00488516    -0.00190764     0.00005276     0.00249694
173    -0.00076592     0.01130774     0.00039490     0.00094564     0.00016258    -0.00129154
174     0.01548823     0.00966455     0.00364084     0.00086753    -0.00011788    -0.00141497
175     0.01260494    -0.00477926     0.01485039    -0.00102516    -0.00150099     0.00129168
176    -0.00737010     0.00182036    -0.00770467     0.00067740     0.00083609    -0.00075392
177    -0.00286996     0.00081730    -0.00578877     0.00049069     0.00070572    -0.00051441
178     0.00410482    -0.01676451    -0.00740911    -0.00166235     0.00029231    -0.00327011
179     0.00210197     0.00864847     0.00245240     0.00074730    -0.00036246     0.00174748
180    -0.00477226     0.00658537     0.00478831     0.00111583    -0.00018699     0.00165436
181     0.01619664    -0.00166948    -0.00709361    -0.00260489     0.00292606    -0.00034338
182    -0.00622706    -0.00156570     0.00437593     0.00137341    -0.00148489    -0.00009040
183    -0.01318576     0.00265079    -0.00104791     0.00118047    -0.00113804     0.00020893
184    -0.01107134    -0.01096736     0.02473346     0.00011161     0.00333263     0.00178519
185     0.01153126     0.00890933    -0.00281364    -0.00020337    -0.00146537    -0.00072582
186    -0.00385633     0.00048847    -0.02190417     0.00002121    -0.00203827    -0.00083334
187    -0.01807492     0.01977149     0.02040320    -0.00183924    -0.00089117     0.00032842
188     0.00183256     0.00289779     0.00008500     0.00076437     0.00038110    -0.00014605
189     0.01644367    -0.01994423    -0.02236965     0.00093766     0.00054492    -0.00011512
190     0.00907383    -0.01058097     0.00160191    -0.00125555    -0.00201384     0.00063849
191    -0.00588455     0.01363944     0.00780127     0.00056055     0.00100039    -0.00020100
192     0.00047432    -0.00252440    -0.00975810     0.00081052     0.00106083    -0.00033265
193    -0.01910934    -0.02959171     0.00629942     0.00364100    -0.00002860    -0.00387213
194     0.01787793     0.00526633    -0.02588524    -0.00134472     0.00001913     0.00155268
195     0.01223903     0.02089607     0.00794081    -0.00184257     0.00041533     0.00232023
196    -0.00090034    -0.00819972     0.01952702    -0.00133312     0.00306354    -0.00283977
197     0.00630275     0.00778335    -0.01220245     0.00035993    -0.00147331     0.00138090
198    -0.00745934     0.00688280    -0.01182281     0.00085493    -0.00213772     0.00162327
199     0.01055769    -0.00572401     0.01596045     0.00014660     0.00410599    -0.00117691
200    -0.00542152     0.01169137    -0.01849017    -0.00012101    -0.00163944     0.00058772
201    -0.00416789    -0.01056562     0.00376915    -0.00036646    -0.00221588     0.00050331
202     0.00405710     0.00306880     0.01878788    -0.00140436     0.00183323    -0.00406478
203     0.00272084    -0.01806510    -0.01303391     0.00075683    -0.00124367     0.00189375
204    -0.00466884     0.01228442    -0.00858134     0.00090730    -0.00102687     0.00281294
205     0.00373632    -0.01199546    -0.01783741    -0.00262995    -0.00057866     0.00066095
206    -0.00059992    -0.00275151     0.01002377     0.00121101     0.00024794    -0.00044504
207    -0.00127845     0.01222873     0.00991686     0.00118189     0.00038386    -0.00025917
208    -0.01883885     0.01181825    -0.01016468    -0.00045047    -0.00424280    -0.00029036
209     0.00549401    -0.00097840    -0.00698275     0.00004353     0.00204611     0.00036322
210     0.01150633    -0.00951000     0.02180103     0.00005456     0.00202787    -0.00007741
211     0.04055317    -0.01888135     0.02162595     0.00021083    -0.00326258     0.00083811
212    -0.03719169     0.01646859     0.00808111     0.00008041     0.00175796    -0.00053628
213    -0.00808343     0.00554031    -0.02937103    -0.00015481     0.00138347    -0.00049299
214     0.00646016    -0.00349318    -0.01122498    -0.00068755     0.00238440     0.00225380
215    -0.00416745    -0.00050487     0.00462768     0.00024361    -0.00105750    -0.00124552
216    -0.00319613     0.00412173     0.00308383     0.00021562    -0.00141586    -0.00113381
217     0.00415189     0.02550763    -0.01580556    -0.00235080    -0.00300727    -0.00144641
218    -0.00249701    -0.01026548     0.00433649     0.00124257     0.00123304     0.00060156
219    -0.00099960    -0.01655633     0.01194051     0.00126517     0.00155071     0.00107851
220     0.00088724    -0.00477772    -0.01257791    -0.00131974     0.00074135     0.00323175
221     0.01207399    -0.00624343     0.01142700     0.00053850    -0.00037548    -0.00129131
222    -0.01352308     0.01067760     0.00621918     0.00048878    -0.00027868    -0.00176025
223     0.01932362     0.00683343     0.01515298    -0.00173671    -0.00134793    -0.00002123
224    -0.01458022    -0.00422523    -0.01022436     0.00095635     0.00081852    -0.00007059
225    -0.00500698    -0.00023275    -0.00819875     0.00095618     0.00073212     0.00012086
226    -0.01318471    -0.00178619     0.00256446     0.00653612    -0.01032561    -0.00979342
227     0.00673210    -0.01551057     0.00201118    -0.00578798     0.00494366     0.00509083
228     0.00809469     0.01744405    -0.00444640    -0.00255070     0.00494538     0.00276657
229     0.01465359     0.00938697     0.00584460    -0.00158878     0.00152892    -0.00184990
230    -0.00004713    -0.01249894     0.00422169     0.00074980    -0.00095567     0.00103738
231    -0.00989285     0.00210408    -0.00830510     0.00063666    -0.00066076     0.00074378
232    -0.00179468     0.00566722    -0.03864881    -0.00211290    -0.00024359     0.00121823
233     0.00353263     0.00093074    -0.00029116     0.00104033     0.00002288    -0.00051806
234    -0.00304428    -0.00210447     0.03643789     0.00089266     0.00009923    -0.00060616
235     0.04381672     0.02658937     0.01049637    -0.00259868    -0.00004369    -0.00099680
236    -0.02111139    -0.01569473     0.01327400     0.00119028     0.00007787     0.00035692
237    -0.01782046    -0.00806676    -0.02298719     0.00164330    -0.00001983     0.00052588
238     0.01462163    -0.00931082    -0.01651094    -0.00482684     0.00032509    -0.00094707
239    -0.01325072    -0.00661813     0.00141134     0.00299653    -0.00043708     0.00084948
240    -0.00575113     0.01365502     0.01411265     0.00226879    -0.00032842     0.00017130
241     0.00049762    -0.00288856    -0.00144301     0.00100996    -0.00295737     0.00297676
242    -0.01348538     0.01020420     0.00110810    -0.00061179     0.00148243    -0.00119143
243     0.00980337    -0.00897004     0.00196200    -0.00045460     0.00200034    -0.00193108
244    -0.01116787     0.00385980     0.01396332     0.00237294     0.00509919    -0.00111366
245    -0.00010196     0.00342496     0.00289644    -0.00156076    -0.00289918     0.00017808
246     0.01157715    -0.00547235    -0.01642768    -0.00146994    -0.00234645     0.00085734
247    -0.00114998     0.01108574    -0.00439492    -0.00226815    -0.00409341    -0.00014198
248     0.01052142    -0.00971473     0.00537538     0.00122523     0.00191451     0.00037981
249    -0.00450695    -0.00212603    -0.00445429     0.00082036     0.00218539     0.00011443
250     0.00258589    -0.03722689    -0.00992713    -0.00338040     0.00085146     0.00029315
251    -0.01364729     0.02771584     0.00563000     0.00143750    -0.00051048    -0.00013713
252     0.00935079     0.00992673     0.00707813     0.00147499    -0.00023289    -0.00009434
253    -0.02520053     0.01194737    -0.04547923    -0.00198820     0.00088864     0.00083317
254     0.02922820     0.00284748     0.02693468     0.00101332    -0.00053162    -0.00053600
255    -0.00960877    -0.02211662     0.02340788     0.00101636    -0.00052734    -0.00032272
256    -0.01292252    -0.04253104    -0.03809650     0.00075368     0.02103062    -0.00702791
257     0.01032477     0.01931520     0.03743949    -0.00100673    -0.00901010     0.00037081
258     0.00383786     0.02155470     0.00197812     0.00113049    -0.01198964     0.00501024
259     0.00305144    -0.00983590    -0.00810912    -0.00324529    -0.00284604    -0.00361784
260     0.00618735     0.01275152     0.00746885     0.00236454     0.00180592     0.00200285
261     0.00040221     0.00090947     0.00396417     0.00149007     0.00134542     0.00230106
262     0.02095430     0.02209142    -0.04504002     0.00233174    -0.00118662     0.00633878
263    -0.02044713    -0.02652183     0.03094484    -0.00198848     0.00039231    -0.00356506
264    -0.00108917    -0.00280180     0.00843442    -0.00082869     0.00064995    -0.00414605
265     0.02121056     0.00018508     0.01632661    -0.00104762    -0.00108397    -0.00515308
266    -0.01247725     0.00870177    -0.00722123     0.00063309     0.00032600     0.00211081
267    -0.00898573    -0.00861396    -0.00928644     0.00060582     0.00030010     0.00334843
268    -0.01385154     0.02826729    -0.00758976    -0.00282894     0.00256315     0.00100894
269     0.01712372     0.00622860     0.00629376     0.00132770    -0.00153876    -0.00064973
270    -0.00024783    -0.02783391     0.00284265     0.00174924    -0.00127090    -0.00070320
271     0.00553130     0.01058112    -0.02420400     0.00121652     0.00257419     0.00673214
272     0.01123799     0.00540239     0.01144703    -0.00122675    -0.00195959    -0.00366072
273    -0.01441377    -0.01105217     0.01450617    -0.00008622    -0.00153049    -0.00439817
274    -0.03560746     0.00791842    -0.00484598    -0.00027361    -0.00183251     0.00291267
275     0.03449907    -0.01170137    -0.00704040    -0.00007104     0.00098373    -0.00148774
276     0.00899132     0.00093550     0.01141663     0.00022797     0.00103587    -0.00129881
277    -0.01835505    -0.03322988     0.00883553     0.01295795     0.00015320    -0.00100533
278     0.02175485     0.01758323    -0.00478524    -0.00834031     0.00141196    -0.00015651
279    -0.00430933     0.00646152    -0.00332218    -0.00450423     0.00051209     0.00031533
280     0.02540429     0.03735280    -0.01090276    -0.00058526    -0.00076748     0.00270737
281    -0.00795868    -0.02086761     0.00270952     0.00020032     0.00053767    -0.00143110
282    -0.02446591    -0.01660093     0.01094344     0.00025404     0.00028190    -0.00156647
283     0.01345864     0.01033983    -0.04409839    -0.00242250    -0.00165940    -0.00082293
284    -0.01216436    -0.01427072     0.03372203     0.00117978     0.00077028     0.00058545
285    -0.00604092     0.01093584     0.00849057     0.00151115     0.00086064     0.00039676
286    -0.02342943    -0.00530339    -0.03256849     0.00009206    -0.00682371     0.00650630
287     0.00141954     0.00446612     0.01756290     0.00047019     0.00273644    -0.00374767
288     0.01949425    -0.00512274     0.01077336     0.00077689     0.00403249    -0.00289032
289     0.02505079     0.00925383     0.02760450    -0.00784938    -0.00974581    -0.02062146
290    -0.01191853    -0.00705128    -0.01719491     0.00478328     0.00450728     0.01188606
291    -0.01015058    -0.00316835    -0.01007413     0.00042905     0.00538377     0.00808948
292     0.00956729     0.00484221     0.01959939    -0.00334116     0.00632759     0.00592434
293     0.00655279     0.00094083    -0.00647483     0.00156683    -0.00207091    -0.00248033
294    -0.01660085    -0.00770588    -0.01651271     0.00292710    -0.00396351    -0.00312708
295    -0.01418109     0.01163244    -0.01087628    -0.00224507     0.00060734    -0.00136713
296     0.01086248     0.00069400     0.00294165     0.00091938    -0.00023374     0.00055727
297    -0.00297492    -0.01351059     0.00811411     0.00126971    -0.00020724     0.00066146
298    -0.01099263    -0.00380508    -0.00385265    -0.00163350    -0.00099472     0.00276431
299     0.00802121    -0.00093732     0.00430531     0.00061171     0.00042470    -0.00138373
300     0.00172248     0.00237574    -0.00146992     0.00071697     0.00051179    -0.00111195
