 Number of water molecules:
         100

 Atomic and electronic energies:
    -1.42986328    -0.11819922

 Atomic coordinates:
  1     7.46255081     1.97794557    12.56329779
  2     8.19080484     0.70324684    11.29927795
  3     7.37672648     3.64120689    11.65331413
  4    -6.26047401     8.70914644     7.35929608
  5    -4.56207277     8.09581721     7.88705698
  6    -6.25915490     9.58166370     5.61734609
  7     4.22328960     8.02420824    11.47621446
  8     3.88927357     6.78445731    12.81068520
  9     4.93890498     6.98388604     9.99960449
 10    -8.69756315     8.76667449    -8.16834544
 11    -9.27686081     7.06979821    -8.66573274
 12    -7.14117913     9.05557063    -9.26427617
 13   -13.61721560     2.03899712     5.89203873
 14   -12.96383505     3.80370620     5.74294071
 15   -14.28711085     1.79245126     4.16998657
 16     8.15479746     9.30679752    -9.26639409
 17     9.79953430     9.37066430    -8.37474927
 18     7.38134857     7.56627874    -9.06716647
 19     5.24496142    -5.62502189   -13.64869421
 20     3.68260906    -4.63220000   -13.39038895
 21     5.04252402    -6.28209123   -15.43107514
 22    -1.41443665     4.68122789     0.14925250
 23    -1.54725799     5.63065175    -1.52764553
 24    -3.25679845     4.77568097     0.74424727
 25     2.32842340     0.93603714    12.51798899
 26     2.45230588     1.25801478    10.66093808
 27     4.10138662     0.78008799    13.07708426
 28     1.91308636     9.00984820    -5.27734180
 29     3.15276761     7.90304638    -4.11825238
 30     2.49877649    10.79254971    -4.98645517
 31    -7.48714140     6.03125638    12.15780816
 32    -6.86439493     4.31095661    11.52239215
 33    -7.70620146     7.08991169    10.55048897
 34    10.96212305    -5.86765214     9.07960610
 35    10.01686162    -4.16318710     9.31533915
 36     9.72785323    -7.34913386     9.20644566
 37     2.65173953     2.01024001   -10.14103572
 38     4.38619843     2.79797428    -9.88022106
 39     2.07613655     1.30317431    -8.45160025
 40     0.50988812     0.39426486     2.20714203
 41     2.14525754    -0.09778445     1.22220493
 42     0.09750510     2.08104436     1.39721109
 43    -2.50389806    -2.35090456    -5.41351361
 44    -0.60216378    -2.09117227    -5.71242938
 45    -3.29304375    -0.66738546    -5.72093429
 46     2.76155812    -0.03302663     7.24368534
 47     1.71962170     0.23145957     5.65304354
 48     2.30621518    -1.84273302     7.79332744
 49    -2.65059889    -3.50620473     0.13132280
 50    -1.49906704    -2.24509380     1.08036607
 51    -2.46644433    -2.76599115    -1.68518790
 52    -1.35673374    11.77347247     2.99377578
 53    -0.61727886    10.06045726     3.43403881
 54    -1.47888043    12.68582265     4.64719176
 55    -7.38461686     2.14397029     6.13263710
 56    -6.72061811     1.68808304     7.90593159
 57    -9.25062484     1.47241514     6.15113641
 58   -13.66556734     0.57347362     0.89586699
 59   -12.96644072    -1.04050197     1.85557019
 60   -14.58182028    -0.06172512    -0.69171829
 61    -5.79600396     3.75406090   -11.61600288
 62    -7.70261608     3.67818905   -11.13882765
 63    -5.36137823     5.43362630   -12.23488356
 64    12.57451858     8.02994643    -6.27358279
 65    12.40054913     6.18889213    -5.81543894
 66    14.37283171     8.21342667    -6.98682897
 67    -5.26483024    -8.59192648     7.09357725
 68    -7.02741858    -8.74213892     6.38013872
 69    -4.12038212    -8.09573459     5.64816874
 70    -6.79760165    -5.53188658   -10.34951872
 71    -7.64058835    -3.89245906   -10.72200009
 72    -4.86600056    -5.22580679   -10.29327119
 73     8.16482715    -7.20769085     1.77510188
 74     9.83998289    -7.02382416     2.77012162
 75     6.86806646    -7.24712799     3.14973782
 76    14.35235415    -2.08182220     3.51311131
 77    12.52881490    -1.62346110     3.80625796
 78    15.30149727    -0.54082981     3.43368084
 79    -1.68388422     7.00848017     9.08416908
 80    -0.74141579     8.59358014     9.64130744
 81    -1.77422213     5.92560478    10.72371068
 82     4.47547949    11.66003811   -11.90264106
 83     5.95826727    10.84333043   -10.88004873
 84     5.20352461    12.79238966   -13.21725594
 85    -4.09205334     2.28514208    -6.24596279
 86    -3.45028082     3.82131416    -5.28751560
 87    -4.36501824     2.95361868    -7.99955864
 88     0.87116471   -11.55356132     9.52541222
 89    -0.94872438   -12.17848931     9.59410891
 90     1.27590830   -11.49867595     7.64622116
 91     8.06537099     5.56657178     3.94776678
 92     6.78384127     6.78317409     3.15993609
 93     9.42198250     5.35448622     2.66797826
 94     8.57215915    -8.66932808    -2.93384365
 95     7.59326467   -10.26795338    -3.05476407
 96     8.27693327    -7.96408479    -1.14122808
 97     7.79183882    -2.46457138    -0.42543036
 98     6.04678446    -1.39983803    -0.46104755
 99     7.53692730    -4.33525405    -0.03156773
100    -1.43820628    -7.99104284     2.12142760
101    -1.87570889    -6.31245545     1.36168026
102    -1.49440868    -9.27085407     0.70191296
103   -10.95264919    11.00066845    -4.51209610
104   -12.41529544    12.12159903    -5.15438367
105   -10.35738434    10.02969225    -6.06075392
106    13.63516633    -7.81284263    -3.54944712
107    11.76192391    -8.28428036    -3.46305892
108    14.55379295    -9.43160901    -2.96046414
109   -10.85685030     9.08582303     0.22065958
110   -11.31665873     9.96841948    -1.47222966
111    -9.19932014     9.73497692     0.84532441
112    12.44892489    -7.05113250     4.46133915
113    13.47035763    -5.56091365     3.88131849
114    12.20330244    -6.92195779     6.38146165
115     6.75656923     4.35589982    -7.79582626
116     8.43239242     3.41046176    -7.70883368
117     6.25822909     4.60281017    -5.98374671
118    10.72949176     4.79477078    -0.76775624
119     8.89516414     4.76131696    -1.32487926
120    11.58464429     3.09069343    -1.31915716
121    -6.17522039     5.00952774     2.17923720
122    -6.61918740     4.07091087     3.75742688
123    -7.70519664     4.50821964     1.03576504
124    15.22042352    -3.13860956    -1.58413251
125    14.95904570    -3.21497228     0.35324521
126    14.45491624    -4.72208512    -2.26671959
127   -14.58750484    -2.69603510    -3.11886481
128   -12.98464779    -3.71632566    -2.99355475
129   -16.12075089    -3.84038327    -3.42777581
130    -9.82052548    -4.42601583    -3.26204176
131    -9.07796551    -5.25306685    -1.76862636
132    -8.84163593    -2.77331805    -3.22653173
133     1.73193550    -4.53078925     8.57048471
134     2.72030561    -5.66595328     9.76607513
135    -0.05638397    -4.61132374     9.14357356
136     9.45236797    -0.10884215     3.91177722
137     8.45477039     1.58825528     4.19559981
138     8.64017340    -0.90158186     2.39145250
139     2.68404764    13.33516663    -0.03123081
140     2.93760613    13.75752021    -1.87933308
141     0.90130344    12.63120916     0.20343348
142     4.63371889     8.44483733     1.40894742
143     3.15521423     7.49947688     2.15335009
144     4.11449233    10.28330135     1.45937652
145    -6.54022358   -10.79052839     0.81242311
146    -5.06665112   -10.90889971    -0.55213122
147    -6.76000381    -8.93124151     1.23970176
148    -7.03679965    -5.82516597     1.63879827
149    -8.54428895    -4.92144519     2.26548921
150    -5.62438808    -4.56472204     1.32619344
151     0.28194586   -12.07296727     4.29872889
152    -0.13336481   -10.26904495     3.65209778
153    -1.36396638   -13.09562683     4.08032170
154     6.15092613   -12.89015125    -5.44982765
155     7.33975330   -14.34173185    -5.85264878
156     6.24246575   -11.68956466    -6.99417556
157     9.16231300    -3.80789252   -10.66502561
158     7.90961999    -4.64460494   -11.81252904
159     8.98023912    -4.38259793    -8.87458078
160    -4.95628033     5.66079986    16.59476258
161    -5.93119546     5.66496428    14.91617733
162    -5.09761254     7.36280521    17.39404415
163    11.60697538     2.88056923    -6.94125548
164    12.21103435     1.84492933    -8.53275238
165    11.73110565     1.86328988    -5.34107616
166    -2.68335074     6.83366210    -4.54603246
167    -3.77168266     8.37411141    -4.28943323
168    -1.19351410     7.67663096    -5.41332008
169     6.33782239    -9.40952754    -9.20678141
170     6.21699468    -8.32397937   -10.72659754
171     7.23373293    -8.31531646    -7.98207410
172    -5.62241165     1.11872499    10.85381215
173    -5.28477555    -0.76996657    10.84031890
174    -4.11195966     2.10858708    11.47193319
175    -4.50811920   -13.27420693     9.54820223
176    -4.79924386   -11.44210245     9.04208899
177    -5.02888070   -14.33111849     7.97187129
178    -2.46705019     0.72479410   -14.81904227
179    -1.13942872     2.08019652   -14.62809295
180    -3.71784074     1.09133464   -13.52951647
181    -5.47903173    10.93572782    -3.32498539
182    -5.58793917    11.08552599    -1.41407025
183    -7.20361823    10.46018985    -3.96234390
184     4.50329989    13.13499246     4.83904891
185     6.23185437    13.52862159     5.38459976
186     4.03442912    14.13913812     3.23588256
187   -13.63944519    -8.15051730     2.02996630
188   -14.30508758    -9.56365294     3.27603430
189   -12.69389664    -9.07532131     0.61306301
190    -4.87389685   -14.47763722     3.99716723
191    -4.77810823   -15.97633214     2.89852536
192    -5.66622532   -13.06086596     3.03369208
193    12.88723176     0.13237062   -11.29835648
194    14.12244900    -0.74189005   -12.40115414
195    11.42473734    -1.22981970   -11.05036372
196     0.23554208     9.35708144   -10.45959259
197     1.84887995    10.14801042   -11.13285674
198     0.68833491     8.58707861    -8.67769369
199     5.45176960    12.96168492    -4.86079161
200     6.12738229    12.66660886    -6.64928602
201     6.97590140    12.42415783    -3.81051953
202     0.09566787     5.04348934   -13.39161730
203    -0.04507909     6.88225061   -12.96647141
204     1.15678984     4.19463956   -12.06726747
205   -11.76241146    -3.82218967     3.18878481
206   -12.16193214    -3.61417285     5.06870489
207   -12.43343713    -5.61202977     2.69678771
208     2.40097330   -14.13215711    -2.03718569
209     3.91409997   -13.78995030    -3.12827488
210     3.12245127   -14.86804100    -0.40831762
211     4.08103737   -15.61019727     2.62706333
212     3.00193977   -14.20694185     3.26257070
213     4.67310243   -16.57272766     4.07528720
214     1.07568218    11.25928688     8.66711470
215     2.19618455    10.27675173     9.81087748
216     2.16297289    11.94712644     7.26909989
217    -3.29296405    -9.88192422    -6.42049233
218    -5.12740396    -9.35214171    -6.51085319
219    -2.44393823    -8.69907422    -7.66726564
220    -1.68335199     3.73147567    12.85298058
221    -2.02746906     3.99697459    14.69736461
222    -0.35152352     2.31719863    12.85971581
223   -10.93623641   -10.65250036    -1.78290490
224    -9.28707822   -10.79667984    -0.78288258
225   -10.32999723   -10.07250095    -3.52305020
226     7.29565222    -4.77853590    -6.16713753
227     7.11244319    -3.00377528    -5.41688747
228     7.80105923    -5.93352051    -4.69402109
229    -4.77619123    10.33829761   -11.41330618
230    -3.19773987    10.34727471   -10.27583439
231    -4.09311584    10.35512786   -13.21869539
232   -12.28450701    -2.35024837     8.22360611
233   -13.10877457    -0.71911420     7.55280430
234   -11.12821708    -1.86323362     9.63339576
235   -11.51723552     0.32130686    -6.79912328
236   -12.81734897    -0.72293005    -5.89485548
237   -10.12541387     0.47224803    -5.58775953
238    -7.82603786     0.68991943    -3.34421050
239    -6.23987785     1.23847438    -4.35507430
240    -8.53305814     2.26846565    -2.42260566
241     7.21825988    -9.29132953     7.59830116
242     8.03402217   -10.50451377     6.39238074
243     5.55411147    -8.91478814     6.76395993
244     9.31789483    10.44989613    -2.82504818
245     9.26673761     9.31365921    -1.30630306
246    10.41275150     9.59674310    -4.10093376
247    -2.04223354   -11.32219261    -1.86434589
248    -2.39969209   -10.73442871    -3.67808086
249    -0.35688795   -12.29700417    -2.18174902
250   -10.21632443     4.02131789    -0.60931940
251   -10.90463408     5.90441987    -0.48201476
252   -11.74869274     2.90609923    -0.19403530
253   -11.51904988     6.42776776     5.51367885
254    -9.90847113     6.52787000     6.53138022
255   -11.44047886     7.86456556     4.24529631
256     4.93991024     6.00959051    -2.74751657
257     5.21602931     6.97136383    -1.16174925
258     4.30982995     4.29637728    -2.41435849
259    -1.72296524    -5.76621546    -9.50242300
260    -1.92291848    -4.80375053    -7.78780369
261    -0.52355117    -4.73933726   -10.48253909
262     8.04410900    -1.42429280     8.93953086
263     8.62983248    -1.37350479     7.13847237
264     6.17901396    -1.07589608     8.95971164
265     1.28776402    -2.35399328   -12.80320495
266    -0.16141772    -1.71792657   -13.82103459
267     2.00802402    -0.77058454   -12.02279822
268    -6.00203822    10.09608797     2.19483905
269    -4.31360414    10.93430228     2.25930105
270    -5.65869617     8.20704221     2.08119305
271     4.99931895     4.71936074     7.84981231
272     6.26056860     4.78343188     6.29932921
273     3.61905865     3.48326992     7.32059093
274     4.02053567    -7.85178562    11.43564895
275     5.69184738    -8.30759116    10.61062515
276     2.97841074    -9.46902877    11.30295588
277    11.72139581     0.09069527    -2.69969997
278    10.18669088    -0.79942429    -1.89355243
279    13.12166546    -1.32171493    -2.56848896
280    -0.10223990    -5.66871888    13.87238618
281     1.27482867    -6.83927127    13.23404244
282     0.86041606    -4.06236958    14.30928755
283    -8.81216107    -8.12086804    -6.36834231
284    -8.02724422    -7.62269804    -8.05497903
285    -9.18493117    -6.51046859    -5.45299585
286     3.62046321    -7.28860335     4.79285718
287     3.01849659    -5.90264339     5.99871627
288     2.15471973    -7.38120552     3.48648869
289     2.71455206    -1.76242099    -6.16740747
290     3.24536098    -1.46580771    -4.35892940
291     3.82822648    -3.17054405    -6.85630726
292     0.44032155     6.94511422     4.35900790
293    -0.50123916     6.55978587     5.95020720
294    -0.38471546     5.82680185     3.00416049
295   -10.64698482     3.94491045   -10.33611071
296   -12.24122153     4.21376868   -11.34932731
297   -11.14836508     2.43227339    -9.14618728
298    -3.41440721    -4.63661895    10.45569943
299    -2.73398655    -5.48288588    12.06775392
300    -4.50662152    -5.95622443     9.52849145

 Atomic and electronic forces:
  1     0.00090725    -0.00197853    -0.00413021     0.00091888     0.00055240     0.00389796
  2    -0.00175482     0.00302264     0.00767757    -0.00073514    -0.00012209    -0.00229012
  3     0.00129614     0.00137059     0.00018296    -0.00050635    -0.00058072    -0.00206815
  4    -0.03630246     0.01100065    -0.01801947    -0.00205795     0.00168163     0.00165292
  5     0.02224860    -0.00247970    -0.00043343     0.00107389    -0.00096889    -0.00108826
  6     0.00800114    -0.01153148     0.02066038     0.00110248    -0.00099052    -0.00070537
  7     0.00755487     0.01302520    -0.02101427    -0.00002056     0.00195477     0.00309442
  8    -0.00612137    -0.01340448     0.02132990     0.00004573    -0.00074280    -0.00153722
  9    -0.00810023     0.00453235     0.00204053    -0.00011444    -0.00125559    -0.00202038
 10     0.01687781     0.00827913    -0.00397077    -0.00210471     0.00141335    -0.00112940
 11    -0.01448721    -0.02637328    -0.00677961     0.00112756    -0.00058472     0.00062071
 12    -0.00213220     0.01238364     0.00012223     0.00101493    -0.00079946     0.00071626
 13    -0.00149378    -0.02253833     0.01963289    -0.00201230     0.00023268     0.00079280
 14     0.01304808     0.02859522     0.01059397     0.00103227    -0.00022843    -0.00041317
 15    -0.01173116    -0.01463689    -0.02596561     0.00103819    -0.00010204    -0.00029846
 16    -0.02679425     0.01054380    -0.01301992     0.00148270     0.00349974    -0.00307399
 17     0.01943878    -0.00778787     0.01095912    -0.00103648    -0.00172884     0.00134344
 18     0.00750070    -0.00352242     0.00382836    -0.00088138    -0.00210673     0.00222461
 19     0.02078515    -0.02226943    -0.01171272     0.00032165    -0.00175440    -0.00391472
 20    -0.02489850     0.02168083     0.01090346     0.00010097     0.00083846     0.00222883
 21     0.00637741    -0.00108542     0.00496626    -0.00008884     0.00067325     0.00153556
 22    -0.00495141     0.00693656    -0.00957561    -0.01068085     0.00832330     0.00259795
 23     0.00471773    -0.00203272    -0.00176979     0.00435141    -0.00404916     0.00018471
 24    -0.00122660    -0.00735452     0.00944275     0.00393345    -0.00242297    -0.00102489
 25    -0.02114117    -0.00675686    -0.00034875    -0.00061107     0.00029020     0.00420186
 26    -0.00236532    -0.00077073    -0.01313088     0.00044681    -0.00029759    -0.00278959
 27     0.02779838     0.00125267     0.01395051     0.00002602    -0.00011060    -0.00202254
 28     0.01928874    -0.03806545     0.02536146    -0.00184287     0.00696839    -0.00318660
 29    -0.02822219     0.02673959    -0.03376549     0.00074230    -0.00517095     0.00194166
 30     0.00750319     0.01202641    -0.00308336     0.00047849    -0.00286612     0.00102047
 31     0.00557204    -0.00607057    -0.02288592    -0.00145519     0.00074228     0.00163869
 32    -0.00726324     0.00720668     0.00720702     0.00086323    -0.00033281    -0.00097647
 33     0.00263848    -0.00229002     0.01364431     0.00081551    -0.00047930    -0.00079269
 34    -0.01010324     0.01336058     0.00411327     0.00222040    -0.00189574     0.00328639
 35     0.00715868    -0.02631503     0.00127513    -0.00119156     0.00084063    -0.00209594
 36     0.00079459     0.01418362    -0.00076889    -0.00087082     0.00113303    -0.00159423
 37    -0.00275776    -0.00187758     0.00487978    -0.00160092     0.00186853    -0.00886800
 38    -0.00081006     0.00081208     0.00358141    -0.00005499    -0.00142349     0.00460372
 39     0.00598804     0.00006071    -0.00765952     0.00184311    -0.00097434     0.00611898
 40     0.05667963    -0.01616441    -0.03377164    -0.01903231     0.00226425     0.01622222
 41    -0.03650108     0.00242654     0.02976218     0.00957555     0.00003446    -0.00996473
 42    -0.02191946     0.01026367     0.00548668     0.00842475    -0.00384617    -0.00508734
 43     0.03716021    -0.02627477     0.00846817    -0.00932135    -0.00310650    -0.00589054
 44    -0.01338989    -0.00185891    -0.00169008     0.00525855     0.00217521     0.00500737
 45    -0.01400473     0.02289252    -0.00729962     0.00433909     0.00037373     0.00260546
 46     0.00167130     0.01125669    -0.01455456    -0.00213941     0.00000649     0.01083535
 47    -0.00258950     0.00109732     0.00235231     0.00268240    -0.00027272    -0.00657288
 48    -0.00031305    -0.00117113     0.00569247     0.00102161     0.00086703    -0.00444894
 49     0.03516393     0.04453608    -0.02490196    -0.01146413    -0.00532178     0.00221738
 50    -0.01861652    -0.01331021     0.00806024     0.00729655     0.00246891    -0.00287966
 51    -0.01952288    -0.02441308     0.01633167     0.00664572     0.00252334     0.00045564
 52    -0.00198675    -0.00898753    -0.00729357    -0.00181934     0.00372530     0.00132606
 53     0.00474396    -0.00195408     0.00399667     0.00116400    -0.00232350    -0.00107210
 54     0.00176457     0.00738854     0.00770827     0.00069886    -0.00151324    -0.00069694
 55    -0.03990278    -0.02063347     0.01533761    -0.00347799     0.00064582     0.00216516
 56     0.00123836     0.00522582    -0.00940353     0.00151354    -0.00023625    -0.00123900
 57     0.03591928     0.01589027    -0.00518450     0.00149162    -0.00016658    -0.00080421
 58     0.00597887    -0.02744704     0.01194406    -0.00247320     0.00008490     0.00028624
 59    -0.01443781     0.02850579    -0.02474730     0.00130552     0.00007405    -0.00022952
 60     0.00899461    -0.00578682     0.01066045     0.00114810     0.00000106    -0.00002984
 61    -0.01552052    -0.03774991     0.02415465    -0.00243947     0.00090017    -0.00252616
 62     0.01763885     0.00701700    -0.00875214     0.00119671    -0.00036489     0.00099389
 63     0.00210935     0.02895092    -0.01164330     0.00103409    -0.00057798     0.00118545
 64     0.02039129     0.01178394    -0.00624397     0.00339620     0.00320702    -0.00206941
 65    -0.00240642    -0.00896851    -0.00443180    -0.00238540    -0.00175470     0.00134386
 66    -0.02177832    -0.00048470     0.00801875    -0.00144109    -0.00114600     0.00082291
 67    -0.00054338     0.00252662     0.00003314    -0.00221813    -0.00195988     0.00191251
 68     0.00263448     0.00065508     0.00030626     0.00111146     0.00084447    -0.00073935
 69    -0.00146199    -0.00144960    -0.00075987     0.00142580     0.00134102    -0.00115041
 70     0.02104364    -0.00306092     0.00566479    -0.00246823    -0.00121793    -0.00205234
 71    -0.00298813     0.00759878    -0.00343951     0.00124721     0.00040219     0.00100145
 72    -0.01988428    -0.00842185    -0.00276706     0.00138511     0.00078114     0.00138854
 73     0.01200184     0.01385794     0.00011074     0.00506943    -0.00841649     0.00341482
 74    -0.00133750    -0.00769462    -0.00695234    -0.00245223     0.00290486    -0.00160692
 75    -0.01691267    -0.00484747     0.00948036    -0.00170405     0.00418046    -0.00248245
 76    -0.02235001    -0.04847035    -0.00647375     0.00548390    -0.00116795     0.00245679
 77    -0.00665724     0.00761012     0.00477687    -0.00349572     0.00072083    -0.00200669
 78     0.02640659     0.04068788     0.00069050    -0.00257586     0.00015544    -0.00104271
 79    -0.00399241    -0.01077310     0.01670403    -0.00188301     0.00216439     0.00317978
 80    -0.00115652     0.00296460    -0.00937707     0.00066160    -0.00110803    -0.00139938
 81    -0.00015181     0.00318954    -0.01585657     0.00080777    -0.00077626    -0.00156198
 82     0.01275956    -0.01707529     0.02052461     0.00004455     0.00239349    -0.00221675
 83    -0.01520642     0.01161465    -0.01695794    -0.00022395    -0.00141645     0.00127753
 84     0.00622317     0.00379908    -0.00425505    -0.00007179    -0.00096392     0.00091286
 85     0.00635204    -0.00159629     0.00567630    -0.00666402     0.00177478    -0.00399593
 86    -0.00012383     0.00893269     0.00221232     0.00361137    -0.00174682     0.00188221
 87    -0.00606263    -0.00067186    -0.01557172     0.00238934    -0.00080045     0.00187606
 88    -0.00355564     0.00294646    -0.00726702    -0.00066510    -0.00227569     0.00212090
 89     0.00399267    -0.00186260     0.00674258     0.00043451     0.00101183    -0.00090044
 90    -0.00290790    -0.00362893     0.00338255     0.00037953     0.00147443    -0.00113922
 91    -0.02288493    -0.01051602     0.00266119     0.00533036     0.00750533     0.00699242
 92     0.00528194     0.00465849     0.00435864    -0.00174398    -0.00462279    -0.00296807
 93     0.02079059     0.00244962    -0.01215527    -0.00366466    -0.00361177    -0.00263763
 94     0.00671195     0.02869254     0.00242855     0.00385383    -0.00715416    -0.00147402
 95    -0.01082815    -0.01955554    -0.00384613    -0.00112064     0.00316832     0.00059606
 96     0.00460586    -0.01283385    -0.00124250    -0.00241841     0.00434674    -0.00001682
 97    -0.06634998     0.05699322    -0.01073548     0.02340438    -0.01501977     0.00424052
 98     0.06784908    -0.05785984     0.00516666    -0.01052016     0.00741324    -0.00326454
 99    -0.00415745     0.00366001     0.00554828    -0.00638338     0.00724606    -0.00187947
100     0.01803767    -0.00663705     0.01912048    -0.00437394    -0.00589748     0.00249018
101    -0.01059597     0.01514044    -0.01008727     0.00336918     0.00327367    -0.00136563
102    -0.00617264    -0.00580259    -0.01181009     0.00181595     0.00284651    -0.00058259
103    -0.03540905     0.02404655     0.00671277    -0.00179351     0.00128879    -0.00039044
104     0.02221749    -0.01434506     0.00995649     0.00073876    -0.00053427     0.00017541
105     0.01036179    -0.00376632    -0.00882750     0.00096409    -0.00065718     0.00032011
106     0.00282888    -0.02817445     0.01559194     0.00390148    -0.00317510    -0.00095723
107     0.00292026     0.00503941    -0.00258158    -0.00206084     0.00219452     0.00060367
108    -0.00789495     0.02600595    -0.01038148    -0.00149887     0.00134424     0.00025470
109    -0.02470343    -0.00572149    -0.01638912    -0.00222181     0.00132595     0.00020671
110     0.01335194    -0.00594756     0.01709371     0.00100737    -0.00064045     0.00001812
111     0.01309438     0.01023649     0.00244584     0.00117533    -0.00084232    -0.00017700
112    -0.01062174    -0.01033830    -0.00655626     0.00366410    -0.00306424     0.00241609
113     0.00876269     0.00798849     0.00759783    -0.00220894     0.00130763    -0.00116463
114     0.00428676     0.00727575    -0.00447845    -0.00150563     0.00127712    -0.00137874
115    -0.00257225    -0.01041514     0.00089181     0.00353837     0.00607636    -0.00944114
116     0.00659765     0.00698629    -0.00594174    -0.00278373    -0.00219844     0.00432581
117    -0.00372807     0.01123980     0.00299498    -0.00225691    -0.00514043     0.00547721
118    -0.00441766    -0.02644088    -0.00377096     0.01022830     0.00704766     0.00059025
119     0.01595490    -0.00028468    -0.00299067    -0.00604036    -0.00582532     0.00023265
120    -0.01478137     0.02868608     0.00578595    -0.00572261    -0.00216498     0.00011186
121    -0.00587041     0.00464203    -0.03933694    -0.00476073     0.00225263     0.00153296
122     0.00053867    -0.01412712     0.02957428     0.00218346    -0.00080895    -0.00098514
123     0.01398855     0.00928807     0.00641099     0.00221309    -0.00082691    -0.00041400
124    -0.00549435     0.00868326     0.03062218     0.00574511    -0.00166100    -0.00020228
125     0.00941951     0.00364789    -0.01956513    -0.00293186     0.00088899    -0.00040513
126     0.00130063    -0.02226484    -0.01176972    -0.00279509     0.00128138     0.00028462
127    -0.03362177     0.00661412    -0.00744542    -0.00219158    -0.00030626    -0.00022543
128     0.00676502    -0.01024923    -0.00139479     0.00126497     0.00026682     0.00013302
129     0.02354250     0.00722361     0.00469772     0.00091894     0.00017029     0.00010156
130     0.00958013     0.02288797    -0.00214730    -0.00345979    -0.00106115    -0.00051108
131     0.00258727    -0.02339798     0.02171185     0.00185389     0.00071143     0.00008205
132    -0.00745484     0.00929060    -0.01116061     0.00215018     0.00043973     0.00033358
133     0.01516244     0.00527484    -0.01964441    -0.00157268    -0.00270324     0.00596242
134     0.00209983    -0.00698003     0.00842962     0.00033358     0.00121534    -0.00237861
135    -0.02608020    -0.00089628     0.01173979     0.00102380     0.00105027    -0.00241044
136    -0.02916388     0.04076320     0.01263600     0.01087708    -0.00062842     0.00978015
137     0.02942585    -0.03160552    -0.00074366    -0.00483111    -0.00153567    -0.00578783
138     0.00425716    -0.01010335    -0.00894061    -0.00772379     0.00182504    -0.00557648
139    -0.00608621    -0.00652183    -0.00352284    -0.00054857     0.00447262     0.00037804
140     0.00190230     0.00039376     0.00135048     0.00021379    -0.00214716     0.00011380
141     0.00766232     0.00980444     0.00123619     0.00062669    -0.00229602    -0.00024961
142     0.00710656    -0.01011127     0.00213933     0.00036670     0.01013509     0.00304719
143    -0.00887445     0.00408124     0.01217907     0.00088483    -0.00534274    -0.00236779
144     0.00163934     0.01161230     0.00089539     0.00007335    -0.00357108    -0.00090703
145     0.03101955    -0.01199005    -0.03202506    -0.00245560    -0.00241300     0.00044604
146    -0.03000292     0.00185532     0.03328171     0.00132014     0.00151738    -0.00008432
147     0.00339488     0.00943341    -0.00087883     0.00154083     0.00122151    -0.00033426
148     0.01783088    -0.01874311    -0.01113277    -0.00418445    -0.00208798     0.00103607
149    -0.02306643     0.01925799     0.01174221     0.00185651     0.00069147    -0.00049674
150    -0.00034445     0.00152916    -0.00052305     0.00290726     0.00128056    -0.00073310
151    -0.01083974     0.00002367    -0.00361869    -0.00124401    -0.00377668     0.00172547
152    -0.00215399    -0.01966697     0.00494370     0.00103301     0.00238593    -0.00113580
153     0.01314470     0.00871949     0.00330439     0.00067188     0.00155597    -0.00062813
154     0.01504993     0.00165550    -0.00708590     0.00065556    -0.00408419    -0.00138051
155    -0.00826395     0.00643838     0.00055272    -0.00036570     0.00161189     0.00053332
156    -0.00699241    -0.00942159     0.00844186    -0.00038331     0.00207998     0.00105310
157     0.02973074     0.02372184    -0.01444648     0.00273610    -0.00211263    -0.00521055
158    -0.01282301    -0.00600082    -0.00421808    -0.00083658     0.00104859     0.00239951
159    -0.01230312    -0.00838810     0.00867784    -0.00191110     0.00174852     0.00304111
160     0.00464391    -0.00885544    -0.00490132    -0.00084259     0.00051440     0.00161254
161    -0.00054144     0.00682674     0.00891838     0.00053511    -0.00029560    -0.00083830
162    -0.00415979     0.00366404    -0.00160201     0.00035968    -0.00028121    -0.00070893
163    -0.00131013    -0.00106111    -0.03838718     0.00642124     0.00236547    -0.00491572
164    -0.00537229     0.01373418     0.03161472    -0.00246094    -0.00053237     0.00223249
165     0.01011692    -0.01742690     0.00410833    -0.00446090    -0.00098941     0.00238655
166     0.01261087    -0.00285394    -0.00305053    -0.00519106     0.00500021    -0.00244506
167    -0.02109145     0.00983208     0.00883246     0.00191437    -0.00196207     0.00072539
168     0.01200482    -0.00649097     0.00230878     0.00205933    -0.00284198     0.00156765
169     0.00183444    -0.01078887     0.00575365     0.00090612    -0.00384022    -0.00332440
170    -0.00879400     0.00439800    -0.02299334    -0.00039799     0.00160307     0.00186037
171     0.00708843     0.00907873     0.01615712    -0.00091881     0.00242139     0.00201053
172    -0.01937789    -0.00446745    -0.01377029    -0.00212177     0.00024677     0.00255481
173     0.00965674     0.00701210     0.00589737     0.00108220     0.00007935    -0.00134780
174     0.01187522    -0.00550170     0.00666575     0.00096093    -0.00024217    -0.00143261
175    -0.00465149    -0.00971461    -0.03215991    -0.00102743    -0.00154401     0.00125432
176    -0.00134328    -0.00313167     0.00129350     0.00066620     0.00083206    -0.00074880
177     0.00971040     0.01654466     0.02528335     0.00053058     0.00081300    -0.00052148
178     0.02909664    -0.01983826    -0.02126308    -0.00154555     0.00016110    -0.00313745
179     0.00029777     0.01120580    -0.00327919     0.00070266    -0.00026514     0.00175171
180    -0.03208004     0.01242142     0.02431592     0.00101632    -0.00013579     0.00157400
181     0.01124492    -0.00697130     0.01159800    -0.00246245     0.00273092    -0.00053411
182    -0.00394396     0.00233648    -0.00799261     0.00124520    -0.00138302     0.00002735
183    -0.01006430     0.00524047    -0.00292261     0.00120270    -0.00108630     0.00028835
184    -0.02973307     0.00104374    -0.01183741     0.00005386     0.00358582     0.00164263
185     0.02000163     0.00841417     0.00187431    -0.00023253    -0.00160927    -0.00078069
186     0.00743696    -0.01244394     0.01385933     0.00003483    -0.00180258    -0.00056161
187    -0.01095052    -0.04678440     0.02968362    -0.00185472    -0.00083330     0.00033035
188     0.01647887     0.03698064    -0.03572912     0.00078477     0.00039981    -0.00018727
189    -0.00587187    -0.00056418     0.00038778     0.00096922     0.00051209    -0.00010132
190     0.01460165     0.00303698     0.03002669    -0.00132620    -0.00208575     0.00074795
191    -0.00193204    -0.01432107    -0.01395502     0.00056587     0.00099482    -0.00025382
192    -0.00986589     0.01160553    -0.01542428     0.00085306     0.00110995    -0.00035939
193    -0.05048386    -0.03451981     0.02091514     0.00298388     0.00002081    -0.00345603
194     0.01248130    -0.00218583    -0.00935631    -0.00120612     0.00009751     0.00135773
195     0.03201505     0.03243724    -0.00724850    -0.00159610     0.00028492     0.00216810
196    -0.00382451    -0.02813194     0.04390254    -0.00126539     0.00291021    -0.00290740
197     0.00891458     0.00930798    -0.00080815     0.00033353    -0.00138940     0.00137282
198    -0.00343059     0.02432136    -0.03852605     0.00087127    -0.00206822     0.00181899
199     0.00778423    -0.00424958    -0.02026897     0.00039142     0.00429245    -0.00123475
200    -0.01326658     0.00592240     0.01037028    -0.00028601    -0.00193647     0.00084441
201    -0.00112176    -0.00176435     0.00890633    -0.00051424    -0.00234781     0.00050689
202    -0.00839289    -0.00747179    -0.01716200    -0.00127629     0.00152311    -0.00374241
203     0.00223945     0.00861673     0.00805260     0.00060507    -0.00095590     0.00165483
204     0.00643252    -0.00459454     0.00741061     0.00072328    -0.00095696     0.00253827
205     0.00288036    -0.00524007    -0.00039449    -0.00263681    -0.00061238     0.00071574
206     0.00122849     0.00062366    -0.00174854     0.00116432     0.00024954    -0.00044093
207    -0.00220303     0.01519267     0.00431791     0.00116762     0.00038489    -0.00026974
208    -0.00605995     0.00282314     0.01237738    -0.00050395    -0.00402544    -0.00026085
209     0.00631808     0.00306097    -0.01484011     0.00003271     0.00212316     0.00031099
210    -0.00422545    -0.00231071     0.00012381     0.00012885     0.00186282    -0.00009197
211     0.00251675     0.00764285    -0.03111566    -0.00001151    -0.00310918     0.00075577
212    -0.01469411     0.01279215     0.00810685     0.00014491     0.00177777    -0.00055617
213     0.00912791    -0.01767059     0.02436374    -0.00004208     0.00130523    -0.00041321
214    -0.01880410     0.01116122    -0.00804700    -0.00075069     0.00257625     0.00225854
215     0.01937653    -0.00918600     0.01356252     0.00025268    -0.00120934    -0.00129686
216     0.00876634     0.00316832    -0.00482905     0.00027899    -0.00152745    -0.00108240
217    -0.00378901     0.01464944    -0.00421815    -0.00254031    -0.00327359    -0.00178322
218    -0.00406251    -0.00761922     0.00330374     0.00133751     0.00131140     0.00076569
219     0.00464314    -0.00383111    -0.00393192     0.00134022     0.00171079     0.00131199
220     0.00216633    -0.01029507    -0.00479648    -0.00127298     0.00078800     0.00295692
221    -0.01115717     0.00908900     0.01223796     0.00048382    -0.00030436    -0.00120639
222     0.00440482     0.00542046    -0.00354390     0.00057606    -0.00028548    -0.00172009
223     0.01442423     0.01121280    -0.00473338    -0.00195413    -0.00135352    -0.00008040
224    -0.00611304    -0.00660855     0.00189888     0.00107909     0.00084837    -0.00002965
225    -0.00968569    -0.00335271     0.00224915     0.00105348     0.00071815     0.00017072
226    -0.00661336     0.01755239     0.02763106     0.00581394    -0.00865104    -0.00903813
227     0.00958484    -0.01941387    -0.01033295    -0.00474096     0.00479951     0.00658454
228     0.00138102    -0.00306339    -0.00972891    -0.00309452     0.00477048     0.00284759
229     0.01482583    -0.00788099    -0.00373516    -0.00147631     0.00167554    -0.00166653
230    -0.00907473     0.00096634    -0.01349931     0.00080159    -0.00110164     0.00097344
231    -0.00701198     0.00250198     0.01589599     0.00059551    -0.00073284     0.00085643
232    -0.00484785     0.00409826    -0.01152083    -0.00191537    -0.00026345     0.00108329
233     0.00424593    -0.00546988     0.00449664     0.00096433     0.00003676    -0.00048262
234     0.00028449     0.00220688     0.00519997     0.00093381     0.00010875    -0.00065258
235    -0.02782961     0.00113390    -0.03121975    -0.00272712     0.00006010    -0.00096844
236    -0.00811710    -0.00495869     0.00292243     0.00125104     0.00005000     0.00034461
237     0.03109616     0.00382266     0.02519638     0.00171901    -0.00005967     0.00052389
238     0.01243622     0.00018748    -0.00399668    -0.00522047     0.00031085    -0.00091729
239    -0.01718307     0.00072588     0.00793496     0.00315987    -0.00037421     0.00094024
240     0.00322197    -0.01209820    -0.00349375     0.00233293    -0.00041482     0.00021870
241     0.01375220    -0.00856851     0.00554994     0.00113561    -0.00336046     0.00317418
242     0.00841829    -0.00445034     0.00248834    -0.00066668     0.00175703    -0.00126499
243    -0.01470955     0.00965571    -0.00501321    -0.00034794     0.00213193    -0.00190546
244    -0.01182589     0.00390433     0.01340772     0.00259885     0.00530979    -0.00086612
245     0.00360103     0.00249892     0.00064267    -0.00177929    -0.00326007     0.00006361
246     0.01529879    -0.00624681    -0.01262248    -0.00157893    -0.00242343     0.00075384
247     0.03068779    -0.00467392    -0.00668117    -0.00242031    -0.00428631    -0.00028049
248    -0.01253785     0.00156138    -0.00289356     0.00131530     0.00208704     0.00050443
249    -0.01737538     0.00040779     0.01565630     0.00084911     0.00225421     0.00019569
250    -0.01875495     0.04602862    -0.00008915    -0.00343811     0.00095248     0.00014115
251     0.01566322    -0.03734134     0.00011458     0.00142881    -0.00055330    -0.00006741
252     0.00339722    -0.00188562     0.00388951     0.00150302    -0.00027392    -0.00009384
253     0.00744300     0.01348588    -0.00581781    -0.00209106     0.00084796     0.00088285
254     0.00022988     0.00172795    -0.00012463     0.00109739    -0.00050238    -0.00059355
255    -0.00270008    -0.00558241     0.00220689     0.00103242    -0.00051410    -0.00035527
256     0.01389939    -0.01841205    -0.04675556     0.00203945     0.01913805    -0.00521493
257    -0.00258244     0.01863680     0.02973295    -0.00099800    -0.00769277     0.00008744
258    -0.01038496    -0.01160033     0.01051297    -0.00001914    -0.01197471     0.00359392
259    -0.01783786     0.00841844     0.05230304    -0.00297364    -0.00281220    -0.00417266
260    -0.00184984    -0.01590819    -0.02677055     0.00233668     0.00176362     0.00252260
261     0.02030333     0.01306745    -0.02349474     0.00127973     0.00124808     0.00250938
262     0.00401188    -0.00791262     0.00535658     0.00246763    -0.00091849     0.00635756
263     0.00409811     0.00422404    -0.01015967    -0.00215972     0.00067773    -0.00389638
264    -0.00701945     0.00083400    -0.00332484    -0.00072755     0.00040131    -0.00374683
265     0.01162780    -0.01304279     0.01337052    -0.00130309    -0.00103085    -0.00511446
266    -0.01927125     0.00558413    -0.01599443     0.00072917     0.00028430     0.00209146
267     0.00586119     0.00641020     0.00454943     0.00066666     0.00023652     0.00320443
268    -0.02097800    -0.00735915    -0.00855645    -0.00259264     0.00251347     0.00084731
269     0.02151113     0.01300702     0.00406856     0.00120932    -0.00151540    -0.00048024
270    -0.00636679    -0.00532242     0.00259571     0.00173264    -0.00140865    -0.00056702
271     0.02181262    -0.01176070    -0.03564198     0.00052479     0.00362514     0.00700660
272    -0.02047551     0.00790744     0.03316786    -0.00109946    -0.00260352    -0.00411535
273     0.00617337     0.00419481     0.00699381     0.00040596    -0.00180164    -0.00446430
274     0.00064213    -0.00403542     0.00455051    -0.00004674    -0.00196169     0.00316835
275     0.00051974    -0.00029152     0.00007436    -0.00020801     0.00112682    -0.00160373
276    -0.00314157    -0.00237867    -0.00263496     0.00013196     0.00100695    -0.00133448
277    -0.00967018    -0.02702135     0.00865449     0.01276766    -0.00023455    -0.00236452
278     0.01204478     0.00556650    -0.00436208    -0.00871348     0.00147053     0.00087386
279    -0.00588309     0.02659949    -0.00165355    -0.00455683     0.00073744     0.00066631
280     0.02130209     0.00694897     0.00962994    -0.00077891    -0.00099681     0.00267273
281    -0.00154013    -0.00412488     0.00175188     0.00028911     0.00065684    -0.00139533
282    -0.01189780    -0.00586227     0.00120957     0.00032220     0.00037801    -0.00145695
283     0.01438711    -0.02930893    -0.01149390    -0.00250204    -0.00153164    -0.00099697
284    -0.00623560     0.00498232    -0.00132288     0.00123178     0.00075339     0.00069165
285    -0.00780812     0.01687098     0.00987375     0.00147387     0.00070089     0.00046962
286    -0.02732611     0.01188855    -0.03263121    -0.00051301    -0.00717410     0.00595639
287     0.00119432    -0.00550251     0.00789091     0.00060810     0.00293759    -0.00363659
288     0.02100346    -0.00625160     0.01892401     0.00119144     0.00421289    -0.00272182
289     0.00315348     0.00113735     0.01631130    -0.00650651    -0.00689812    -0.02078453
290    -0.00385555    -0.00355199    -0.01134811     0.00371260     0.00506048     0.01184256
291    -0.00399293     0.00071944    -0.00439326     0.00059346     0.00390669     0.00735638
292     0.00301316    -0.00918869    -0.03786558    -0.00358947     0.00613459     0.00494394
293    -0.00646924     0.00247025     0.02614193     0.00159489    -0.00209866    -0.00229906
294     0.00338498     0.00823435     0.00594945     0.00306429    -0.00360077    -0.00263442
295    -0.01793720    -0.02378199     0.01636529    -0.00210596     0.00055493    -0.00129056
296     0.00452808     0.00416088    -0.00186495     0.00086500    -0.00022024     0.00053227
297     0.01340525     0.02023691    -0.00959508     0.00117168    -0.00018486     0.00060429
298    -0.01981595    -0.01033358    -0.01780757    -0.00199716    -0.00116969     0.00299657
299     0.00172709     0.00674308    -0.00559806     0.00071586     0.00054857    -0.00134480
300     0.01195221     0.00913829     0.01045458     0.00106429     0.00070400    -0.00128849
