 Number of water molecules:
         100

 Atomic and electronic energies:
    -1.44427644    -0.10908827

 Atomic coordinates:
  1     7.34650137     1.68914785    12.54345818
  2     7.61255962     0.56058582    10.95100611
  3     7.64451836     3.44818900    12.08113106
  4    -6.68702921     8.88875031     7.52575928
  5    -4.96804858     7.93449684     7.69939658
  6    -6.82456133     9.34743620     5.75557593
  7     4.35728524     8.53266004    11.14299951
  8     3.72834969     7.35849236    12.50155024
  9     4.74916826     7.34425193     9.73701383
 10    -8.86108018     8.52659139    -8.33322407
 11    -9.45614559     6.79760751    -9.13553305
 12    -7.50070949     9.20232649    -9.47543413
 13   -13.71355621     2.04617263     5.65551106
 14   -13.25795428     3.93703999     5.71520990
 15   -13.85805459     1.39816581     3.82798674
 16     7.86648832     9.69576471    -8.94359945
 17     9.59006940     9.77653944    -8.22118250
 18     7.21717899     7.93037396    -8.60634551
 19     5.36800276    -5.43927427   -13.31650139
 20     3.86399105    -4.23850187   -12.99706003
 21     5.14777269    -5.86827614   -15.11344448
 22    -1.25414121     4.83324955     0.05035626
 23    -1.43449911     5.22721470    -1.78508876
 24    -3.09321565     4.94833024     0.83849234
 25     2.39394292     0.49014577    12.83849478
 26     2.02633493     0.08420851    11.06402446
 27     4.28802767     0.90957024    13.10233941
 28     1.54818400     8.94412322    -5.34942760
 29     2.36425997     7.60070652    -4.33013849
 30     2.66662817    10.47740615    -4.99098818
 31    -6.98777991     6.41148652    12.21317736
 32    -6.87609475     4.59667198    11.62504304
 33    -7.16719889     7.45386907    10.64816269
 34    10.22484352    -5.77064026     9.01185579
 35     9.48560908    -4.01804792     9.24307749
 36     8.85076499    -7.08651322     8.70290380
 37     2.57706892     1.84881765    -9.97010724
 38     4.14470632     2.91507187    -9.53089610
 39     2.27545915     0.76372823    -8.45705966
 40     0.60421831     0.48119569     2.21258739
 41     2.20595747     0.08095047     1.17548238
 42     0.14652273     2.23632742     1.55781107
 43    -2.41481504    -2.52614296    -5.21009756
 44    -0.54442125    -2.38509476    -5.73343818
 45    -3.26599719    -0.94878044    -6.01960460
 46     3.17987013    -0.32681093     6.65666906
 47     1.92330591     0.32953234     5.40762309
 48     2.82793663    -2.21380767     6.83106164
 49    -2.78905366    -2.51818157     0.32955058
 50    -1.63115533    -1.26862653     1.15343438
 51    -2.28585266    -2.58681227    -1.49433153
 52    -1.28303222    12.13450917     3.72495846
 53    -0.61465144    10.38593281     3.24053974
 54    -0.86612212    12.33951007     5.62648850
 55    -7.19448456     1.81084286     5.95617271
 56    -6.19228831     1.43268790     7.59479296
 57    -8.78377481     0.81108216     6.09873068
 58   -13.66667949     0.28432631     1.04149581
 59   -12.85129259    -1.42745329     1.62919294
 60   -14.74438407     0.00668857    -0.52677876
 61    -5.45322081     3.35243987   -11.40670815
 62    -7.25607276     3.94444412   -10.95344041
 63    -4.40308719     4.92212454   -11.78174776
 64    12.17782378     7.95169350    -6.29416480
 65    11.92736693     6.08555853    -6.81046930
 66    14.03160433     8.39032762    -6.28189941
 67    -4.66414850    -8.02934294     6.84016225
 68    -6.01256595    -7.35369984     5.70035316
 69    -3.15094386    -8.57929016     5.81931446
 70    -6.91768722    -5.58983053   -10.30812356
 71    -7.23033590    -3.78839684   -10.80614215
 72    -4.98426580    -5.92842454   -10.21383874
 73     7.98591506    -7.49826061     1.55848328
 74     9.58760008    -7.78189755     2.61169372
 75     6.74003651    -7.31480429     2.95166187
 76    14.82853440    -1.95565300     3.71850465
 77    12.92345459    -1.55023282     3.96404749
 78    15.67342659    -0.26630766     3.81943388
 79    -1.78539003     6.91038197     8.90151808
 80    -1.11579135     8.40028051     9.87930572
 81    -1.56408630     5.44926784    10.17532743
 82     4.21523905    11.83616314   -12.09599720
 83     5.63865483    11.34369850   -10.95624809
 84     4.87414518    12.99307267   -13.39951109
 85    -4.04258048     2.03112007    -6.74110699
 86    -3.44653081     3.84005219    -6.31818171
 87    -4.52149586     2.25390018    -8.57695194
 88     0.80937444   -11.62596771     9.37902596
 89    -1.01244817   -11.93416815     9.85006616
 90     0.95988602   -11.60809286     7.43272886
 91     8.72589585     5.66903390     3.71878991
 92     7.51228207     6.96613468     2.91805881
 93    10.03674492     5.40227258     2.34042648
 94     8.46212042    -8.57240929    -3.35144598
 95     7.79429378   -10.24674203    -3.90225864
 96     8.15662024    -8.15030644    -1.42422066
 97     8.12437619    -2.61878269     0.11604690
 98     6.30463484    -2.38486878    -0.45683988
 99     8.19494473    -4.41324649     0.70200873
100    -0.88217345    -7.47394181     2.13372565
101    -1.58592454    -5.72629782     2.16908615
102    -0.94662217    -7.95182502     0.28656494
103   -11.04100164    11.40618371    -4.86015599
104   -12.29290524    12.65486421    -5.61788686
105   -10.42431612    10.30394374    -6.41092532
106    13.57203262    -8.26602042    -3.14306931
107    11.73262163    -8.09872494    -3.29718533
108    14.14129482    -9.40038444    -4.53251458
109   -10.96837739     9.10084019     0.45006581
110   -11.56022561    10.08309816    -1.07928912
111    -9.47640363    10.03906813     1.18823032
112    12.32806857    -6.82683148     4.56923782
113    13.56900652    -5.45081687     4.53239170
114    11.84594495    -6.63110281     6.42348409
115     6.52077632     4.79434428    -7.99575038
116     8.14283743     3.74164960    -7.87683605
117     5.64131196     4.53012316    -6.37254640
118    10.58329698     5.10546637    -0.87445701
119     9.51907989     5.49110286    -2.37734053
120    11.07640285     3.30767190    -1.13996710
121    -5.84804743     4.75787541     1.95519488
122    -5.98559006     3.53297486     3.36004484
123    -7.55872396     4.66345409     1.01225361
124    14.97364870    -3.55806515    -1.37039523
125    15.28026414    -3.36482001     0.48239111
126    14.38825712    -5.41192377    -1.61509888
127   -14.67106396    -2.90850520    -3.05440501
128   -12.79739466    -3.40583513    -3.15664792
129   -15.61970202    -4.52719661    -2.88376609
130    -9.70046160    -3.93056805    -3.40639237
131    -8.71605943    -4.64483570    -2.00978724
132    -8.88047827    -2.13244836    -3.50732308
133     1.41695792    -4.91541953     8.02624739
134     2.00992648    -5.73650593     9.61439140
135    -0.45720598    -4.62003302     8.25195469
136     9.87422958     0.28968653     3.87660042
137     9.50310477     2.11298360     3.44716990
138     9.25263320    -0.77048987     2.44528469
139     2.50707718    13.26486739     0.27859756
140     2.15142363    13.47818023    -1.65157198
141     0.77341318    13.14635620     1.11201769
142     5.00647739     8.52020114     1.47536762
143     3.49215329     8.25963585     2.67978440
144     4.83022654    10.22082783     0.65646522
145    -6.14095335   -10.59055840     0.74139829
146    -4.50966595   -10.59864896    -0.32130893
147    -6.70791198    -8.79293451     0.93326296
148    -7.05165278    -5.57072157     1.69705071
149    -8.68348808    -4.69362628     2.09593797
150    -5.79562013    -4.14567048     1.26641863
151     0.13597529   -12.31748235     4.22494573
152     0.02446309   -10.82684581     3.07706440
153    -1.57994789   -13.18846972     4.16039064
154     5.99970127   -12.80066668    -5.15504284
155     6.25732648   -14.53385593    -5.89150971
156     5.83556843   -11.57324384    -6.72132507
157     9.55776025    -3.76465051   -11.21813334
158     8.02306637    -4.31515038   -12.16042333
159     9.14777702    -4.29144101    -9.50029929
160    -4.81035485     5.13223944    16.76470907
161    -5.68134917     5.98482403    15.34326073
162    -6.24174190     4.59028492    17.99619721
163    11.66934776     2.88824154    -6.74276394
164    12.56790896     1.86863642    -8.11381748
165    11.83958031     2.02084762    -5.06568264
166    -2.79137880     6.76974057    -4.37724366
167    -4.12101557     8.15029184    -4.26426100
168    -1.13779561     7.68350387    -4.88937860
169     6.33354000    -9.20537021    -8.95657870
170     5.77912230    -8.88162680   -10.80115156
171     6.42471104    -7.44637032    -8.12447242
172    -5.59925679     0.55879020    10.99903153
173    -4.93518986    -1.29379512    10.93225874
174    -4.09896816     1.50471448    11.67945359
175    -4.33715673   -12.80920572     9.48558460
176    -5.19686346   -11.01711379     9.14101961
177    -4.31657470   -13.67437851     7.78173379
178    -1.96457759     0.60221211   -14.77229966
179    -1.34455887     2.43750870   -14.62425543
180    -3.52121687     0.64504253   -13.70113840
181    -6.13872141    10.35200574    -3.38384379
182    -6.39567801     9.82312328    -1.55091564
183    -7.87311070    10.84112677    -4.05557084
184     4.66572652    13.12318087     5.02524428
185     6.48264522    13.77309857     4.69483095
186     3.62687971    13.27683234     3.43180707
187   -13.98879866    -8.27522756     1.91353119
188   -14.82091222    -9.37128650     3.29903202
189   -13.26912754    -9.46279727     0.53318391
190    -4.91468888   -14.13687823     3.97407184
191    -5.95003372   -15.60610511     3.40522899
192    -5.52010195   -12.52640838     3.08035065
193    12.98425217     0.17721276   -10.76455809
194    14.33703838    -0.94406015   -11.52818812
195    11.25125950    -0.75334512   -10.98739461
196     0.13403729     8.99199732   -10.22627422
197     1.73667275     9.80146317   -11.01492370
198     0.59147359     9.06211279    -8.33666903
199     4.95162533    12.55747493    -4.76035308
200     5.89241679    12.18846743    -6.49862780
201     6.23571840    12.03714849    -3.52357248
202    -0.07091237     4.74945863   -13.22609896
203     0.04906658     6.51020757   -12.29708535
204     0.81684134     3.50334815   -12.06864923
205   -11.56322018    -3.78347072     3.05774041
206   -11.80221608    -3.39536030     4.94114071
207   -12.68456058    -5.29833206     2.78483459
208     2.14540962   -14.34938806    -2.14634735
209     3.53446603   -13.67257801    -3.23029082
210     3.06720720   -15.30225064    -0.73068266
211     3.94303981   -15.87178724     2.95058831
212     2.52346089   -14.65583355     3.43372644
213     4.71528645   -16.29240235     4.70777575
214     1.21509310    11.69994468     8.75503187
215     2.36557629    10.84356277    10.03276854
216     2.45797984    12.39236868     7.39605061
217    -3.38125066   -10.01160320    -6.29188970
218    -5.29899722   -10.05525974    -6.44200794
219    -2.57563472    -8.67104734    -7.40655321
220    -1.72648505     3.43305032    12.90232415
221    -2.65961799     4.14012347    14.44751820
222    -0.22958572     2.35319720    13.44071245
223   -10.86995327   -10.87433148    -1.69562016
224    -9.20287011   -11.36987623    -0.88160129
225   -10.45883200   -10.01489722    -3.30118893
226     7.43390327    -4.75542640    -6.32143168
227     7.27371624    -3.36548416    -5.06136267
228     7.81707136    -6.31379333    -5.25972410
229    -4.81416007    10.64826582   -11.50531684
230    -3.18704885     9.69702970   -11.37454493
231    -4.42108977    12.47823882   -11.86907515
232   -11.93412088    -2.11659298     8.01072886
233   -12.69328879    -0.48328854     7.16983983
234   -11.87820088    -1.52294038     9.76685267
235   -11.64763287     0.45854910    -7.05593431
236   -12.86132238    -0.83558541    -6.35044057
237   -10.29567294     0.67012018    -5.74980135
238    -7.92762840     0.46398361    -3.41689322
239    -6.33722114     1.14842969    -4.21962195
240    -8.43720313     1.91768226    -2.23258776
241     7.20270535    -9.83270121     7.18738854
242     8.62711609   -11.05157192     6.57314293
243     6.20614286    -9.38295438     5.61533915
244     9.66445848    10.43978976    -2.30499819
245     9.81780240     9.50773263    -0.76720025
246    10.24637870     9.34940625    -3.72793365
247    -2.03289854   -11.16911848    -1.85008142
248    -2.59819004   -10.66433508    -3.56601923
249    -0.75432905   -12.58383917    -2.21867325
250   -10.34926251     4.02262889    -0.47260130
251   -11.11295473     5.83782975    -0.22601462
252   -11.56564559     2.71761923     0.27805364
253   -11.60183310     7.08040052     5.44639468
254   -10.02027830     7.29234358     6.47756248
255   -11.54352749     8.39637824     4.06991284
256     4.77208465     5.38418950    -2.97139868
257     5.18391747     6.11631388    -1.20112581
258     4.73886875     3.48897465    -2.66588435
259    -1.75659498    -5.94340891    -9.29724051
260    -2.07518930    -4.56959716    -7.95556356
261    -0.39209176    -5.28157802   -10.42814844
262     7.87235836    -1.09241052     8.39548253
263     8.97544225    -0.14689739     7.02379211
264     6.08502270    -1.05881224     7.55088152
265     1.50234870    -2.71192102   -12.80139359
266     0.24432652    -1.54924693   -13.77592704
267     2.31670963    -1.39822316   -11.66393014
268    -6.14501989     9.86058005     2.04198694
269    -4.55712653    10.88035516     2.12508285
270    -5.49616405     8.01882470     2.02666641
271     5.65246546     4.88477606     7.79780826
272     6.92313814     5.05612121     6.35389357
273     4.60305315     3.34310834     7.22907832
274     3.85528101    -7.91771477    11.69834695
275     5.66395462    -7.98057809    11.15717575
276     3.05679271    -9.52694821    11.06126617
277    11.71077657     0.27992203    -2.41117419
278    10.24400445    -0.75409883    -1.75774439
279    13.20092732    -0.89589913    -2.09625118
280    -0.33659627    -5.85163026    14.14117207
281     1.12473105    -6.86842248    13.68097396
282     0.34528159    -4.36239543    15.16604928
283    -9.30811564    -8.21350797    -6.07380296
284    -8.96337109    -7.84944705    -7.98195990
285    -9.77471029    -6.49694007    -5.32017990
286     3.82939139    -7.23009869     4.43286860
287     3.24081013    -6.47863793     6.02608798
288     2.17692371    -7.48325492     3.44724162
289     2.32475099    -1.85131531    -6.32605515
290     2.78699627    -0.80296827    -4.81643479
291     3.79677631    -2.97507836    -6.68911109
292     0.53904860     7.25488478     4.05634281
293    -0.25426165     6.83863034     5.78526592
294    -0.24906329     6.13775054     2.66766813
295   -10.65772165     3.98855271   -10.35809391
296   -11.97598791     4.25666691   -11.57934671
297   -11.21824237     2.44216990    -9.22838623
298    -3.44718936    -4.20471423    10.20055627
299    -2.72778365    -5.17547929    11.66803540
300    -4.32001545    -5.45813572     9.01071898

 Atomic and electronic forces:
  1    -0.00691933    -0.03967011    -0.00452755     0.00068146     0.00039480     0.00342289
  2     0.00074282     0.01383543     0.01829262    -0.00052268    -0.00009325    -0.00213550
  3     0.00705047     0.02730666    -0.01133248    -0.00038336    -0.00040899    -0.00169715
  4     0.02866482    -0.03515902     0.03557718    -0.00174378     0.00139178     0.00153115
  5    -0.02344535     0.01785173     0.00225461     0.00096316    -0.00081093    -0.00101576
  6    -0.00219831     0.01528951    -0.03843237     0.00098313    -0.00081450    -0.00069928
  7    -0.01183085     0.00029360     0.02380338    -0.00001830     0.00172478     0.00270689
  8     0.00137065     0.00812885     0.00484061     0.00006496    -0.00066731    -0.00133616
  9     0.01199475    -0.01047934    -0.02413406    -0.00004456    -0.00107578    -0.00175510
 10    -0.01987873    -0.03905647    -0.01744042    -0.00223617     0.00142787    -0.00099936
 11     0.00913145     0.03430473     0.01854285     0.00117319    -0.00057165     0.00056949
 12     0.00861408     0.00590082    -0.00592394     0.00105102    -0.00080596     0.00062204
 13     0.00600955     0.00256361     0.01377812    -0.00186389     0.00021546     0.00081423
 14    -0.00289306    -0.01322444    -0.01075308     0.00092477    -0.00020783    -0.00041756
 15     0.00084545     0.01461755     0.00349110     0.00102842    -0.00008164    -0.00034336
 16    -0.02541862     0.01505458    -0.00538916     0.00150326     0.00435376    -0.00291153
 17     0.02289166    -0.00292527     0.00801715    -0.00107193    -0.00206340     0.00121772
 18    -0.00054915    -0.00828892    -0.00247002    -0.00096675    -0.00285553     0.00220206
 19     0.00329923     0.00062793     0.01649680     0.00036338    -0.00240766    -0.00484089
 20    -0.00106275    -0.00529009     0.00050831     0.00019699     0.00115348     0.00288802
 21     0.00263720    -0.00980607    -0.02264495    -0.00009038     0.00086975     0.00189015
 22    -0.01341129    -0.01176974     0.04178455    -0.00925785     0.00777174     0.00379727
 23    -0.01355682     0.00960382    -0.02052383     0.00461620    -0.00408133    -0.00045770
 24     0.02530181    -0.00622035    -0.02004056     0.00344154    -0.00224977    -0.00142474
 25     0.01112888     0.00784313     0.03287048    -0.00046703     0.00012296     0.00345569
 26     0.00570803    -0.00496861    -0.02223905     0.00039703    -0.00002237    -0.00218913
 27    -0.01508617    -0.00629926    -0.00985259     0.00001477    -0.00010587    -0.00171858
 28    -0.00553172     0.01104334    -0.00464603    -0.00241548     0.00742911    -0.00242446
 29     0.01297507    -0.02022582     0.01054902     0.00150122    -0.00549891     0.00137313
 30    -0.00091073     0.00796060    -0.00625290     0.00055842    -0.00322437     0.00079666
 31     0.00121589    -0.01613288     0.01038067    -0.00124602     0.00070145     0.00157509
 32    -0.00134722     0.00184273     0.00220013     0.00072818    -0.00029788    -0.00089138
 33    -0.00171038     0.01299325    -0.01119681     0.00069999    -0.00045024    -0.00077698
 34     0.00280415    -0.00966570    -0.00124052     0.00175545    -0.00169959     0.00336095
 35    -0.00748763    -0.00211346    -0.00086805    -0.00090949     0.00069998    -0.00202941
 36     0.00269201     0.00987372     0.00232410    -0.00070369     0.00108999    -0.00170826
 37     0.01910696     0.01217945    -0.00110142    -0.00316809     0.00271350    -0.01164998
 38    -0.01104579    -0.00146621    -0.01034100     0.00039078    -0.00248102     0.00607668
 39    -0.00773726    -0.01181459     0.00791577     0.00303850    -0.00079740     0.00777990
 40     0.04187877     0.00787847    -0.02766752    -0.01378279     0.00191809     0.01541083
 41    -0.02335300    -0.00163003     0.02315299     0.00724899    -0.00050612    -0.01062724
 42    -0.01444950     0.00311052     0.00561590     0.00632136    -0.00320665    -0.00548075
 43     0.00384409     0.01431343    -0.01166577    -0.01086933    -0.00389737    -0.00467732
 44    -0.00915846    -0.00124107     0.00301746     0.00632650     0.00294647     0.00437355
 45     0.00406363    -0.01229875     0.01223714     0.00470671     0.00059299     0.00225284
 46     0.01785098    -0.00007952     0.00566292    -0.00140865    -0.00029847     0.00979002
 47    -0.01350926     0.00158012    -0.01060664     0.00192638    -0.00028511    -0.00566162
 48    -0.00805901    -0.00001121     0.00558474     0.00076179     0.00100086    -0.00431307
 49    -0.01417187    -0.02299089    -0.00127695    -0.01086197    -0.00348487     0.00384794
 50     0.00810920     0.01355930     0.01316819     0.00635733     0.00115689    -0.00354078
 51    -0.00723635    -0.00127422    -0.01436732     0.00667869     0.00240054    -0.00072670
 52     0.00489672    -0.00834224     0.00859902    -0.00146215     0.00307831     0.00152526
 53    -0.00048556     0.00573130     0.01263716     0.00098413    -0.00200338    -0.00106390
 54    -0.00520401    -0.00219342    -0.01811771     0.00057339    -0.00132414    -0.00084810
 55     0.02646198    -0.00109142     0.01715001    -0.00316022     0.00050635     0.00222473
 56    -0.01470714     0.00378419    -0.01466126     0.00139613    -0.00019580    -0.00128824
 57    -0.01064202    -0.00480034     0.00080790     0.00139517    -0.00009250    -0.00088029
 58     0.01058236    -0.00556704     0.00558353    -0.00235034     0.00004436     0.00043263
 59    -0.01499632     0.02035020    -0.01536584     0.00125046     0.00009791    -0.00028286
 60     0.00685553    -0.01333287     0.00418719     0.00109162    -0.00000355    -0.00010096
 61    -0.00587482     0.01248651     0.00605952    -0.00303147     0.00101237    -0.00274478
 62     0.01144331    -0.00778196    -0.00774079     0.00139831    -0.00046747     0.00102009
 63    -0.00757197    -0.00824856    -0.00198374     0.00136929    -0.00075166     0.00144154
 64    -0.01142123    -0.00380257    -0.00131700     0.00386142     0.00397880    -0.00192684
 65     0.01207706     0.01113953     0.00512839    -0.00257417    -0.00209302     0.00149350
 66    -0.00188087    -0.00715633    -0.00190229    -0.00166356    -0.00145578     0.00066746
 67     0.00543992    -0.00061189     0.01276041    -0.00214099    -0.00185117     0.00213503
 68    -0.00279101     0.00058885    -0.01172137     0.00126259     0.00086880    -0.00095852
 69    -0.00493944     0.00194065    -0.00512594     0.00114481     0.00126782    -0.00121560
 70     0.02047268    -0.01028701     0.00421085    -0.00274687    -0.00132757    -0.00191832
 71     0.00345079    -0.00062022    -0.00060558     0.00143189     0.00045670     0.00103269
 72    -0.02575668     0.00775665    -0.00243137     0.00151511     0.00093292     0.00125739
 73     0.02974844     0.00079279     0.00055720     0.00396047    -0.00771925     0.00409280
 74     0.00938455     0.00132895    -0.01235899    -0.00183263     0.00263628    -0.00170060
 75    -0.03464167     0.00219994     0.00888126    -0.00127282     0.00365270    -0.00267216
 76    -0.03500658     0.00370624     0.00072965     0.00457401    -0.00086012     0.00264460
 77     0.02372184    -0.00502299    -0.00119819    -0.00278804     0.00051193    -0.00203465
 78     0.00818925     0.00184579     0.00164492    -0.00215354     0.00005726    -0.00117348
 79     0.00359439    -0.01936767     0.00831735    -0.00164619     0.00182038     0.00292874
 80     0.00088522     0.01186309    -0.00536861     0.00057852    -0.00087106    -0.00125576
 81    -0.00759333     0.00630706    -0.00863146     0.00074995    -0.00067988    -0.00154208
 82    -0.02209346    -0.00963760     0.00638827    -0.00006596     0.00268524    -0.00219166
 83     0.01525653    -0.00620669     0.00721449    -0.00015968    -0.00160218     0.00120212
 84     0.00693165     0.01018009    -0.01163655    -0.00003061    -0.00107649     0.00090882
 85     0.01452168     0.02245469     0.00966259    -0.00723426     0.00166510    -0.00370830
 86    -0.00569349    -0.01414926     0.01040629     0.00355549    -0.00169430     0.00175997
 87    -0.00891158    -0.00647576    -0.01428882     0.00261856    -0.00063949     0.00179869
 88     0.01781869     0.01093868    -0.01563139    -0.00061990    -0.00198032     0.00200681
 89    -0.00766700    -0.00565151    -0.00237137     0.00039444     0.00085715    -0.00087999
 90    -0.00823401    -0.00653229     0.01981640     0.00038306     0.00127494    -0.00107916
 91    -0.01081188    -0.00027172    -0.00704082     0.00433987     0.00563184     0.00597294
 92     0.00245898    -0.00416508     0.01116461    -0.00158690    -0.00357658    -0.00265873
 93     0.00320015     0.00491657    -0.00199892    -0.00304001    -0.00287501    -0.00248897
 94     0.00888763     0.04489532     0.02715750     0.00393015    -0.00801595    -0.00092261
 95    -0.01296857    -0.02216795     0.00938461    -0.00110937     0.00326327     0.00049928
 96     0.00107668    -0.02624196    -0.03129492    -0.00216813     0.00446802    -0.00053327
 97    -0.02632392     0.03079668    -0.02176828     0.01813279    -0.01152669     0.01140316
 98     0.01419820    -0.00410507     0.00769709    -0.00781081     0.00830275    -0.00694104
 99     0.00827954    -0.02655120     0.00925212    -0.00501070     0.00528116    -0.00379971
100     0.01250900    -0.00534331    -0.00213399    -0.00424570    -0.00575886     0.00347757
101    -0.01003880     0.01486229     0.00289792     0.00300495     0.00271942    -0.00217503
102    -0.00293676    -0.01130129    -0.00212172     0.00232879     0.00331697    -0.00108553
103    -0.00194932    -0.00667235    -0.02924582    -0.00172315     0.00126706    -0.00027897
104     0.00848071    -0.00790991     0.00705364     0.00071231    -0.00053779     0.00013885
105    -0.00558037     0.01279926     0.02719704     0.00095001    -0.00065691     0.00025848
106     0.03233390     0.00574867     0.00788886     0.00395057    -0.00351513    -0.00030372
107    -0.03554335    -0.00193619    -0.00198836    -0.00229804     0.00249408     0.00026839
108     0.00416297    -0.00462413    -0.00397839    -0.00156076     0.00149275     0.00033672
109    -0.01054545     0.00076453    -0.00177637    -0.00210153     0.00124062     0.00037674
110     0.00204671     0.00047904    -0.00219016     0.00095589    -0.00060183    -0.00007441
111     0.00630482    -0.00024149    -0.00077498     0.00105314    -0.00075869    -0.00026448
112    -0.01606061    -0.00728811     0.01231084     0.00327553    -0.00275809     0.00281376
113     0.02849111     0.02001456    -0.02079968    -0.00183007     0.00106924    -0.00135753
114    -0.01399992    -0.01252164     0.00432455    -0.00131602     0.00114651    -0.00152361
115     0.01977807    -0.01899363    -0.01454005     0.00358367     0.00883157    -0.00994430
116    -0.00280955     0.01121523    -0.00591524    -0.00329432    -0.00344099     0.00486561
117    -0.01185721     0.00963346     0.02240914    -0.00167164    -0.00695168     0.00580143
118    -0.00876298     0.00660540     0.00425794     0.00918787     0.00747458     0.00224415
119    -0.00269337     0.01049996    -0.00902260    -0.00466009    -0.00502000    -0.00004314
120     0.01672649    -0.01993106    -0.00201745    -0.00598061    -0.00285217    -0.00113182
121     0.00193807     0.02560523    -0.03572810    -0.00462693     0.00214114     0.00190289
122    -0.01078791    -0.02253926     0.02929246     0.00222084    -0.00075701    -0.00119546
123     0.00817963    -0.00258348     0.00811114     0.00206345    -0.00080359    -0.00056866
124    -0.01567287    -0.01617977    -0.01147952     0.00600418    -0.00200123     0.00061483
125     0.00520053     0.00225972     0.01598287    -0.00271062     0.00083214    -0.00071826
126     0.01117394     0.01549097    -0.00453064    -0.00274696     0.00146748    -0.00022981
127     0.01064511     0.00365444    -0.00589546    -0.00214464    -0.00031838    -0.00008376
128    -0.00531771     0.00258439     0.00153307     0.00128970     0.00024890     0.00006385
129    -0.00570191    -0.00623343     0.00165742     0.00094040     0.00020844     0.00002707
130    -0.00502738     0.01827462    -0.01326413    -0.00358405    -0.00097198    -0.00028208
131     0.01107784    -0.02330341     0.02372457     0.00197313     0.00067855    -0.00003985
132    -0.01224493    -0.00894800    -0.00621495     0.00217179     0.00033624     0.00019711
133    -0.00441559     0.01325402    -0.01750188    -0.00149879    -0.00238755     0.00512369
134     0.00724173    -0.01123753     0.02072673     0.00041025     0.00096184    -0.00202949
135    -0.00471071     0.00118888     0.00662619     0.00103852     0.00095073    -0.00222292
136     0.01000074     0.01313963     0.01411031     0.00773988     0.00024165     0.00844934
137     0.00018317     0.00277765     0.00504536    -0.00398017    -0.00152883    -0.00436873
138    -0.00622235    -0.01308479    -0.01446331    -0.00553832     0.00095788    -0.00519032
139    -0.01293757    -0.00370245    -0.03569909    -0.00062534     0.00420269     0.00082218
140     0.01134511     0.00000678     0.03422526     0.00036927    -0.00213535    -0.00010886
141     0.00215957     0.00398127     0.00240843     0.00054059    -0.00191710    -0.00049884
142    -0.00150327    -0.02580644     0.00338455     0.00051347     0.00840371     0.00365239
143     0.00905442     0.00743860    -0.00710347     0.00044153    -0.00367429    -0.00217909
144    -0.00767958     0.01278154     0.00293846    -0.00011526    -0.00342413    -0.00098390
145    -0.00465587    -0.01217633     0.00028100    -0.00245296    -0.00241120     0.00069500
146    -0.00369845    -0.00290573     0.00264773     0.00136063     0.00157864    -0.00029366
147    -0.00048838     0.01865655     0.00159824     0.00149610     0.00115502    -0.00042719
148     0.03205632     0.00647222    -0.01275215    -0.00390808    -0.00183931     0.00133990
149    -0.02083784     0.00573228     0.00845310     0.00172051     0.00059815    -0.00057020
150    -0.00604242    -0.01213463     0.00364475     0.00267867     0.00104138    -0.00091649
151     0.00230690    -0.01354846     0.01176733    -0.00114967    -0.00326510     0.00174620
152    -0.00444871     0.01135111    -0.01067298     0.00087186     0.00211051    -0.00105983
153    -0.00025727    -0.00078503    -0.00248257     0.00062884     0.00136332    -0.00067328
154    -0.00270306     0.02428555    -0.03123648     0.00057539    -0.00457629    -0.00101996
155     0.00116711    -0.00136707    -0.00056754    -0.00022396     0.00175678     0.00043308
156     0.00500129    -0.02065597     0.02595676    -0.00030526     0.00248029     0.00095018
157     0.01921309     0.02106978    -0.01061530     0.00324231    -0.00242827    -0.00560217
158    -0.01630788    -0.00797575    -0.02291377    -0.00101496     0.00125519     0.00281628
159     0.00070282    -0.00940254     0.03767684    -0.00220533     0.00204405     0.00332590
160    -0.01592087    -0.02374909     0.04273279    -0.00072965     0.00040743     0.00149864
161    -0.01263653     0.01443324    -0.02465955     0.00043479    -0.00025827    -0.00075500
162     0.02922377     0.00985998    -0.02128519     0.00034185    -0.00014816    -0.00064772
163    -0.01683111     0.02369331    -0.01201961     0.00835829     0.00329744    -0.00483350
164     0.00057010    -0.00507349    -0.00048028    -0.00325026    -0.00074294     0.00222615
165     0.00939269    -0.01633021     0.00930731    -0.00547466    -0.00144648     0.00184621
166     0.02153033    -0.01363782    -0.01019013    -0.00560111     0.00520738    -0.00152550
167    -0.00885801     0.00926699     0.00073289     0.00202301    -0.00191508     0.00044451
168    -0.01457774    -0.00046712     0.00175596     0.00237092    -0.00324811     0.00104815
169    -0.01275585     0.01887147    -0.01318580     0.00101633    -0.00494764    -0.00357673
170     0.00864188    -0.00289940     0.02209010    -0.00028406     0.00194848     0.00186280
171     0.00235096    -0.01736278    -0.01019342    -0.00090468     0.00339916     0.00265491
172     0.00657316    -0.02890830    -0.01041178    -0.00176797     0.00011002     0.00232725
173    -0.01279534     0.01823461    -0.00194585     0.00089482     0.00011536    -0.00125492
174     0.00811136     0.01255416     0.00728418     0.00078747    -0.00014372    -0.00128055
175    -0.02335295     0.05517766    -0.01562646    -0.00097782    -0.00141355     0.00131050
176     0.02603155    -0.05086368     0.01074211     0.00062216     0.00070282    -0.00073631
177    -0.00230614    -0.00286280     0.00054484     0.00051999     0.00080433    -0.00059736
178     0.00146695    -0.00551857     0.00023401    -0.00192181     0.00017391    -0.00365265
179     0.00657172    -0.00353861    -0.00448307     0.00091793    -0.00037652     0.00190430
180    -0.01184848    -0.00290139     0.00185195     0.00122172    -0.00009553     0.00171549
181     0.00136836    -0.00391355     0.01115347    -0.00261678     0.00255050    -0.00025432
182    -0.00148818     0.00670185    -0.00739910     0.00140099    -0.00126560    -0.00010118
183    -0.00072127     0.00027687    -0.00001575     0.00111650    -0.00097985     0.00015403
184     0.02778311     0.00766212     0.00816797     0.00004689     0.00313392     0.00174604
185    -0.03394064    -0.01009474     0.00221715    -0.00021764    -0.00148598    -0.00075455
186     0.00514576     0.00496393    -0.00887617     0.00011382    -0.00178017    -0.00076739
187    -0.00629706    -0.02251279     0.00890597    -0.00171496    -0.00075954     0.00039029
188     0.01387023     0.01353745    -0.02486997     0.00072822     0.00035007    -0.00021095
189    -0.00440705     0.01050595     0.01476651     0.00087179     0.00045980    -0.00013864
190     0.01461294     0.00780546     0.01914252    -0.00131218    -0.00196117     0.00087617
191    -0.00578160    -0.00109860    -0.00620846     0.00057299     0.00085229    -0.00031341
192    -0.00350209    -0.01056351    -0.00797994     0.00086112     0.00106820    -0.00046194
193    -0.02133062    -0.01466783    -0.00231413     0.00411021     0.00008331    -0.00397822
194    -0.00938564     0.00331572     0.00201455    -0.00166516     0.00015922     0.00152306
195     0.03389275     0.00598431    -0.00156495    -0.00213622     0.00024243     0.00267232
196     0.02707912     0.00571093    -0.00057470    -0.00172861     0.00355757    -0.00308668
197    -0.01765888    -0.00094798    -0.00267782     0.00047705    -0.00168878     0.00147823
198    -0.00975939    -0.00279198    -0.00460690     0.00103983    -0.00241866     0.00157450
199     0.01376149    -0.01259833    -0.06787957     0.00017511     0.00483428    -0.00091384
200    -0.02899449     0.01413934     0.04119705    -0.00026099    -0.00229047     0.00076760
201     0.02222297    -0.00197275     0.02707783    -0.00038635    -0.00268009     0.00025631
202    -0.00071822     0.04949072     0.01938961    -0.00183069     0.00187507    -0.00429283
203    -0.00174532    -0.03297732    -0.01715215     0.00090300    -0.00130944     0.00199226
204     0.00619362    -0.00120273     0.00328302     0.00116730    -0.00107934     0.00301153
205     0.00058253     0.00958710     0.01288215    -0.00251571    -0.00057905     0.00083707
206     0.00525184     0.00244904    -0.00098731     0.00111850     0.00022722    -0.00049605
207    -0.00633545    -0.01613930    -0.00955154     0.00108279     0.00032837    -0.00031974
208    -0.00282662    -0.01342970     0.02202304    -0.00062010    -0.00386298     0.00004114
209     0.01186348     0.00874440    -0.01293620     0.00014320     0.00219816     0.00015047
210    -0.01191877     0.00589906    -0.00468269     0.00015285     0.00172582    -0.00017919
211     0.00736602     0.00276410     0.04349317    -0.00008014    -0.00279369     0.00093302
212    -0.00093642    -0.00079526    -0.00991511     0.00019698     0.00152418    -0.00060174
213    -0.00880181     0.00107747    -0.03620623    -0.00002420     0.00120487    -0.00052274
214     0.00950077     0.01308011    -0.02392106    -0.00059776     0.00215032     0.00202486
215     0.00350270    -0.00313077     0.00105614     0.00018914    -0.00097863    -0.00110909
216    -0.01120267    -0.00768308     0.01684794     0.00020593    -0.00126898    -0.00098982
217    -0.00659083    -0.00150973    -0.00300990    -0.00273671    -0.00341967    -0.00139424
218     0.01134672     0.00870655    -0.00664327     0.00129614     0.00131151     0.00055015
219    -0.01225346    -0.00057009    -0.00405615     0.00158026     0.00189656     0.00114211
220    -0.00981344     0.00841326    -0.00940308    -0.00107150     0.00060174     0.00262427
221     0.00839516    -0.00654971     0.00170208     0.00044876    -0.00026364    -0.00105325
222     0.00097050     0.00001226     0.00595477     0.00042100    -0.00021556    -0.00141106
223    -0.00739090    -0.01232981     0.02904892    -0.00189383    -0.00132731     0.00007297
224    -0.00232090     0.00297301    -0.00219490     0.00099615     0.00081847    -0.00010186
225     0.00756442     0.01113999    -0.02627868     0.00105402     0.00069832     0.00007144
226    -0.01483865     0.01143662    -0.00697343     0.00731248    -0.01165075    -0.00962171
227     0.00810970     0.00439937     0.00186006    -0.00620277     0.00731766     0.00570822
228     0.00800166    -0.01224043     0.00420075    -0.00293811     0.00533631     0.00246525
229    -0.01787727     0.00477974    -0.00082236    -0.00158852     0.00181555    -0.00155438
230     0.01603189     0.00011568     0.00346464     0.00087873    -0.00110733     0.00102532
231     0.00129469    -0.00719917     0.00153542     0.00062136    -0.00086936     0.00066032
232    -0.01518929     0.03573640    -0.03347627    -0.00180958    -0.00022468     0.00113471
233     0.00626371    -0.02557652    -0.00019977     0.00093118     0.00002239    -0.00051265
234     0.00671067    -0.00650468     0.02988457     0.00079167     0.00007010    -0.00058321
235    -0.01466087    -0.00624062    -0.01074260    -0.00275461     0.00008353    -0.00080679
236    -0.00070976     0.00182008     0.00046575     0.00125048     0.00005708     0.00029038
237     0.01088839     0.00059781     0.01146797     0.00171936    -0.00008112     0.00039839
238     0.00718773     0.02832737     0.00960887    -0.00515125     0.00020403    -0.00045993
239     0.00654154    -0.00369263    -0.01047131     0.00324777    -0.00034495     0.00057045
240    -0.00952874    -0.00832336    -0.00161221     0.00235659    -0.00035463    -0.00001480
241     0.03974758    -0.02413332    -0.01270050     0.00086794    -0.00294455     0.00286997
242    -0.02777434     0.02212345     0.01570421    -0.00054792     0.00139739    -0.00113345
243    -0.00923397     0.00102279     0.00641098    -0.00041032     0.00201691    -0.00172206
244    -0.02183685     0.03270133    -0.03347361     0.00263469     0.00531102     0.00003494
245     0.00863470    -0.02513616     0.04259101    -0.00162398    -0.00288337    -0.00048060
246     0.01272945    -0.00456093    -0.01166888    -0.00172817    -0.00280575     0.00039664
247     0.02808911    -0.01359946     0.03657357    -0.00251414    -0.00424527     0.00015844
248    -0.01226871     0.00963285    -0.03629663     0.00139835     0.00206850     0.00025815
249    -0.00101595     0.00355902     0.00930932     0.00086920     0.00206984    -0.00000910
250    -0.00152226     0.02156602     0.00339970    -0.00323931     0.00088526     0.00040188
251     0.00954213    -0.03007761    -0.00042079     0.00134456    -0.00050559    -0.00018022
252    -0.00354037     0.00816072    -0.00159484     0.00146159    -0.00025134    -0.00023528
253    -0.00233046    -0.00430425     0.00093042    -0.00184653     0.00081708     0.00088906
254     0.00242566     0.00138025     0.00420225     0.00094134    -0.00047562    -0.00056916
255    -0.00295447    -0.00282201    -0.00392744     0.00092604    -0.00048694    -0.00036833
256     0.00722062    -0.02112217     0.02690622     0.00107526     0.02321396    -0.00257879
257    -0.00733138     0.00682138    -0.01825882    -0.00094370    -0.00864550    -0.00144188
258    -0.00211582     0.01553504    -0.00349259    -0.00096029    -0.01339467     0.00110886
259    -0.00947267     0.01182972     0.01877836    -0.00371614    -0.00344027    -0.00411296
260     0.00003262    -0.01441763    -0.00804586     0.00282107     0.00190853     0.00241237
261     0.00645020     0.00305619    -0.01042381     0.00158354     0.00166067     0.00257719
262    -0.00187554     0.02129088    -0.04607603     0.00199169    -0.00060412     0.00598642
263    -0.01518343    -0.02330258     0.02714645    -0.00168974     0.00006028    -0.00335339
264     0.01927303     0.00019791     0.01970360    -0.00070095     0.00041490    -0.00395718
265    -0.02057460     0.03603971     0.00405170    -0.00178073    -0.00155754    -0.00597165
266     0.00446378    -0.01960298    -0.00064553     0.00095439     0.00034327     0.00250479
267     0.00178667    -0.00218284     0.00025809     0.00104053     0.00064107     0.00414740
268     0.00827238    -0.02199122    -0.00216714    -0.00247975     0.00230280     0.00101462
269     0.00901002     0.01797516     0.00526194     0.00112992    -0.00136045    -0.00055363
270    -0.01716959     0.00895028     0.00153367     0.00164301    -0.00132145    -0.00071215
271    -0.01236910    -0.03031139    -0.02097765     0.00069959     0.00277500     0.00570905
272     0.00445929     0.01148780     0.00640794    -0.00094145    -0.00187915    -0.00320456
273     0.00742305     0.01718894     0.01655159    -0.00006648    -0.00133257    -0.00378274
274    -0.00368270     0.01072973     0.00259157    -0.00010594    -0.00154383     0.00275717
275     0.00639721    -0.00322810    -0.00063795    -0.00013781     0.00084288    -0.00143492
276    -0.00703002    -0.01106216    -0.00403949     0.00012416     0.00087390    -0.00123711
277    -0.01021908     0.00372926     0.00355245     0.01440227     0.00038513     0.00024236
278    -0.00159777    -0.00448587     0.00422120    -0.00920668     0.00126735    -0.00121266
279     0.01178186    -0.00433111    -0.00297659    -0.00498617     0.00052140    -0.00022777
280    -0.02683283     0.03924348     0.01840583    -0.00066083    -0.00079916     0.00227498
281     0.03419308    -0.02481482    -0.01160393     0.00024484     0.00050381    -0.00118560
282    -0.00773371    -0.01340732    -0.00919733     0.00026712     0.00028031    -0.00114023
283     0.00422870     0.00315953    -0.03275343    -0.00251854    -0.00147978    -0.00068960
284    -0.00325844    -0.00314759     0.03061449     0.00121402     0.00069946     0.00051194
285     0.00428790    -0.00195227     0.00088100     0.00144020     0.00064621     0.00030554
286     0.00387278    -0.01549253    -0.04995037    -0.00043303    -0.00610326     0.00577955
287    -0.01294630     0.01643573     0.03634769     0.00039447     0.00222108    -0.00290151
288     0.00813489    -0.00146552     0.00317871     0.00102199     0.00338302    -0.00264832
289     0.00412446     0.01333683     0.00762420    -0.01222132    -0.00987047    -0.02092819
290    -0.00303989    -0.00087984     0.00014921     0.00761394     0.00370536     0.01066830
291     0.00811497    -0.01364712    -0.00810956     0.00181015     0.00586086     0.00871342
292    -0.00230338    -0.00432825    -0.00224290    -0.00283252     0.00517690     0.00448047
293     0.00249459     0.00232587    -0.01075341     0.00124609    -0.00179368    -0.00210034
294     0.00312284     0.00668669     0.01301735     0.00245053    -0.00315014    -0.00251533
295     0.03230016    -0.01918329     0.03993948    -0.00226228     0.00059660    -0.00119445
296    -0.03441457     0.00407119    -0.02922337     0.00092850    -0.00024067     0.00051983
297     0.00856780     0.02316972    -0.01228355     0.00123308    -0.00019286     0.00054006
298    -0.00955064     0.00754674    -0.01987010    -0.00178413    -0.00092497     0.00281069
299     0.00506938    -0.00688487     0.01174527     0.00065505     0.00046323    -0.00127146
300     0.00533635    -0.00032469     0.00994415     0.00100889     0.00061331    -0.00129430
