 Number of water molecules:
         100

 Atomic and electronic energies:
    -1.67038816    -0.11084873

 Atomic coordinates:
  1     6.21796451     4.42968606    12.55418915
  2     7.84076155     5.33131265    12.71648790
  3     5.79026482     4.41241912    10.68285549
  4    -7.00648560     9.84009483     6.54009656
  5    -5.61739564     9.15971563     7.71726848
  6    -6.16309843    10.18727957     4.86114185
  7     2.05576898     7.87983795    10.62142982
  8     2.90119808     7.26374789    12.17982163
  9     2.76254012     6.81382834     9.23262787
 10    -8.60710161     8.86569771    -8.90712382
 11    -9.31394729     7.10517123    -9.23919546
 12    -6.92441937     9.01129074    -9.85885666
 13   -11.82457681     3.67008952     6.39694976
 14   -12.00263451     5.56905985     6.59899060
 15   -11.67366685     3.35411257     4.50142608
 16     7.37794313     7.84703388   -10.63108708
 17     8.74927938     8.27491926    -9.36329322
 18     6.47979317     6.32079914    -9.79648039
 19     3.21846135    -5.34937018   -13.43170782
 20     1.79436444    -4.10540817   -13.07076857
 21     2.96904174    -6.08765908   -15.15726950
 22    -2.84265742     5.24203255     0.36575843
 23    -2.71823814     5.61210086    -1.53568046
 24    -4.39924462     4.10952548     0.61640504
 25     4.46342141    -0.40849508    12.32020215
 26     5.51540910    -1.11142727    10.88615863
 27     5.24328228     1.26922772    12.75255934
 28     2.11052425     8.93793388    -4.91111091
 29     3.21467372     7.50089180    -4.22135450
 30     2.97902835    10.54330684    -4.34359864
 31    -4.74181674     4.56000242    13.07854559
 32    -3.15171840     3.65990316    13.62021995
 33    -5.95354452     3.22740181    12.49516535
 34    11.25598635    -5.28965292     6.74101585
 35     9.94128594    -4.44794194     7.84084888
 36    12.64702796    -3.99409513     6.62184233
 37     1.53075311     2.20712009    -9.85080024
 38     3.16210632     2.67045939    -8.88777712
 39     0.12139699     2.18881942    -8.49319749
 40     0.32123025     1.00014237     0.80644427
 41     1.91318284     0.95063865    -0.24106904
 42    -0.57002460     2.64020697     0.38256588
 43    -0.55503856    -2.70687852    -5.03978117
 44     1.31127376    -2.41553113    -5.47997895
 45    -1.48942705    -1.15032627    -5.64567422
 46     1.71666999     0.73172920     5.65186372
 47     1.34183701     1.03899658     3.80061554
 48     0.95731733    -0.98763262     6.08805378
 49    -1.76422950    -3.56326894    -0.22606435
 50    -1.08898212    -1.88253723     0.43276033
 51    -1.56455544    -3.48211146    -2.11312443
 52    -0.95045989    12.19102704     3.87400278
 53    -0.73270894    10.29771642     4.18317087
 54    -0.29845414    13.00856975     5.45273311
 55    -5.54909407    -0.73331084     4.88083106
 56    -6.11439623    -0.26473411     6.62420960
 57    -3.71978380    -1.28304191     4.97727837
 58   -13.75172136    -0.52035698    -1.09008186
 59   -13.86159816    -1.48476319     0.57544206
 60   -13.76536655    -1.89010081    -2.45756576
 61    -5.64914581     3.42774477   -10.59714953
 62    -7.52179483     3.48349144   -10.26724692
 63    -5.11388816     5.25448822   -10.72376320
 64    11.64126496     7.38215318    -7.05407533
 65    11.35766079     5.45332399    -7.14336290
 66    13.26668542     7.67657121    -8.00541790
 67    -6.34964508    -8.75145743     5.02302174
 68    -7.58600182    -7.45162749     4.32317994
 69    -4.66757897    -8.31164681     4.15794047
 70    -3.54951539    -5.09916192   -10.06883023
 71    -2.43154183    -3.85198859   -10.95939507
 72    -2.39276984    -6.16721580    -8.99400814
 73     6.46064436    -7.35972046     1.56301217
 74     7.85221936    -8.39321375     2.46088943
 75     5.38042493    -6.67295639     3.02388755
 76    14.16756699    -0.99548907     5.72016675
 77    12.46574358    -0.18195069     5.37464694
 78    15.28859585     0.22722962     6.62366414
 79    -3.13679669     7.87373600     9.50330733
 80    -1.29467134     7.86252987     9.98029026
 81    -3.97815577     6.75424581    10.85795509
 82     3.15091282     9.75217082   -12.52133642
 83     4.90359907     9.07111451   -11.95114330
 84     2.21530355     8.26674317   -13.34575536
 85    -2.71824344     1.96594110    -6.64684168
 86    -2.74190159     3.67565497    -5.66828597
 87    -3.87568558     2.29674667    -8.17325145
 88    -0.23665020   -10.73302537    10.78168701
 89    -2.02611145   -10.28042413    11.21758452
 90    -0.38633300   -11.29570642     8.91859195
 91     8.03842616     5.70352992     3.94002726
 92     6.37427529     6.47051154     3.31369267
 93     9.29229891     6.11448287     2.54524347
 94     9.15933321    -8.24087801    -2.90404782
 95     8.21840595    -9.64388979    -3.84887156
 96     8.03467479    -7.78109232    -1.43404965
 97     8.29280820    -2.45366205     0.61072132
 98     6.80427172    -1.38993800     0.05078405
 99     7.53297418    -4.23049733     0.81853827
100    -1.94841741    -7.71232061     2.54828774
101    -1.86003466    -6.15023898     1.41936007
102    -2.18105013    -9.14516897     1.21516623
103   -10.49424320    10.59667266    -4.45831332
104   -12.26891999    11.26550694    -4.64392465
105    -9.95155225     9.84991603    -6.15828913
106    13.50855995    -8.57417819    -0.03656067
107    12.00486385    -8.64049559    -1.27492753
108    13.98932606    -6.74718243     0.11090088
109   -10.13107805     8.78124896     0.35161927
110   -10.34017927     9.44831846    -1.39842581
111    -8.32745138     9.13097675     0.86593691
112    10.51532628    -9.36750353     3.98139882
113    10.92143759    -7.83445699     5.05075695
114    11.86654155    -9.29220422     2.58109236
115     6.04117018     3.86486275    -7.41972886
116     7.84847139     3.18583854    -7.42969091
117     5.82630774     4.66982794    -5.68174292
118    10.96863170     6.17142408    -0.25953206
119    12.88316043     6.26939021    -0.24367740
120    10.49754487     4.61329670    -1.25713378
121    -6.68313780     2.21220183     0.98327246
122    -6.34946391     0.94076633     2.41041754
123    -8.50528289     2.81860873     1.28571303
124    13.46539614    -3.31802451     1.03086170
125    13.97762308    -2.83236004     2.77563993
126    11.56057997    -3.17763394     1.01976558
127   -13.18927054    -4.20473169    -4.47450065
128   -11.46293103    -4.63668671    -3.69306797
129   -13.68070810    -5.62268567    -5.60171271
130    -8.34686224    -4.64691803    -2.82891914
131    -8.13631699    -4.88290660    -0.92780427
132    -7.66249321    -2.87680075    -3.20207262
133    -0.77070447    -3.68007569     6.01281492
134    -1.28780942    -5.15652674     4.90347853
135    -1.68546623    -3.86188060     7.68170884
136     9.47342842     0.73347895     4.62991035
137     8.79347900     2.51188191     4.31143257
138     8.99830839    -0.22720181     3.03744616
139     3.73496920    12.80730775     1.24704881
140     4.00058037    13.13921149    -0.65488065
141     1.88055831    13.18322224     1.59488448
142     3.85616868     7.79641292     2.10687380
143     2.27786257     7.56582331     3.19721748
144     3.94436989     9.71701660     1.75946373
145    -6.97828673   -12.26356372     1.17566808
146    -5.22469924   -12.54479968     0.50207030
147    -6.85380589   -11.38210666     2.85322791
148    -8.05531476    -4.53102406     2.40333063
149    -9.86180720    -4.13010201     2.83644857
150    -7.04153630    -3.20820888     3.33994937
151    -0.52676989   -11.54040772     5.94152293
152    -0.79115569   -10.19872268     4.66170431
153     0.79747502   -12.75271406     5.19598686
154     5.72941195   -11.22121992    -5.52985888
155     5.46899136   -12.92963241    -6.32660218
156     5.35214451    -9.89647744    -6.85459333
157     6.53853262    -1.69741302   -11.49963151
158     5.36848696    -2.95605343   -12.35582899
159     5.46522835    -0.91156552   -10.13181358
160    -0.09527904     1.46165566    13.70903546
161    -0.36841466     0.59896008    15.42256498
162     1.59382061     0.79125609    13.04612905
163    11.03807890     2.37607782    -6.98027884
164    11.30142889     0.94856632    -8.30526049
165    11.43048216     1.56437082    -5.25995730
166    -2.39362984     6.59470258    -4.57792002
167    -3.57504264     8.09426842    -4.53242659
168    -0.61599442     7.40245199    -4.86122789
169     4.65423316    -7.49082316    -8.93505456
170     4.17012960    -6.91162369   -10.71650100
171     5.90765285    -6.22734354    -8.23397047
172    -6.35553453     0.04100226    10.15961135
173    -5.51039114    -1.66328457    10.53861613
174    -4.90317845     1.07799642     9.40434214
175    -5.40710977    -9.17331846     9.94799636
176    -5.80055874    -8.99260965     8.03434181
177    -6.66908000   -10.38308901    10.67465179
178    -3.56260392     1.32564657   -14.68387853
179    -4.97612872     0.54211313   -15.70979743
180    -4.43309734     1.94504467   -13.11222428
181    -5.50015001    10.55813588    -3.57853718
182    -5.51432542    10.69766890    -1.67447018
183    -7.28537917    10.96649358    -4.19719316
184     5.75176394    12.98346587     6.26200392
185     5.27703498    13.14967876     4.42955806
186     4.15546114    13.17602955     7.26906345
187   -13.95687131    -8.15959640     2.92682509
188   -14.27370677    -9.73937704     3.94575843
189   -12.95345502    -8.70033396     1.35320481
190    -0.04670916   -16.82709967     0.47456055
191     1.20474395   -16.14014364     1.74542962
192    -1.23104745   -15.38279345    -0.03120133
193    11.29742204    -1.64344167   -10.08354512
194    12.21474480    -2.31185143   -11.62851188
195     9.45799369    -1.37320845   -10.68368877
196    -0.21376076    11.37405479    -8.96659176
197     1.10514147    11.17835774   -10.31475518
198     0.54882608    10.62550481    -7.39376394
199     5.03588526    12.99421915    -3.72077378
200     5.50668850    14.07251038    -5.19599444
201     6.71443681    12.06452993    -3.41346341
202    -0.08474548     5.36019418   -13.48230052
203    -1.11818021     4.13045007   -14.49944716
204     0.57550153     4.30943208   -12.00519917
205   -13.01588462    -2.95618401     3.26699497
206   -12.80393586    -2.33038586     5.09091663
207   -13.79729044    -4.73768346     3.39173297
208     3.44686067   -11.03084003    -0.72412795
209     4.16384953   -11.27831363    -2.50412704
210     4.23638201    -9.41017394    -0.02884539
211     3.16266849   -13.95410725     3.39053831
212     4.60711492   -13.58553778     4.63663771
213     3.56042028   -12.93093824     1.82289096
214     1.21923474    12.59161150     8.58683099
215     1.54691184    10.83582442     9.25193302
216     0.10961638    13.44055733     9.90421575
217    -3.47297998   -10.80844437    -5.34990821
218    -5.10933056   -10.00468980    -5.96937018
219    -2.10180515    -9.71332875    -6.14086596
220    -1.95037571     2.27282829     8.79048544
221    -1.23145337     1.90272410    10.53674270
222    -0.52201036     1.98826494     7.52287714
223   -11.14437773   -10.00115018    -0.80894772
224    -9.57744351   -10.75422974     0.03971617
225   -10.86996975   -10.24857365    -2.67380428
226     8.35082665    -4.76951377    -6.68470907
227     9.86675031    -3.85304176    -7.49091583
228     9.02572776    -5.83118642    -5.24584014
229    -3.74100121     8.24603367   -11.13903884
230    -2.72672830     9.66134112   -10.24219540
231    -2.64763703     7.56468363   -12.53270872
232   -11.19180629    -1.07409347     7.89272284
233   -11.62279171     0.81093632     7.59278683
234    -9.67036639    -0.93911023     9.06984097
235   -11.12477295     1.73432347    -5.38306327
236   -12.30025843     1.02594033    -4.03881426
237    -9.41945518     0.90311961    -4.95985273
238    -6.61722993     0.09656186    -3.77072011
239    -5.00626770     0.61855230    -4.69407578
240    -6.53764655     0.81076469    -1.98310051
241     7.05807103   -12.07658243     6.19984130
242     7.96788640   -13.59274544     6.92158830
243     8.37175755   -11.00030183     5.30266158
244     9.08795468    10.03725193    -3.39251652
245     9.38972313     8.98327192    -1.79721461
246    10.02752483     9.03709659    -4.74362249
247    -1.81954960   -11.72470783    -0.73723452
248    -2.47772993   -11.55949620    -2.56720585
249     0.09259387   -11.60131133    -0.79590784
250   -11.62728553     3.51451150     1.25384394
251   -11.98615034     5.24187343     0.48759347
252   -12.69603432     2.14503491     0.38665094
253   -11.84028791     8.89622558     5.40057307
254   -10.08624915     9.29915956     6.08530656
255   -11.64347546     9.03041598     3.50072757
256     5.01470989     5.55597753    -2.45165644
257     4.58738505     6.45202853    -0.78953351
258     5.31090329     3.75769503    -1.86198258
259    -0.03390560    -7.36104481    -7.20776187
260    -0.34829461    -5.78498734    -6.15677342
261     1.86279378    -7.34992970    -7.59265706
262     7.21153132    -2.18169298     8.27611007
263     7.86332843    -0.92739976     6.96861877
264     5.95856448    -3.28897457     7.28267540
265    -0.18148452    -2.03077124   -12.49949523
266    -1.38657469    -1.06716186   -13.67829267
267     0.59541652    -0.64179818   -11.45788948
268    -5.08433026    10.00251092     1.56071322
269    -3.75791545    11.28043558     2.13020841
270    -4.21014959     8.29883624     1.35217085
271     4.61249131     4.51664476     7.63250614
272     5.98085032     5.03236566     6.39426369
273     3.67254079     3.06949681     6.73836545
274     4.16286322    -8.72942982     9.28757166
275     5.12079190   -10.07129256     8.26592585
276     2.58524668    -9.70219730     9.89101241
277    11.77064708     0.50759724    -2.37364394
278    10.13356033    -0.09253095    -1.58389329
279    13.09033288    -0.71082479    -1.72555111
280     1.27234606    -4.81673903    11.96506586
281     2.46672345    -6.21275719    11.50252002
282     2.40791725    -3.35628840    12.43541894
283    -7.21957337    -7.59610382    -6.86058155
284    -6.32466033    -6.48313400    -8.17849494
285    -7.67578196    -6.45768681    -5.38208606
286     4.09730309    -5.35888134     5.59896373
287     2.34848107    -4.56386618     5.60467936
288     4.07737932    -6.64028946     7.05618586
289     4.24792855    -1.92286546    -6.15462430
290     4.67384860    -0.55475104    -4.90530434
291     5.79633092    -3.03523387    -6.30106682
292    -0.75499308     7.25090495     4.62518082
293    -1.74386512     6.90658603     6.23726669
294    -1.65446436     6.31102152     3.18482593
295   -10.65323448     4.18931116    -9.59201359
296   -12.29679776     3.75754905   -10.42401936
297   -10.76534270     3.36571364    -7.78921937
298    -3.58952872    -4.32750169    10.44279593
299    -1.88230068    -4.51171824    11.32468282
300    -4.33359321    -6.12146485    10.33566881

 Atomic and electronic forces:
  1    -0.01254881    -0.00919940    -0.00300655     0.00024129     0.00103070     0.00383880
  2     0.01611152     0.00969552     0.00465130    -0.00030884    -0.00057106    -0.00172996
  3    -0.00368403     0.00097570    -0.00317984    -0.00009195    -0.00077864    -0.00251533
  4     0.01390243    -0.00489791     0.00525120    -0.00197483     0.00146131     0.00124825
  5    -0.00916688     0.00420997    -0.00297428     0.00100253    -0.00077313    -0.00082112
  6    -0.00328208     0.00034436    -0.00007047     0.00112834    -0.00093122    -0.00060120
  7    -0.01711475     0.01602755    -0.00212688    -0.00092992     0.00202276     0.00334305
  8     0.00627778    -0.00461894     0.01579825     0.00029066    -0.00077632    -0.00158958
  9     0.00872695    -0.01179659    -0.01420719     0.00055988    -0.00131800    -0.00225786
 10     0.00792965     0.00114721    -0.00250054    -0.00199875     0.00117361    -0.00109862
 11    -0.00037948     0.00156394    -0.00188092     0.00105634    -0.00046224     0.00057635
 12    -0.00961832    -0.00227927     0.00559076     0.00100238    -0.00068233     0.00070540
 13     0.00239719    -0.00326558     0.00184524    -0.00203745     0.00034973     0.00091005
 14    -0.00119929     0.00220786    -0.00310725     0.00093778    -0.00026219    -0.00042545
 15    -0.00309327     0.00487978     0.00082262     0.00116607    -0.00018013    -0.00039594
 16    -0.00613645    -0.02382549     0.02356262     0.00095136     0.00337874    -0.00440685
 17     0.00180458     0.00493201    -0.00721146    -0.00087558    -0.00198026     0.00210815
 18     0.00804701     0.01616360    -0.01333141    -0.00042086    -0.00210220     0.00316547
 19     0.02300080    -0.01006921     0.00669108    -0.00065643    -0.00188643    -0.00378285
 20    -0.01136340     0.00342654    -0.00419554     0.00062002     0.00085078     0.00207792
 21    -0.00495139     0.00068479    -0.00316958     0.00025169     0.00072564     0.00148179
 22     0.01424554     0.00415966    -0.00209922    -0.00776497     0.00428498     0.00161569
 23    -0.00573142     0.00200068     0.00352576     0.00391960    -0.00240409     0.00010418
 24    -0.00627209    -0.00186223    -0.00207602     0.00345812    -0.00119361    -0.00069176
 25    -0.01442092    -0.01280295     0.00020544    -0.00028301    -0.00036862     0.00435251
 26     0.00706519    -0.00360401    -0.00486683    -0.00004007     0.00041346    -0.00269385
 27     0.00691649     0.01369839     0.00457807     0.00001549    -0.00007931    -0.00209163
 28    -0.00253336    -0.01918608     0.00096853    -0.00280695     0.00752320    -0.00329413
 29    -0.00243613     0.01012902    -0.00237402     0.00164640    -0.00569326     0.00243225
 30     0.00542084     0.01101109     0.00052231     0.00077541    -0.00334926     0.00104761
 31     0.00561715     0.00577355     0.00331216    -0.00142810     0.00054310     0.00202739
 32     0.00166885    -0.00096739     0.00099859     0.00066478    -0.00022954    -0.00116203
 33    -0.00719254    -0.00575462    -0.00263856     0.00079859    -0.00017692    -0.00097117
 34    -0.00186192     0.00285980    -0.00149706     0.00304244    -0.00308977     0.00406567
 35    -0.00639743    -0.00188228     0.00365445    -0.00126580     0.00141929    -0.00246563
 36     0.00891135     0.00246340    -0.00116353    -0.00183827     0.00119838    -0.00196786
 37     0.00073454    -0.00164538     0.03007669    -0.00349833     0.00138222    -0.00811917
 38    -0.01031938     0.00049310    -0.01151464     0.00151310    -0.00142802     0.00555135
 39     0.00972905     0.00061149    -0.01479830     0.00283569    -0.00079449     0.00402065
 40     0.01922825    -0.00052989    -0.00744962    -0.02184540     0.00083952     0.00933678
 41    -0.01072910     0.00049751     0.00227107     0.01327584    -0.00069076    -0.00423544
 42    -0.00941605     0.00454466     0.00290366     0.00796216    -0.00244519    -0.00236617
 43     0.00713162     0.00141298     0.00304202    -0.00980421    -0.00586516    -0.00634636
 44    -0.00470737    -0.00209981    -0.00456391     0.00495114     0.00399505     0.00531381
 45    -0.00432782     0.00222079    -0.00495501     0.00469717     0.00137405     0.00303067
 46     0.01306741     0.00518452     0.00613590    -0.00622237    -0.00002273     0.01150022
 47    -0.00878639    -0.00403027    -0.00500304     0.00542820    -0.00036776    -0.00665188
 48    -0.00275005    -0.00101307    -0.00322942     0.00267288     0.00101616    -0.00440156
 49     0.00532477     0.00184464     0.02017779    -0.00970178    -0.00575110     0.00143786
 50    -0.00545444    -0.00225759    -0.00113210     0.00662429     0.00263463    -0.00178556
 51    -0.00108333    -0.00048054    -0.01596351     0.00506525     0.00307190     0.00060744
 52    -0.00391667    -0.00355165    -0.01921125    -0.00183179     0.00336637     0.00149419
 53    -0.00126547     0.00080723     0.00281418     0.00124339    -0.00197704    -0.00111421
 54     0.00457106     0.00518817     0.01417459     0.00066880    -0.00146607    -0.00079496
 55     0.01071414    -0.00755109    -0.01722326    -0.00441532    -0.00059183     0.00249042
 56    -0.00624568     0.00197471     0.01290286     0.00172942     0.00014959    -0.00118938
 57    -0.00361945     0.00054989     0.00456874     0.00263706     0.00058054    -0.00180999
 58    -0.00118940     0.00685785    -0.00927084    -0.00223063    -0.00014611     0.00002166
 59     0.00375713    -0.00132520     0.00428364     0.00107649     0.00012408    -0.00010372
 60    -0.00171069    -0.00178080     0.00135737     0.00108757     0.00014923     0.00006744
 61     0.01184722    -0.01195039     0.00165591    -0.00284346     0.00070162    -0.00242688
 62    -0.01703592     0.00049467     0.00208357     0.00130614    -0.00028077     0.00091736
 63     0.00516559     0.01334946    -0.00135501     0.00132183    -0.00057729     0.00120303
 64    -0.00214306    -0.01174936    -0.00292524     0.00394114     0.00424938    -0.00368462
 65     0.00307517     0.00881167     0.00173454    -0.00268676    -0.00215286     0.00266858
 66    -0.00159651     0.00353510     0.00130706    -0.00164291    -0.00146017     0.00141339
 67     0.00599202     0.00606749    -0.00446860    -0.00220327    -0.00178046     0.00118347
 68     0.00073406    -0.00054706    -0.00136168     0.00122877     0.00077498    -0.00053069
 69    -0.00635415    -0.00384332     0.00390065     0.00134128     0.00120517    -0.00072514
 70    -0.01726666    -0.00011007     0.00399865    -0.00274100    -0.00180601    -0.00272743
 71     0.00610540     0.00478751    -0.00714888     0.00136465     0.00081141     0.00171258
 72     0.00601472    -0.00685659     0.00141850     0.00146095     0.00130621     0.00146836
 73     0.00470524     0.00198324    -0.00040774     0.00157404    -0.01000045     0.00356005
 74    -0.00442106     0.00438410    -0.00306156    -0.00100584     0.00349711    -0.00143889
 75     0.00050023    -0.00125910     0.00177920    -0.00010174     0.00471393    -0.00274570
 76     0.00078450    -0.01326791    -0.00534329     0.00482629    -0.00099535     0.00381010
 77    -0.00267401     0.00750983     0.00435678    -0.00308501     0.00044224    -0.00286666
 78     0.00050734     0.00527018     0.00278179    -0.00198975     0.00011607    -0.00157560
 79    -0.00845028    -0.00392934    -0.00116780    -0.00187527     0.00158239     0.00237625
 80     0.00883746     0.00195938     0.00421977     0.00082876    -0.00089173    -0.00139951
 81     0.00036455     0.00385792    -0.00529639     0.00086251    -0.00055804    -0.00111947
 82     0.00445420    -0.01709867    -0.00041344    -0.00055969     0.00236137    -0.00292811
 83    -0.01478585     0.00790742    -0.00709061     0.00006719    -0.00136621     0.00173764
 84     0.00665088     0.01043999     0.00584060     0.00040546    -0.00099869     0.00159080
 85     0.00395651     0.01214365     0.01011222    -0.00708783     0.00105161    -0.00476650
 86     0.00088260    -0.00979993    -0.01149504     0.00368778    -0.00135539     0.00201898
 87     0.00007291    -0.00098147     0.00048773     0.00241979    -0.00040785     0.00182543
 88     0.00406148    -0.00459536    -0.00871468    -0.00084535    -0.00173846     0.00182834
 89    -0.00719307     0.00359783     0.00503706     0.00050211     0.00074980    -0.00085080
 90     0.00066398     0.00108199     0.00490267     0.00049922     0.00104866    -0.00088910
 91    -0.00841493    -0.01495613    -0.00472753     0.00471517     0.00895715     0.00913436
 92     0.00135294     0.00876585     0.00236848    -0.00095310    -0.00551311    -0.00424759
 93     0.00649638     0.00562864    -0.00018889    -0.00334955    -0.00471908    -0.00325214
 94    -0.00090227     0.00001942    -0.00516638     0.00325042    -0.00746030    -0.00134003
 95     0.00260707     0.00170823     0.00032706    -0.00088794     0.00312369     0.00077923
 96    -0.00295921    -0.00202291     0.00683657    -0.00157816     0.00476732     0.00006861
 97    -0.01923722     0.00618977    -0.00713153     0.01726512    -0.01834068     0.01059303
 98     0.00489781    -0.00765200     0.00397239    -0.00734342     0.01025565    -0.00615185
 99     0.00874198     0.00125548     0.00377907    -0.00391778     0.00808459    -0.00346613
100    -0.00099708    -0.01901788    -0.01423051    -0.00364559    -0.00417645     0.00189691
101    -0.00259345     0.01043059    -0.00240187     0.00269976     0.00253782    -0.00099775
102     0.00312067     0.00791294     0.01644788     0.00153434     0.00199866    -0.00050348
103    -0.00513738     0.00119465     0.00289349    -0.00190839     0.00119507    -0.00038538
104     0.00379118    -0.00145827    -0.00390270     0.00080271    -0.00048226     0.00015427
105    -0.00146046     0.00220243    -0.00358116     0.00099630    -0.00059748     0.00031943
106    -0.01941051    -0.00739022    -0.00956477     0.00342296    -0.00388160     0.00052679
107     0.01426358    -0.00100604     0.00607176    -0.00179045     0.00249644    -0.00000911
108     0.00567546     0.01071121     0.00117805    -0.00229155     0.00197947    -0.00037417
109    -0.00314190    -0.01017188     0.02026322    -0.00235255     0.00122887     0.00024757
110    -0.00169634     0.00785816    -0.02039213     0.00111395    -0.00062205     0.00000896
111     0.00298257     0.00270183     0.00154699     0.00132228    -0.00081636    -0.00020746
112     0.00209627    -0.00482731    -0.02241997     0.00216009    -0.00415857     0.00216323
113     0.00255848     0.01095358     0.01649735    -0.00131796     0.00200175    -0.00147192
114    -0.00240020    -0.00681165     0.00373587    -0.00134657     0.00204876    -0.00078947
115     0.00054668    -0.00650618     0.01206588     0.00156478     0.00745868    -0.01414597
116    -0.00015311     0.00271764    -0.00460524    -0.00256768    -0.00267599     0.00651122
117    -0.00200610     0.00477701    -0.00656002    -0.00072998    -0.00646770     0.00696758
118     0.00176655    -0.00738317    -0.00008923     0.00908291     0.00912431     0.00159263
119    -0.00619277     0.00138711    -0.00051736    -0.00366582    -0.00274427    -0.00048332
120     0.00773347     0.00370201    -0.00081799    -0.00691859    -0.00535873     0.00004600
121    -0.00082134    -0.00184512    -0.00201665    -0.00521547     0.00063377     0.00099612
122    -0.00191805     0.00247428     0.00152922     0.00259273    -0.00004278    -0.00082250
123     0.00011382    -0.00140746    -0.00285492     0.00197031    -0.00029593    -0.00036760
124    -0.00912782    -0.00410643    -0.01964324     0.00777752    -0.00396063     0.00221706
125     0.01254846     0.00589448     0.01921538    -0.00328327     0.00139225    -0.00153177
126    -0.00273684    -0.00284563    -0.00094491    -0.00512216     0.00329324    -0.00189856
127     0.00851112     0.00595245     0.01065252    -0.00206390    -0.00054992    -0.00035726
128    -0.00673390     0.00096964    -0.00651409     0.00122191     0.00039053     0.00017622
129    -0.00125306    -0.00814703    -0.00552596     0.00090408     0.00030199     0.00020623
130     0.00281162     0.00307490    -0.00140495    -0.00344920    -0.00135637    -0.00039152
131    -0.00109802    -0.00066639     0.00203437     0.00177451     0.00073856    -0.00004599
132    -0.00157309    -0.00245939     0.00037049     0.00210621     0.00058756     0.00031073
133     0.00855280     0.00738626    -0.00995950    -0.00432844    -0.00306929     0.00510955
134    -0.00500525    -0.00484069     0.00154698     0.00216680     0.00189622    -0.00200282
135    -0.00764373    -0.00568506     0.00831186     0.00156656     0.00101355    -0.00198376
136    -0.01072661     0.00436043    -0.01464855     0.00887802    -0.00027853     0.01249219
137     0.00679873     0.00510549     0.01087934    -0.00415728    -0.00207100    -0.00667645
138     0.00541161    -0.00815362     0.00586775    -0.00645972     0.00198819    -0.00740851
139    -0.00618810    -0.00144140    -0.01023586    -0.00066042     0.00504563     0.00102049
140     0.00207769     0.00068622     0.01007716     0.00027264    -0.00257321    -0.00011537
141     0.00317428     0.00070956     0.00190856     0.00059934    -0.00218802    -0.00049193
142    -0.00249765    -0.00172537    -0.00629170    -0.00225727     0.01114721     0.00507116
143     0.00007501     0.00256027     0.00096160     0.00182488    -0.00416378    -0.00264589
144     0.00046504    -0.00479131     0.00434205     0.00062235    -0.00410202    -0.00133118
145    -0.00902344    -0.00159216    -0.00788342    -0.00171085    -0.00180074     0.00033809
146     0.00571937     0.00007342     0.00000692     0.00087655     0.00109867    -0.00014595
147     0.00408978     0.00321344     0.00819116     0.00090861     0.00090021    -0.00030641
148     0.00899149    -0.00733635    -0.00182997    -0.00332915    -0.00130397     0.00091326
149    -0.01648005     0.00394159    -0.00125015     0.00139280     0.00044447    -0.00037641
150     0.00313486     0.00588828     0.00178811     0.00193425     0.00061312    -0.00072025
151     0.01411977    -0.02050586     0.00959541    -0.00131656    -0.00275196     0.00161963
152    -0.00645222     0.01488001    -0.01489792     0.00095012     0.00168822    -0.00091854
153    -0.00914386     0.00469336    -0.00000424     0.00048888     0.00145473    -0.00069845
154     0.00421590    -0.00420379     0.01576179     0.00016905    -0.00475702    -0.00171369
155    -0.00084398     0.00088908    -0.00279939    -0.00002067     0.00181484     0.00067694
156    -0.00438690     0.00311275    -0.01135388    -0.00000796     0.00251313     0.00133706
157    -0.00793805     0.00294882     0.00744439     0.00079239    -0.00165300    -0.00694645
158     0.00318443    -0.00319410    -0.00582357    -0.00000455     0.00094101     0.00282993
159     0.00044654     0.00109972    -0.00214795    -0.00005337     0.00090706     0.00483537
160    -0.00562535    -0.00920813     0.01117456    -0.00109982     0.00014827     0.00301681
161     0.00320133     0.00883445    -0.01707924     0.00042869     0.00000953    -0.00124931
162    -0.00074504     0.00058157     0.00450364     0.00047859    -0.00000779    -0.00181739
163    -0.00744605    -0.01212474    -0.00777503     0.00818127     0.00241334    -0.00825701
164     0.00208128     0.00979481     0.01086678    -0.00306649    -0.00012740     0.00363433
165     0.00499995     0.00178592    -0.00407173    -0.00594951    -0.00079700     0.00388889
166     0.03266851    -0.01127332     0.00084478    -0.00580729     0.00451295    -0.00250495
167    -0.01354779     0.01462395    -0.00049678     0.00210028    -0.00176427     0.00077397
168    -0.02057919    -0.00339185     0.00148797     0.00264625    -0.00307761     0.00162880
169    -0.00477429    -0.00471685     0.00045424    -0.00038624    -0.00461712    -0.00435394
170     0.00242425     0.00032516     0.00130362     0.00026184     0.00170586     0.00212202
171     0.00870715     0.00265869    -0.00343477    -0.00023393     0.00291304     0.00295020
172     0.01236652    -0.00553001    -0.00749860    -0.00217943    -0.00012703     0.00212479
173    -0.00594484     0.00103018     0.00247838     0.00104593     0.00022943    -0.00113516
174    -0.00388385     0.00487723     0.00684590     0.00129816    -0.00004439    -0.00134839
175     0.00435988     0.00862771    -0.00875284    -0.00140861    -0.00129497     0.00146819
176     0.00012658    -0.00677234     0.01284708     0.00085946     0.00074783    -0.00071653
177    -0.00366709    -0.00227621    -0.00185319     0.00059386     0.00054861    -0.00059001
178    -0.00013961    -0.01454416    -0.01780840    -0.00173046     0.00011665    -0.00262300
179     0.00742579     0.00296594    -0.00097833     0.00075470     0.00001360     0.00106127
180    -0.00522110     0.01020091     0.01708123     0.00109482    -0.00013664     0.00133476
181     0.00407211    -0.00193099    -0.00672367    -0.00270755     0.00247897    -0.00058018
182    -0.00203626     0.00232468     0.00288055     0.00138471    -0.00128284     0.00005217
183     0.00409429    -0.00206313     0.00472350     0.00114712    -0.00093704     0.00026718
184     0.01288513    -0.00166062    -0.00372364     0.00010867     0.00335187     0.00203590
185    -0.00077442     0.00094515    -0.00561451     0.00001152    -0.00199094    -0.00089947
186    -0.00930324    -0.00057922     0.00588262     0.00014029    -0.00147296    -0.00100048
187     0.00008072     0.00023003     0.00475338    -0.00155623    -0.00071600     0.00033803
188     0.00100204     0.00465184    -0.00520833     0.00067618     0.00036049    -0.00017957
189    -0.00235327    -0.00127173     0.00298833     0.00084089     0.00043294    -0.00012033
190    -0.01245354     0.00987056    -0.00803044    -0.00070221    -0.00229292     0.00022654
191    -0.00019207     0.00238663     0.00126158     0.00030941     0.00126731    -0.00022614
192     0.01195933    -0.01245681     0.00618342     0.00050938     0.00124907    -0.00009513
193    -0.00210166     0.00098129    -0.00451926     0.00371452    -0.00148342    -0.00552849
194    -0.00137488     0.00234929     0.00658154    -0.00133979     0.00059359     0.00202771
195     0.00420897    -0.00634819    -0.00185432    -0.00144279     0.00074319     0.00333398
196    -0.01362986     0.00121586     0.00646830    -0.00152908     0.00298428    -0.00214620
197     0.01071495    -0.00125597    -0.01447326     0.00056254    -0.00141516     0.00121829
198     0.00189263    -0.00167477     0.00596376     0.00095814    -0.00202938     0.00124653
199     0.00992910    -0.00512761     0.00205027    -0.00012055     0.00500305    -0.00100938
200    -0.00806395     0.01144858    -0.00819731    -0.00002517    -0.00200678     0.00059187
201    -0.00304899    -0.00640181     0.00529815    -0.00034311    -0.00290710     0.00055731
202     0.00353018     0.00288121     0.00260187    -0.00154298     0.00133906    -0.00351450
203    -0.00467957    -0.00395892    -0.00665851     0.00076162    -0.00040623     0.00157421
204     0.00260914     0.00119985    -0.00186724     0.00103889    -0.00079744     0.00237981
205    -0.00540521    -0.01344078     0.01190607    -0.00209999    -0.00042108     0.00051920
206     0.00149366    -0.00098626    -0.00562882     0.00100869     0.00016976    -0.00035357
207     0.00586880     0.00885769    -0.00198761     0.00091936     0.00026228    -0.00022387
208     0.00391078     0.01014527    -0.00609279    -0.00089663    -0.00568099     0.00026268
209    -0.00166485     0.00026000     0.00480108     0.00026330     0.00277774     0.00029028
210    -0.00122786    -0.00827173    -0.00247734     0.00039372     0.00384547    -0.00047690
211     0.00870630    -0.00294649     0.01848162    -0.00046628    -0.00319155     0.00101384
212    -0.00673257    -0.00067498    -0.00811812     0.00007617     0.00157977    -0.00065249
213    -0.00176406     0.00224615    -0.00880319     0.00025498     0.00200059    -0.00045370
214    -0.01176957     0.01678273     0.00532295    -0.00082575     0.00238498     0.00196690
215     0.00359756    -0.01105107     0.00565024     0.00045514    -0.00121556    -0.00125611
216     0.00581480    -0.00351514    -0.00684640     0.00038582    -0.00094016    -0.00082156
217     0.00470792     0.00429033    -0.00234965    -0.00209965    -0.00274192    -0.00097846
218    -0.00406040    -0.00091040     0.00108116     0.00110865     0.00113698     0.00050107
219     0.00094196    -0.00252602    -0.00096370     0.00118484     0.00165729     0.00078123
220     0.00336397    -0.00695030    -0.00574660    -0.00302953     0.00063652     0.00415418
221     0.00048254     0.00344750     0.00024262     0.00108695    -0.00019326    -0.00194048
222    -0.00313383     0.00140187     0.00721398     0.00200013    -0.00042132    -0.00296797
223     0.00430761    -0.00051279    -0.00198043    -0.00177217    -0.00115220     0.00004876
224    -0.00186606    -0.00278731    -0.00198277     0.00091192     0.00070084    -0.00007953
225    -0.00059292     0.00064610     0.00121509     0.00088017     0.00059550     0.00007673
226     0.00835730     0.02058483    -0.00538432     0.00416372    -0.00772404    -0.00763849
227    -0.01012228    -0.01012712     0.00264520    -0.00251281     0.00257989     0.00348556
228     0.00566489    -0.00935044     0.00348838    -0.00238186     0.00422264     0.00256215
229    -0.01217790     0.01230876     0.01766682    -0.00202665     0.00169768    -0.00221949
230    -0.00310773    -0.01098708    -0.00949751     0.00096909    -0.00108817     0.00108767
231     0.01317828    -0.00013465    -0.00491954     0.00088942    -0.00077085     0.00126480
232     0.00852381     0.01335813     0.00705061    -0.00197498    -0.00021459     0.00109379
233    -0.00281054    -0.00981763    -0.00458900     0.00099259    -0.00000508    -0.00051834
234    -0.00559805    -0.00510083    -0.00354214     0.00100444     0.00011112    -0.00069106
235     0.00603874    -0.00837406     0.00913200    -0.00274358     0.00016674    -0.00068506
236    -0.00308690     0.00316148    -0.00170600     0.00127280    -0.00002112     0.00019942
237    -0.00514908     0.00585993    -0.00190017     0.00172479    -0.00001853     0.00043031
238     0.00709567    -0.00403792    -0.00164630    -0.00532871    -0.00030030    -0.00110295
239    -0.00741514     0.00005027     0.00281750     0.00329444     0.00005271     0.00108460
240    -0.00068874     0.00322249     0.00107304     0.00289819    -0.00001093     0.00016282
241    -0.01637695    -0.01155791     0.00953160     0.00043453    -0.00313884     0.00183118
242     0.00143850     0.00492672    -0.00129834    -0.00023518     0.00125918    -0.00071999
243     0.01193815     0.00170254    -0.00149272    -0.00048390     0.00183195    -0.00102671
244     0.00256992    -0.01498912     0.01246463     0.00267670     0.00688714    -0.00158755
245    -0.00086451     0.01005481    -0.00693335    -0.00200376    -0.00424835     0.00029946
246     0.00152719     0.00674180    -0.00665947    -0.00176019    -0.00322316     0.00134592
247    -0.00661117     0.00093358     0.00561550    -0.00197735    -0.00342733     0.00014251
248     0.00246838    -0.00019268     0.00228223     0.00103169     0.00161592     0.00017404
249     0.00363404    -0.00131928    -0.00472210     0.00090002     0.00211002    -0.00007858
250     0.00333719    -0.00039458     0.00156858    -0.00264280     0.00043414     0.00039508
251    -0.00087971    -0.00846633     0.00081263     0.00122192    -0.00031888    -0.00012469
252     0.00187953     0.00825330    -0.00149062     0.00123496    -0.00009697    -0.00011414
253    -0.00097963    -0.00273701    -0.00306829    -0.00171565     0.00081748     0.00066604
254     0.00180098     0.00217950     0.00455907     0.00090533    -0.00050415    -0.00043153
255    -0.00206107    -0.00106634    -0.00090822     0.00094003    -0.00046069    -0.00026417
256     0.00011046    -0.02847279     0.01466592    -0.00160451     0.02530073    -0.00638834
257    -0.00043522     0.01277220    -0.00328765     0.00119622    -0.00969275    -0.00054891
258     0.00065600     0.01298603    -0.00857082     0.00021298    -0.01403445     0.00294119
259     0.00186713     0.00010516     0.00800966    -0.00294343    -0.00441229    -0.00328343
260    -0.00238215     0.00293938     0.00134039     0.00234838     0.00267804     0.00204042
261    -0.00508929    -0.00578058    -0.00575337     0.00111236     0.00257347     0.00204590
262    -0.01112778    -0.00276920    -0.01306856     0.00149058    -0.00229583     0.00738709
263     0.00542097     0.00102182     0.00581942    -0.00154458     0.00102860    -0.00489584
264     0.00686027     0.00116141     0.00885129    -0.00031946     0.00194449    -0.00408691
265    -0.01480675     0.00808391    -0.00887261    -0.00211051    -0.00106962    -0.00433035
266     0.00290622    -0.00421813     0.00303376     0.00095100     0.00025710     0.00176751
267     0.00643008     0.00994316     0.00715212     0.00131972     0.00039348     0.00287105
268    -0.00098431    -0.00414320    -0.00112553    -0.00293505     0.00262824     0.00079851
269     0.00232560    -0.00172808     0.00072461     0.00125886    -0.00147133    -0.00047020
270    -0.00082636     0.00630894    -0.00037009     0.00201857    -0.00161092    -0.00055763
271    -0.00328638    -0.01096594    -0.00755201    -0.00067513     0.00341423     0.00794966
272     0.00629971     0.00601612     0.00102686    -0.00037579    -0.00258643    -0.00453196
273    -0.00142416     0.00462515     0.01089442     0.00113120    -0.00153142    -0.00524119
274    -0.00242092    -0.01601831    -0.00931511    -0.00032513    -0.00268407     0.00299373
275     0.00229395     0.00753221     0.00611371     0.00002427     0.00148337    -0.00130917
276     0.00151018     0.00784934     0.00576316     0.00030079     0.00114704    -0.00122718
277    -0.01689852     0.00342521     0.00237295     0.01777322    -0.00093662    -0.00301418
278     0.00964189    -0.00375782    -0.00085947    -0.01155333     0.00232960     0.00065963
279     0.00807362    -0.00278974     0.00219359    -0.00608756     0.00120312     0.00034470
280    -0.00116377     0.01024699    -0.00007695    -0.00100370    -0.00136669     0.00325889
281     0.00268707    -0.01297643    -0.00299027     0.00036258     0.00087839    -0.00161432
282     0.00025806     0.00498789     0.00224907     0.00038875     0.00054136    -0.00181210
283     0.00925752     0.00580024    -0.01396808    -0.00246788    -0.00163628    -0.00110203
284    -0.00707376    -0.00830273     0.00893015     0.00131973     0.00081736     0.00078438
285    -0.00120935     0.00185212     0.00322068     0.00145426     0.00080342     0.00046050
286     0.00366114     0.00658166    -0.00679593    -0.00121663    -0.00622058     0.00701663
287    -0.00422104    -0.00278037     0.00315028     0.00157491     0.00277306    -0.00361534
288     0.00013738    -0.00229307     0.00302311     0.00035823     0.00216019    -0.00243916
289    -0.00740605     0.01550701     0.01177488    -0.00435412    -0.01061238    -0.01926160
290     0.00082540    -0.00256801    -0.00870410     0.00229586     0.00465973     0.01256686
291     0.00966886    -0.00878464    -0.00491614    -0.00053648     0.00526711     0.00709221
292     0.00288085    -0.00779372    -0.00894013    -0.00403257     0.00433566     0.00388779
293    -0.00249722     0.00001353     0.00178583     0.00167152    -0.00145899    -0.00176455
294     0.00156450     0.00186251     0.00781973     0.00285166    -0.00228020    -0.00181687
295     0.00807719    -0.00428564     0.01539933    -0.00211625     0.00045964    -0.00110396
296    -0.00512259    -0.00096477    -0.00206896     0.00089174    -0.00015372     0.00046389
297    -0.00292367     0.00516082    -0.01684363     0.00122022    -0.00020021     0.00049478
298    -0.00309604    -0.00353427    -0.00721006    -0.00193488    -0.00109064     0.00253007
299     0.00248469    -0.00327244     0.00309170     0.00080908     0.00058470    -0.00140637
300     0.00261092     0.00566562     0.00388703     0.00087174     0.00061511    -0.00104339
