 Number of water molecules:
         100

 Atomic and electronic energies:
    -1.67776863    -0.11634395

 Atomic coordinates:
  1     5.83483148     4.46488678    12.50106838
  2     7.21866044     5.74793164    12.75514867
  3     5.53891119     4.39110749    10.57985013
  4    -7.26272012     9.76955547     6.69933686
  5    -5.81101022     9.32624594     7.95042308
  6    -6.49555707     9.57128019     4.94198682
  7     1.84029839     7.87349037    10.32248607
  8     2.50404623     6.93553378    11.85279175
  9     2.58793806     6.98780268     8.79041345
 10    -9.23744441     8.97899995    -9.29698273
 11    -9.89589330     7.22993339    -9.58447481
 12    -7.55238356     9.01279430   -10.19597731
 13   -12.12661042     4.02272937     6.13183028
 14   -12.59115089     5.83773793     6.55832526
 15   -11.61310866     4.05546495     4.26919790
 16     6.87073464     7.76853486   -10.47826235
 17     8.53911355     8.24825055    -9.61093904
 18     6.16040481     6.33989143    -9.41723402
 19     3.35053191    -5.17231345   -13.25568973
 20     1.97959632    -3.86011578   -12.84176368
 21     2.79246234    -5.89167415   -14.94571112
 22    -2.67237684     5.64643022     0.26707654
 23    -2.33418948     5.86453819    -1.63799715
 24    -4.10362011     4.34797412     0.41375998
 25     4.80749034    -0.61401431    12.73117565
 26     5.98398925    -1.17040230    11.28331952
 27     5.31274908     1.21122484    13.03070777
 28     2.33819932     9.22042285    -5.05064711
 29     3.27093765     7.73895487    -4.19023973
 30     3.24525712    10.80545346    -4.40000865
 31    -4.40674745     4.39483843    13.28660904
 32    -2.96417311     3.17617320    13.54731253
 33    -5.95270158     3.30369469    13.09572692
 34    11.44301057    -5.62059412     7.24965064
 35    10.18288026    -4.64672096     8.32472468
 36    12.55253684    -4.23388118     6.50766217
 37     1.57308195     2.48173329    -9.82039933
 38     3.25146034     3.03567834    -9.00560576
 39     0.31462259     2.37823789    -8.37810727
 40     0.63543944     1.53373549     0.49892366
 41     2.08330514     1.75094387    -0.71555259
 42    -0.28923006     3.24691684     0.59823675
 43    -0.26064475    -2.67604070    -5.30892345
 44     1.57265794    -2.34177897    -5.84872359
 45    -1.28327280    -1.18432761    -5.94282062
 46     1.79502037     0.52267701     5.24884401
 47     1.67234334     0.96185341     3.32881168
 48     0.99193509    -1.22126706     5.35352935
 49    -1.24377200    -3.07660567    -0.44493103
 50    -0.58268385    -1.30911476    -0.01522955
 51    -1.01827141    -3.24902268    -2.35531883
 52    -1.15540541    11.66154336     4.11394524
 53    -0.55059608     9.86652838     4.47535114
 54    -0.50465944    12.67416170     5.63264066
 55    -4.95807502    -1.02401845     4.15248624
 56    -5.63312799    -0.77760880     5.95876582
 57    -3.23017253    -1.88238458     4.32325713
 58   -13.73733813    -0.20834859    -1.09718745
 59   -13.64004751    -0.97984397     0.65190561
 60   -13.98049316    -1.70982785    -2.25936154
 61    -5.66023779     3.48777173   -10.79327679
 62    -7.59103782     3.39080188   -10.59486397
 63    -5.11970905     5.34689898   -10.73730897
 64    11.42601382     7.72656752    -7.53437072
 65    11.53928962     5.78892898    -7.32733514
 66    13.03877416     8.28716169    -8.39434478
 67    -6.15569900    -8.09208731     5.05649300
 68    -7.36731957    -6.93026892     4.12686610
 69    -4.53532324    -8.03396431     4.01840651
 70    -3.89654640    -5.51338646    -9.85784643
 71    -2.88100791    -4.12735238   -10.67194332
 72    -2.64536038    -6.54430695    -8.79612419
 73     6.37778481    -7.46908691     1.69956749
 74     7.83218707    -8.40497788     2.52171394
 75     5.40292186    -6.66085560     3.15509569
 76    13.72700821    -1.33156077     5.60486617
 77    12.21126544    -0.20243817     5.35468614
 78    14.97036155    -0.43188582     6.68447636
 79    -3.39503293     8.20966383     9.79670891
 80    -1.47355503     8.22677446     9.95305564
 81    -4.05714704     6.97708455    11.13201462
 82     2.71133915     9.85297701   -12.68195366
 83     4.46045878     9.18183823   -12.19939007
 84     1.72743602     8.31069323   -13.33065316
 85    -2.69600703     1.98343798    -6.75407490
 86    -2.66062191     3.70698194    -5.85259162
 87    -3.89329687     2.17733913    -8.24376243
 88    -0.92387211   -10.75199714    10.44144027
 89    -2.76366529   -10.26026808    10.59880040
 90    -0.68310414   -11.00918023     8.53078964
 91     7.80847001     5.52553943     3.55195522
 92     6.17611310     6.41209846     2.92631131
 93     9.11900298     5.96611899     2.17022917
 94     9.19991424    -8.11143724    -3.08375017
 95     8.18275154    -9.51710331    -3.88580909
 96     8.25588039    -7.57722762    -1.55261955
 97     8.25367432    -2.60454794     1.04843605
 98     7.04938413    -1.62198177    -0.12774316
 99     7.37680883    -4.31635294     1.20345278
100    -1.94020980    -7.29458686     2.17333966
101    -1.77836440    -5.68191402     1.06908357
102    -1.81985211    -8.81715922     0.95727315
103   -10.37189174    10.49023817    -4.66581403
104   -11.84483941    11.64289218    -4.89007980
105    -9.88545981     9.83187503    -6.44317771
106    13.28987577    -8.20824427     0.20812195
107    12.18167716    -8.23859528    -1.36330159
108    13.88821192    -6.36266558     0.23571596
109   -10.26460166     8.93328023     0.36192199
110   -10.44936798     9.56448024    -1.42992041
111    -8.50283002     9.35035046     0.91853517
112    10.38675101    -9.59538902     4.28733929
113    10.96798336    -8.24523584     5.57925967
114    11.77248246    -9.49257629     2.88653144
115     5.65949968     4.02746413    -7.20402201
116     7.51589860     3.42956255    -7.10906782
117     5.17791400     4.59908186    -5.41559275
118    11.42264997     6.36609977    -0.05169081
119    13.07119087     6.88095381     0.70064873
120    11.74087677     4.62042462    -0.79666782
121    -6.26571284     2.33610558     0.69852214
122    -5.77488506     1.08420287     2.08578716
123    -8.09404605     2.88197024     1.04798224
124    13.45410728    -3.08531096     0.76574323
125    14.11491626    -2.56065353     2.49145463
126    11.53992957    -3.23615569     0.94559460
127   -13.63241953    -4.67777264    -3.69264473
128   -11.72929357    -4.83082204    -3.74193973
129   -14.25422367    -6.45737212    -3.42039277
130    -8.33461516    -4.83927049    -2.96401537
131    -8.10233110    -4.66060883    -1.03273377
132    -7.64464946    -3.14369616    -3.53155795
133    -0.68164562    -3.93207310     6.09271442
134    -1.20350632    -5.26834773     4.80375257
135    -1.76297512    -4.24409867     7.69831408
136     9.10855687     0.83396520     4.89311451
137     8.47098445     2.63377954     4.52551510
138     8.68090196    -0.22993782     3.34394015
139     3.61520913    12.89580860     1.36372356
140     4.30748760    12.89647704    -0.44087629
141     1.75985409    13.39781118     1.23210943
142     3.63239070     7.78152554     1.91705132
143     2.13497811     7.31173944     3.06390638
144     3.79573950     9.70893306     1.96247455
145    -7.06684555   -11.88841824     1.38257351
146    -5.36811208   -12.55198201     0.79870985
147    -6.70246947   -10.94322943     3.04345126
148    -8.26892768    -4.23303584     2.04377467
149   -10.03042492    -3.52714513     2.35128167
150    -7.02721330    -2.91845109     2.71940566
151    -0.05866143   -11.15631241     5.56429706
152    -0.48258726    -9.93547267     4.20437701
153     1.06431526   -12.52570304     4.73876596
154     5.73459564   -11.39345939    -5.36448073
155     5.75874316   -13.09320545    -6.20744681
156     5.17610131   -10.08823608    -6.67427397
157     6.67103299    -1.47007554   -11.61744636
158     5.67190868    -2.85155858   -12.50575642
159     5.60337729    -1.10086181   -10.07277566
160    -0.26125757     0.56175836    13.06942602
161    -0.78811866    -1.25748421    13.05672662
162     1.67178995     0.46959620    13.05559514
163    10.70528440     2.49982205    -6.93347752
164    11.03857878     0.92069613    -7.99981563
165    11.19992269     2.02601540    -5.16703411
166    -2.06974289     6.59560685    -4.63578971
167    -3.44867659     7.97626981    -4.55810146
168    -0.42102319     7.55494006    -4.98658430
169     4.54847535    -7.75253151    -8.78334755
170     3.99292253    -6.98323474   -10.48630047
171     6.05777642    -6.73476758    -8.25218878
172    -5.76843410    -0.31888426     9.23646548
173    -5.06785462    -1.94956660    10.00767625
174    -4.27820730     0.92217512     9.12601160
175    -5.69325858    -9.29343739     9.91788723
176    -5.95459053    -8.80882652     8.09129750
177    -7.21022581   -10.33335386    10.38299171
178    -3.61139313     1.18788507   -14.77410441
179    -5.07083281     0.77601960   -15.93654528
180    -4.45843334     2.04154875   -13.23219157
181    -5.50698331    10.12663439    -3.56198113
182    -5.40424406    10.65051892    -1.70573158
183    -7.36210784    10.30602908    -4.10596047
184     5.41877118    12.49159664     6.24308124
185     5.02495564    12.82240245     4.36484520
186     3.87488356    13.04073821     7.24448925
187   -13.54669976    -7.76509763     3.38142203
188   -14.49296577    -9.29099573     4.06054042
189   -12.61440002    -8.20854197     1.73795962
190    -0.61197134   -17.14896848     0.95024740
191     0.88903599   -16.60207363     1.96906987
192    -1.26779768   -15.56704781     0.18354984
193    11.54707143    -1.59714933    -9.98142005
194    12.70735287    -1.75541006   -11.44148458
195     9.81237944    -1.38015781   -10.79343841
196    -0.39076610    11.29362975    -8.95310704
197     0.88207641    11.01571953   -10.41900484
198     0.47728285    10.74226764    -7.35816929
199     5.49104729    13.05665492    -3.33363780
200     5.96234767    14.43719321    -4.60693087
201     7.05710055    11.85214030    -3.35546134
202    -0.33038253     5.52111820   -13.58879534
203    -1.09966881     4.15325003   -14.69052999
204     0.60545497     4.53107208   -12.20614096
205   -13.01597727    -2.54889753     3.41518066
206   -12.14903741    -2.00224064     5.04751985
207   -13.54942826    -4.40086538     3.74072102
208     3.37666731   -10.98652219    -0.77701006
209     4.05446174   -11.06667291    -2.56166724
210     4.16289963    -9.38858036    -0.04455103
211     3.08410721   -14.31559134     3.23007213
212     4.43355868   -13.93452502     4.49919745
213     3.46965843   -13.30476167     1.65259002
214     0.77331084    12.83979862     8.77281080
215     1.12742995    11.03244830     9.41087245
216    -0.47586751    13.60949023    10.01019420
217    -3.31779407   -11.05997616    -4.96815953
218    -5.00727027   -10.40806411    -5.64364250
219    -1.97329142    -9.91722394    -5.74472577
220    -1.60681636     2.36613876     8.52371394
221    -0.84913550     1.94521089    10.29196638
222    -0.30918174     1.79102839     7.21216668
223   -10.87260563    -9.13618658    -0.87424268
224    -9.61779804   -10.45319152    -0.22865084
225    -9.80166551    -7.87459505    -1.83718214
226     8.51584648    -5.03843491    -7.12877967
227    10.04083974    -4.12239004    -7.79205112
228     9.06340204    -6.05887784    -5.62087665
229    -4.03130735     8.23035046   -11.14706677
230    -3.14665490     9.63148914   -10.15783055
231    -2.64994953     7.48590449   -12.30572304
232   -10.63281611    -0.65970282     7.39286592
233   -11.54357747     1.02677577     7.21101804
234    -8.91379930    -0.22531914     8.23908645
235   -11.03286545     1.99787386    -5.06698449
236   -12.29940084     1.25096394    -3.82657398
237    -9.35119746     1.19393169    -4.53786296
238    -6.53470743    -0.10287075    -3.70438144
239    -4.97910756     0.40504214    -4.67368686
240    -6.27454848     0.53895267    -1.90657441
241     6.93276124   -12.63553679     6.49753196
242     8.06851559   -13.78365441     7.50697626
243     8.12115851   -11.44570771     5.55312699
244     9.09371723     9.72242346    -3.37082179
245     9.79891319     8.48093491    -2.04869787
246     9.73846281     9.08865613    -5.05580414
247    -1.67275379   -11.86125822    -0.47542852
248    -2.45873488   -11.71235898    -2.26722075
249     0.24400758   -11.70792057    -0.72554680
250   -11.02391415     3.77649572     1.13859595
251   -11.20499526     5.58763477     0.49051090
252   -12.33953632     2.69473928     0.25882181
253   -12.30017907     9.44659099     5.43063716
254   -10.54977408     9.69419086     6.20455378
255   -11.99097417     9.27944860     3.56528618
256     4.65306147     5.45666001    -2.51885762
257     4.34829825     6.47261023    -0.88347646
258     5.57796017     3.91009791    -1.90871579
259    -0.18140984    -7.57093275    -6.79861056
260    -0.31393889    -5.80529004    -5.94812005
261     1.61998574    -7.71376437    -7.40934874
262     7.45955363    -2.30846382     8.59508303
263     8.02974887    -0.95266021     7.37485252
264     6.37047801    -3.54823365     7.55057491
265    -0.39212748    -1.83789218   -12.04198021
266    -1.70712679    -0.98194870   -13.17972962
267     0.55171734    -0.38625083   -11.16843048
268    -5.26710047     9.95212353     1.66674569
269    -3.96507671    11.15479913     2.43473096
270    -4.25123666     8.35467412     1.15042503
271     4.71907990     4.10028645     7.52576045
272     5.81463550     4.67010801     6.08044311
273     3.73172377     2.64626867     6.79346591
274     4.01699728    -9.26226860     9.73520735
275     4.95079903   -10.47601450     8.56584583
276     2.32721723   -10.11665647    10.18481434
277    12.05655339     1.59539200    -1.63746129
278    10.20717219     1.05815304    -1.58649033
279    13.05113704    -0.01691406    -1.14183661
280     1.87632549    -4.80427136    11.82127683
281     2.95924752    -6.28113475    11.22688046
282     3.08795789    -3.41522149    12.34549423
283    -7.19180057    -8.15170709    -6.81004077
284    -6.34805466    -7.09474840    -8.18815796
285    -7.59030414    -6.97500631    -5.36091237
286     4.23462710    -5.58339782     6.13670087
287     2.48523057    -4.81335022     6.30950565
288     4.26162239    -7.14824802     7.29229071
289     4.58520708    -1.75586656    -6.76822568
290     4.87440859    -0.42706725    -5.41528573
291     5.95994443    -3.06993071    -6.58762565
292    -0.49555762     6.67688629     4.78547522
293    -1.20004906     5.70277752     6.25349330
294    -1.57734690     6.23514334     3.25607061
295   -10.73436327     3.82438052    -9.87115886
296   -12.01916668     2.98793014   -10.94885510
297   -10.96674112     3.16564418    -8.05549583
298    -3.16276830    -4.73619401    10.60913836
299    -1.43950996    -5.10338171    11.42382273
300    -4.06627534    -6.42977725    10.64870835

 Atomic and electronic forces:
  1     0.00232668     0.00315554    -0.01127645    -0.00004302     0.00098114     0.00354906
  2    -0.00185614    -0.00173073     0.00300248    -0.00013118    -0.00057213    -0.00159090
  3    -0.00081314    -0.00194611     0.00694530     0.00008627    -0.00072163    -0.00230886
  4     0.02170661    -0.00800683     0.00197821    -0.00176589     0.00123779     0.00112648
  5    -0.01684253     0.00400060    -0.01014696     0.00087318    -0.00065400    -0.00071780
  6    -0.00553634     0.00421140     0.00812791     0.00106513    -0.00077560    -0.00057123
  7    -0.00175919     0.00042178    -0.00435189    -0.00104985     0.00185435     0.00304285
  8    -0.00019643     0.00108484    -0.00142864     0.00038586    -0.00070768    -0.00149979
  9     0.00049817    -0.00002986     0.00498937     0.00065633    -0.00124219    -0.00202583
 10     0.00763801     0.00573320     0.00025257    -0.00180074     0.00100997    -0.00089056
 11    -0.00960613    -0.01414371    -0.00111161     0.00095000    -0.00040646     0.00046750
 12     0.00411120     0.00469749    -0.00043617     0.00092923    -0.00058838     0.00057855
 13     0.00010490     0.00706224    -0.00004899    -0.00181839     0.00035887     0.00079356
 14     0.00087048    -0.00260379    -0.00169438     0.00081119    -0.00023511    -0.00036363
 15    -0.00278217    -0.00330005     0.00381646     0.00105362    -0.00021599    -0.00036180
 16     0.01684613     0.00524160     0.00738149     0.00039530     0.00394247    -0.00469550
 17    -0.01259747    -0.00279683    -0.00901057    -0.00066148    -0.00217475     0.00219194
 18    -0.00219456    -0.00079207    -0.00031757    -0.00001263    -0.00260722     0.00338855
 19    -0.00922480     0.00325795    -0.00632075    -0.00098964    -0.00200559    -0.00417726
 20     0.00000353    -0.00352084     0.00215817     0.00083766     0.00086836     0.00228167
 21     0.00577082    -0.00007613     0.00725605     0.00039996     0.00076201     0.00160770
 22     0.01739384     0.00334192     0.00062247    -0.00637353     0.00380415     0.00149942
 23    -0.00737376     0.00272595     0.00351105     0.00343630    -0.00224128    -0.00005159
 24    -0.00913549    -0.00264464    -0.00261676     0.00304750    -0.00116984    -0.00066428
 25     0.00680177    -0.00295559    -0.01404706    -0.00030487    -0.00028488     0.00376322
 26    -0.00572068    -0.00286554     0.00727588    -0.00000168     0.00029467    -0.00231858
 27     0.00039092     0.00694515     0.00501407     0.00008456    -0.00008839    -0.00184150
 28     0.00863525    -0.00644942     0.01383794    -0.00284659     0.00681238    -0.00258439
 29    -0.00573699     0.01254320    -0.00789932     0.00194620    -0.00518248     0.00176035
 30    -0.00217181    -0.00312491    -0.00491683     0.00084062    -0.00309864     0.00080418
 31    -0.00149668    -0.00460805    -0.00166834    -0.00128918     0.00048605     0.00186582
 32     0.00499882     0.00040743     0.00190587     0.00063116    -0.00019043    -0.00107926
 33    -0.00215851     0.00382132    -0.00036980     0.00067939    -0.00016150    -0.00084550
 34    -0.00302594     0.00720571    -0.00163810     0.00238751    -0.00266466     0.00400220
 35    -0.00089701    -0.00555209     0.00142591    -0.00095306     0.00116058    -0.00230875
 36     0.00306420    -0.00250282     0.00144936    -0.00168131     0.00121579    -0.00216179
 37     0.00913827    -0.00093783     0.00557620    -0.00414628     0.00194784    -0.00766547
 38    -0.00683367    -0.00029564    -0.00572219     0.00193678    -0.00185543     0.00515123
 39    -0.00568764     0.00178455    -0.00243243     0.00313669    -0.00108826     0.00372533
 40     0.00877610     0.01285017    -0.00377010    -0.01890081     0.00347914     0.00814701
 41    -0.00837069     0.00506491    -0.00063463     0.01186146    -0.00371583    -0.00331908
 42     0.00081271    -0.01185609    -0.00220048     0.00618601    -0.00265976    -0.00234889
 43     0.01359983     0.00185792     0.00106433    -0.01026951    -0.00506038    -0.00588232
 44    -0.00895414    -0.00217492    -0.00559316     0.00543622     0.00337881     0.00513087
 45    -0.00380550     0.00222280    -0.00415571     0.00460747     0.00104132     0.00266858
 46     0.00645986     0.00589309    -0.03063719    -0.00607254     0.00003342     0.01012812
 47    -0.00510917    -0.00305208     0.02523439     0.00523835    -0.00053658    -0.00610685
 48    -0.00227738    -0.00518981     0.00961587     0.00283633     0.00093813    -0.00405884
 49     0.00732457     0.00133390     0.00468465    -0.01060219    -0.00498759     0.00198826
 50    -0.00737543    -0.00422388     0.00051644     0.00700519     0.00181472    -0.00192022
 51    -0.00360859     0.00155178    -0.00020650     0.00547481     0.00280571     0.00043604
 52     0.00987522     0.00669668     0.00316913    -0.00189622     0.00295716     0.00154867
 53    -0.00704064     0.00102253     0.00069719     0.00120782    -0.00172687    -0.00114404
 54    -0.00514776    -0.00352765    -0.00405328     0.00069085    -0.00129045    -0.00078120
 55     0.01171275    -0.00556442     0.00550528    -0.00446735    -0.00059223     0.00242196
 56     0.00421904    -0.00038119    -0.00494400     0.00171681     0.00017895    -0.00114339
 57    -0.01423779     0.00611303     0.00308290     0.00258874     0.00064359    -0.00171379
 58     0.00377588     0.01219649    -0.00821381    -0.00208381    -0.00006648     0.00007234
 59    -0.00089407    -0.00380051     0.01145942     0.00102717     0.00007323    -0.00012743
 60    -0.00318759    -0.00863804    -0.00362047     0.00100514     0.00010686     0.00002397
 61    -0.00192981    -0.01346762     0.00236141    -0.00276364     0.00072744    -0.00214487
 62     0.00666833     0.00957505     0.00202442     0.00123967    -0.00027100     0.00080642
 63    -0.00701092     0.00217523    -0.00137439     0.00131249    -0.00058167     0.00106181
 64     0.00367316    -0.01643720     0.00035961     0.00345776     0.00480840    -0.00382417
 65    -0.00226766     0.01531606    -0.00482100    -0.00258737    -0.00259074     0.00270731
 66    -0.00445361    -0.00108180     0.00196814    -0.00148207    -0.00169444     0.00143228
 67     0.00364804    -0.00279105    -0.00357551    -0.00226647    -0.00157936     0.00127957
 68    -0.00379777     0.00307089    -0.00086388     0.00124742     0.00068250    -0.00055307
 69    -0.00023643     0.00250833     0.00081568     0.00135731     0.00108174    -0.00075080
 70     0.00521188    -0.00650390     0.00960762    -0.00286757    -0.00170201    -0.00234489
 71     0.00308860     0.00280365    -0.00359514     0.00151222     0.00076634     0.00151821
 72    -0.00591741     0.00434110    -0.00720696     0.00156092     0.00124120     0.00126930
 73    -0.00612363     0.01570098    -0.01229466     0.00062474    -0.00962617     0.00452961
 74     0.00703562    -0.00704858     0.00823324    -0.00076339     0.00351013    -0.00179210
 75    -0.00062759    -0.00509381     0.00656924     0.00028190     0.00424985    -0.00307175
 76     0.00344912    -0.01263274    -0.01138800     0.00476242    -0.00117038     0.00466000
 77    -0.00896916     0.00668323     0.00429300    -0.00284765     0.00036539    -0.00334878
 78     0.00747423     0.00756729     0.00903851    -0.00190477     0.00020829    -0.00183199
 79     0.00286904     0.00147905    -0.00133222    -0.00161344     0.00132567     0.00198409
 80    -0.00752090    -0.00404547     0.00385847     0.00075735    -0.00078284    -0.00118598
 81     0.00462709     0.00085170    -0.00153549     0.00075220    -0.00048569    -0.00096451
 82    -0.00231347    -0.01635773    -0.00376387    -0.00083465     0.00234797    -0.00272411
 83    -0.00302085     0.00355187     0.00123476     0.00025557    -0.00137862     0.00164639
 84     0.00451709     0.01167835     0.00192445     0.00055900    -0.00102045     0.00149859
 85     0.00984761    -0.00602760     0.01293911    -0.00671006     0.00119337    -0.00388748
 86    -0.00190463    -0.00035239    -0.00649440     0.00339115    -0.00128948     0.00161636
 87    -0.00466306     0.00585928    -0.00511028     0.00235679    -0.00041744     0.00155307
 88     0.01272651    -0.00010746    -0.00480005    -0.00097059    -0.00156563     0.00172352
 89    -0.00811384    -0.00038597     0.00275007     0.00055931     0.00068086    -0.00079357
 90     0.00068432    -0.00288729     0.00282851     0.00057584     0.00098393    -0.00089530
 91    -0.00834742    -0.00140666    -0.02615229     0.00332146     0.00928424     0.00999998
 92     0.01051082     0.00174914     0.00942901    -0.00012907    -0.00532753    -0.00423010
 93    -0.00312290     0.00166791     0.01507500    -0.00289837    -0.00517155    -0.00379556
 94     0.01022070     0.00823939    -0.01232908     0.00337335    -0.00894286    -0.00123852
 95    -0.00305929    -0.00940515    -0.00254486    -0.00080780     0.00366129     0.00075229
 96    -0.00990363    -0.00092743     0.01749379    -0.00160171     0.00551528    -0.00028487
 97    -0.02909076     0.01900133    -0.02912336     0.01265019    -0.01683980     0.01652685
 98     0.01802827    -0.01436790     0.01863931    -0.00504401     0.00983749    -0.00837274
 99     0.00795651    -0.00542479     0.00825133    -0.00249807     0.00759518    -0.00519742
100     0.00647559    -0.00356114    -0.00708623    -0.00397830    -0.00381193     0.00199578
101    -0.00250652    -0.01031361     0.00253533     0.00291674     0.00224298    -0.00107468
102    -0.00476384     0.00988936     0.00544609     0.00169089     0.00197198    -0.00059952
103     0.00866621    -0.00780214     0.00062222    -0.00181772     0.00111560    -0.00032233
104    -0.00719826     0.00496933    -0.00465659     0.00075425    -0.00047330     0.00013208
105    -0.00666357     0.00515157     0.00393074     0.00093984    -0.00055581     0.00027699
106    -0.00313868     0.01917550    -0.00908155     0.00387499    -0.00460559     0.00116867
107     0.00006467    -0.01151990     0.00254909    -0.00208562     0.00293430    -0.00020805
108     0.00264051    -0.01102416     0.00779878    -0.00266477     0.00231199    -0.00076264
109    -0.01521738    -0.00778877     0.00352707    -0.00210099     0.00109583     0.00027503
110    -0.00016776     0.00200159    -0.00735269     0.00100911    -0.00055935    -0.00002057
111     0.01306309     0.00477355     0.00400307     0.00115830    -0.00071048    -0.00021423
112     0.01789668     0.01171910    -0.01417068     0.00179665    -0.00407080     0.00253214
113    -0.00495655    -0.00611135    -0.00200841    -0.00104248     0.00181095    -0.00156697
114    -0.01524705    -0.00343730     0.01348671    -0.00122665     0.00210126    -0.00102652
115     0.01413000    -0.01448643     0.01010910    -0.00126380     0.00975348    -0.01477816
116    -0.01121754     0.00783825    -0.00639195    -0.00183722    -0.00427374     0.00764214
117     0.00144980     0.00698536    -0.00824609     0.00168071    -0.00761816     0.00671156
118    -0.01353793    -0.00494373    -0.00420912     0.00799439     0.00879269     0.00264404
119     0.00979347     0.00783522     0.00530365    -0.00301430    -0.00275742    -0.00108996
120     0.00423948    -0.00305954    -0.00135032    -0.00608025    -0.00438624    -0.00111712
121     0.00898023    -0.00037790    -0.00449082    -0.00488465     0.00074950     0.00099244
122    -0.00463529    -0.00189875     0.00534497     0.00250502    -0.00013487    -0.00082524
123    -0.00354271    -0.00083354     0.00105891     0.00185511    -0.00032042    -0.00037294
124    -0.00678803     0.00384528    -0.00904077     0.00902204    -0.00439281     0.00343054
125    -0.00049687    -0.00058312     0.00404296    -0.00355198     0.00136482    -0.00196793
126     0.00482633     0.00047969     0.00341990    -0.00535418     0.00366791    -0.00293456
127    -0.00025350    -0.00377973    -0.00003398    -0.00189227    -0.00048946    -0.00018392
128     0.00402604     0.00278131    -0.00007911     0.00112686     0.00033226     0.00012443
129    -0.00225541     0.00220544     0.00048696     0.00083872     0.00028372     0.00006766
130     0.00475690     0.00019629     0.01489723    -0.00324067    -0.00118187    -0.00026629
131    -0.00729281    -0.01016425    -0.00435828     0.00170329     0.00061003    -0.00009157
132     0.00022785     0.00705017    -0.01139607     0.00194017     0.00050437     0.00024852
133    -0.00797832     0.00139034     0.00242641    -0.00380465    -0.00246701     0.00451137
134    -0.00190033    -0.00298757     0.00345316     0.00203187     0.00159038    -0.00186894
135     0.00906102     0.00032162    -0.01009544     0.00139805     0.00083917    -0.00171537
136    -0.00413620     0.00330581    -0.01029921     0.00597799     0.00035821     0.01289255
137     0.00691141    -0.00372333     0.00373209    -0.00258746    -0.00210773    -0.00665309
138     0.00244140    -0.00169030     0.00728050    -0.00438355     0.00145958    -0.00842586
139    -0.01029376    -0.00442634     0.00028409    -0.00088998     0.00453207     0.00112784
140     0.00185454     0.00677645    -0.00097191     0.00035697    -0.00251890    -0.00025931
141     0.00926170    -0.00111983     0.00292697     0.00064421    -0.00194648    -0.00044596
142     0.00084538    -0.01326927    -0.00200498    -0.00311464     0.00950304     0.00467723
143     0.00342957     0.00831091    -0.00109732     0.00199926    -0.00352256    -0.00246412
144    -0.00442843     0.00205421     0.00199208     0.00086049    -0.00352885    -0.00140334
145     0.01110917     0.01009297     0.01489941    -0.00176412    -0.00165280     0.00043013
146    -0.00358819    -0.00064497    -0.00160957     0.00088124     0.00099941    -0.00020200
147    -0.00823812    -0.00866970    -0.01415063     0.00093690     0.00083378    -0.00035768
148     0.00629770    -0.00119100    -0.00409106    -0.00311525    -0.00101127     0.00083778
149    -0.00368512     0.00059776     0.00294396     0.00132720     0.00032584    -0.00034298
150    -0.00304616    -0.00038441     0.00273666     0.00186065     0.00047512    -0.00064460
151     0.01374815    -0.01393897     0.00472916    -0.00146064    -0.00278484     0.00179119
152    -0.00669933     0.00998364    -0.01172884     0.00105513     0.00167736    -0.00098614
153    -0.01121568     0.00602545     0.00569121     0.00056216     0.00147271    -0.00075336
154     0.00192334     0.01022751     0.00752781    -0.00012745    -0.00515357    -0.00156594
155    -0.00130738    -0.00233006    -0.00364765     0.00004023     0.00194215     0.00063629
156    -0.00096768    -0.00576926    -0.00534009     0.00022995     0.00276148     0.00130396
157    -0.00269934    -0.00251249     0.00370914     0.00039960    -0.00145362    -0.00775429
158     0.00364477    -0.00099064    -0.00558160     0.00012906     0.00091965     0.00307440
159     0.00161670     0.00308006     0.00148806     0.00034980     0.00096324     0.00538196
160     0.00929544     0.00599923    -0.00501030    -0.00121091     0.00001771     0.00287707
161    -0.00551964    -0.00768727     0.00231502     0.00062508     0.00015808    -0.00136976
162    -0.00449397     0.00066165     0.00404768     0.00047617     0.00000098    -0.00163720
163    -0.01015428    -0.00233847     0.00092427     0.00953819     0.00451425    -0.01109317
164     0.00357963     0.00345593    -0.00498527    -0.00380066    -0.00044514     0.00493524
165     0.01119530     0.00069246     0.00750612    -0.00722689    -0.00232404     0.00485191
166     0.00466293    -0.00234787    -0.00034456    -0.00551348     0.00424869    -0.00199018
167     0.00213601    -0.00063629    -0.00036086     0.00201352    -0.00161279     0.00060146
168    -0.00645179     0.00241594    -0.00101560     0.00248499    -0.00278645     0.00127082
169    -0.01958006    -0.00209613    -0.01123581    -0.00096577    -0.00510919    -0.00448629
170     0.00457238    -0.00598390     0.00675987     0.00054403     0.00190580     0.00228601
171     0.01646051     0.00927662     0.00079101     0.00001641     0.00319532     0.00296932
172     0.00196250    -0.00453478     0.00036914    -0.00227046    -0.00014720     0.00212745
173    -0.00129102     0.00462114    -0.00100840     0.00103261     0.00022262    -0.00110154
174    -0.00356547    -0.00200528     0.00013749     0.00124252    -0.00005619    -0.00131929
175    -0.00040579    -0.00030902     0.01698480    -0.00134754    -0.00111724     0.00135220
176    -0.00199004     0.00361167    -0.01723895     0.00083087     0.00063959    -0.00068837
177    -0.00147890    -0.00119792     0.00218112     0.00058819     0.00047788    -0.00054293
178    -0.01131632     0.00169905     0.00617851    -0.00183540     0.00014893    -0.00248231
179     0.00639575    -0.00004283    -0.00045844     0.00077648    -0.00002599     0.00099255
180     0.00662448    -0.00209940    -0.00526571     0.00112075    -0.00017451     0.00123000
181     0.00403066    -0.00038131     0.00545353    -0.00268448     0.00226049    -0.00042298
182    -0.00484142    -0.00193741    -0.00921307     0.00129865    -0.00116189    -0.00000503
183     0.00529032     0.00180338     0.00430889     0.00115569    -0.00085333     0.00020333
184    -0.00463527     0.00123814    -0.01519639    -0.00016942     0.00322992     0.00215433
185     0.00159474    -0.00031362     0.01639137     0.00015949    -0.00191117    -0.00094704
186     0.00226762    -0.00147531    -0.00150164     0.00023278    -0.00134940    -0.00096811
187    -0.00353008    -0.00103930     0.00353787    -0.00153667    -0.00064164     0.00040678
188     0.01017263     0.00822452    -0.01140015     0.00065250     0.00030839    -0.00018640
189    -0.00613565    -0.00581609     0.00716394     0.00084380     0.00038977    -0.00016006
190    -0.00049252    -0.01022126    -0.00190877    -0.00079599    -0.00210394     0.00033413
191     0.00791600     0.00020743     0.00833783     0.00035131     0.00116462    -0.00026156
192    -0.00994922     0.01031086    -0.00639820     0.00054364     0.00118872    -0.00015004
193    -0.01045775     0.00391745     0.01337361     0.00428460    -0.00158326    -0.00661942
194     0.01469184    -0.00258969    -0.01100901    -0.00159324     0.00052225     0.00236556
195    -0.00866438    -0.00206777    -0.00118013    -0.00150236     0.00073279     0.00377450
196    -0.00027617     0.00000406    -0.01886354    -0.00169353     0.00286838    -0.00190476
197    -0.00940461     0.00298956     0.01165959     0.00067229    -0.00138033     0.00113154
198     0.00760226    -0.00299201     0.00524330     0.00102984    -0.00191706     0.00104581
199     0.01527062     0.00312766    -0.01733307    -0.00023637     0.00494659    -0.00063204
200    -0.00765990    -0.00933730     0.01250023     0.00001863    -0.00196165     0.00040290
201    -0.01254421     0.00616795     0.00413056    -0.00024678    -0.00300893     0.00043130
202     0.00629265    -0.00858518     0.00596169    -0.00173188     0.00139140    -0.00322877
203    -0.00184796     0.00322190    -0.00109735     0.00082165    -0.00043132     0.00149260
204    -0.00394461     0.00406983    -0.00429817     0.00113156    -0.00086145     0.00219183
205    -0.00269244    -0.02168399    -0.00411350    -0.00195448    -0.00030484     0.00053479
206    -0.00000966     0.00718302     0.00663052     0.00099281     0.00013259    -0.00037395
207     0.00239707     0.01165746    -0.00571171     0.00087738     0.00021591    -0.00024821
208    -0.00144662     0.01168231     0.00582836    -0.00132836    -0.00576634     0.00055462
209     0.00352175    -0.00855647    -0.00948728     0.00051042     0.00299205     0.00018957
210     0.00008382    -0.00617048     0.00493054     0.00071255     0.00386916    -0.00073935
211    -0.00950452    -0.00388837    -0.00600828    -0.00059785    -0.00302134     0.00104817
212     0.01473403     0.00194943     0.01014563     0.00016235     0.00150061    -0.00066839
213     0.00175847     0.00188367    -0.00398374     0.00034944     0.00189756    -0.00048910
214    -0.00304271    -0.00839224     0.00892678    -0.00085918     0.00201998     0.00172258
215    -0.00055822     0.01206605    -0.00199072     0.00047649    -0.00102592    -0.00108773
216     0.00592500    -0.00384821    -0.00552620     0.00039989    -0.00080725    -0.00072417
217    -0.00355693    -0.00043395    -0.00250965    -0.00221143    -0.00269564    -0.00075379
218     0.00186086    -0.00067392    -0.00063199     0.00112367     0.00109518     0.00039357
219    -0.00275337     0.00116052    -0.00299126     0.00130028     0.00166226     0.00064573
220     0.01386683    -0.00012467     0.01009906    -0.00282942     0.00069996     0.00383258
221    -0.00941603     0.00389210    -0.01863498     0.00102552    -0.00021927    -0.00180912
222    -0.00140418    -0.00088220     0.00674710     0.00189039    -0.00038819    -0.00269347
223     0.00360375     0.00138381     0.00042394    -0.00188230    -0.00106113     0.00010245
224    -0.00133935    -0.00131653     0.00135502     0.00091931     0.00063684    -0.00009224
225    -0.00287845    -0.00067725     0.00019249     0.00113764     0.00059390     0.00000337
226    -0.01477835     0.00874765     0.00234558     0.00364831    -0.00844156    -0.00846264
227     0.00940607     0.00293150    -0.00818615    -0.00251014     0.00296256     0.00396298
228     0.00847066    -0.01133599     0.00905416    -0.00221830     0.00484164     0.00287968
229     0.00485994    -0.00442873    -0.00399124    -0.00206142     0.00160355    -0.00193093
230     0.00272531     0.00091154    -0.00156760     0.00100931    -0.00101513     0.00092776
231    -0.00781780     0.00653512     0.00683270     0.00097243    -0.00079335     0.00118597
232     0.02435304    -0.00007017     0.01197674    -0.00196487    -0.00012893     0.00108449
233    -0.00039262     0.00665115    -0.00211556     0.00093373    -0.00003137    -0.00047875
234    -0.02072573    -0.00802107    -0.00767644     0.00104699     0.00004651    -0.00070391
235     0.00555543    -0.00715041     0.00129938    -0.00262116     0.00024194    -0.00050687
236    -0.00238652     0.00364253     0.00010672     0.00119351    -0.00005393     0.00013365
237    -0.00397667     0.00449612    -0.00403281     0.00164609    -0.00008220     0.00029629
238    -0.00074352    -0.00821941     0.00025751    -0.00495635    -0.00021228    -0.00075998
239     0.00306056     0.00365738    -0.00596394     0.00305663     0.00001046     0.00080800
240    -0.00334705     0.00584776     0.00161526     0.00270483    -0.00002144     0.00002457
241    -0.00369189     0.00194221     0.00080430     0.00020830    -0.00283415     0.00182373
242    -0.00204278    -0.00048977    -0.00000970    -0.00016931     0.00115398    -0.00076380
243     0.00458485    -0.00030358    -0.00014493    -0.00031059     0.00170716    -0.00107512
244     0.00208603    -0.01367462     0.01483657     0.00245023     0.00776873    -0.00137357
245    -0.00187127     0.01261156    -0.00775518    -0.00213211    -0.00469212     0.00017498
246     0.00626284    -0.00014371    -0.00703989    -0.00147574    -0.00358561     0.00137735
247     0.00467545     0.00347105     0.00351176    -0.00205288    -0.00325621     0.00035859
248     0.00279681    -0.00150791     0.00407359     0.00108116     0.00153504     0.00005922
249    -0.00614915    -0.00238085    -0.00038497     0.00097978     0.00204501    -0.00018749
250     0.00232784     0.00749789     0.00098483    -0.00254324     0.00049828     0.00043593
251     0.00003734    -0.00411645     0.00164616     0.00118483    -0.00035425    -0.00015602
252    -0.00287768    -0.00189749    -0.00266178     0.00116576    -0.00014369    -0.00012962
253     0.00445614    -0.00394377     0.00594436    -0.00147467     0.00072445     0.00058019
254    -0.00200689     0.00143065     0.00155485     0.00077727    -0.00043360    -0.00037438
255    -0.00044887     0.00141296    -0.00782121     0.00082372    -0.00040407    -0.00024424
256     0.00264064    -0.01479301     0.01742929    -0.00676680     0.02369481    -0.00417978
257    -0.00363586     0.00546828    -0.00603545     0.00242503    -0.00848599    -0.00102967
258     0.00122103     0.00732613    -0.00163266     0.00223199    -0.01384632     0.00094698
259    -0.00785874     0.02187592     0.01508080    -0.00352581    -0.00445674    -0.00287028
260    -0.00060171    -0.01706049    -0.01094975     0.00273827     0.00263281     0.00182064
261     0.00823262    -0.00338554    -0.00683608     0.00143628     0.00259541     0.00184599
262    -0.01016562    -0.01463297    -0.00348364     0.00093710    -0.00173845     0.00645312
263     0.00321968     0.00580754    -0.00423912    -0.00096002     0.00068794    -0.00423535
264     0.00545116     0.00849111     0.01024636    -0.00016976     0.00151814    -0.00354685
265     0.00272166     0.00350549     0.00321224    -0.00274866    -0.00095708    -0.00442249
266     0.00448741     0.00112657     0.00098642     0.00118050     0.00021107     0.00174857
267    -0.00592528    -0.00239488    -0.00601864     0.00169066     0.00024622     0.00293057
268     0.00851268    -0.01749536    -0.00813891    -0.00263985     0.00222300     0.00080145
269     0.00182421    -0.00098070     0.00327154     0.00115678    -0.00123984    -0.00048531
270    -0.01137212     0.01627205     0.00527407     0.00179210    -0.00137984    -0.00050797
271     0.00052147     0.00526754     0.00454546    -0.00100176     0.00281226     0.00736351
272     0.01079081     0.00997522    -0.00155707     0.00009650    -0.00234898    -0.00448335
273    -0.01094962    -0.01132279     0.00119808     0.00119264    -0.00110760    -0.00453222
274    -0.00207230    -0.00178592    -0.00894957    -0.00044926    -0.00222758     0.00266989
275    -0.00274301    -0.00326668     0.00736996     0.00012034     0.00128978    -0.00123742
276     0.00581018     0.00338722     0.00077556     0.00033850     0.00097588    -0.00111622
277    -0.01700988    -0.02551420    -0.00113529     0.02014157     0.00364260     0.00100998
278     0.01903955     0.00313339     0.00305028    -0.01301582    -0.00158038    -0.00107334
279    -0.00302186     0.01601783    -0.00226180    -0.00749454     0.00054111    -0.00090670
280    -0.00238806    -0.00373824    -0.00386654    -0.00095102    -0.00121620     0.00316451
281    -0.00302053    -0.00049932     0.00385376     0.00036501     0.00081363    -0.00158344
282     0.00307005     0.00222460     0.00263537     0.00035188     0.00047154    -0.00172498
283     0.00621449    -0.00264525    -0.00607229    -0.00238689    -0.00153923    -0.00090981
284    -0.00320019    -0.00219967     0.00309565     0.00127807     0.00077145     0.00066370
285    -0.00330376     0.00534225     0.00242137     0.00138869     0.00075010     0.00036574
286     0.01148656    -0.00528474    -0.00706726    -0.00128854    -0.00461133     0.00616667
287    -0.00584612    -0.00246060     0.00421003     0.00128588     0.00194166    -0.00303723
288    -0.00456025     0.00891637     0.00103502     0.00039561     0.00178490    -0.00216536
289    -0.00826650     0.01642972     0.02116985    -0.00585017    -0.00836745    -0.01986432
290    -0.00009373    -0.00745810    -0.01532888     0.00402627     0.00297803     0.01251763
291     0.00839482    -0.00750207    -0.00685275     0.00033067     0.00542954     0.00782937
292     0.01225590     0.00025144    -0.01022630    -0.00382523     0.00363219     0.00384202
293    -0.00782169    -0.00453800     0.01077395     0.00170946    -0.00123325    -0.00190040
294    -0.00314044    -0.00039317     0.00056065     0.00247420    -0.00187261    -0.00163344
295     0.01531404     0.00645230     0.00880207    -0.00201716     0.00041011    -0.00097707
296    -0.01215336    -0.00678224    -0.00413322     0.00086883    -0.00012386     0.00044258
297    -0.00209797     0.00094416    -0.00228988     0.00113068    -0.00018276     0.00041910
298     0.00928065     0.00091002     0.00100342    -0.00172755    -0.00097348     0.00234353
299    -0.00163777     0.00377188    -0.00301528     0.00071922     0.00053553    -0.00128218
300    -0.00689699    -0.00270792    -0.00030193     0.00077795     0.00052915    -0.00096363
