 Number of water molecules:
          32

 Atomic and electronic energies:
    -0.46209072    -0.04880272

 Atomic coordinates:
  1    -4.43518542     7.04656219     0.82590188
  2    -3.76748765     6.95667516    -1.01168181
  3    -5.81877879     5.72527698     0.84467008
  4     1.50839934     7.88350263    -5.31340731
  5     2.49639752     7.04451117    -6.70566596
  6     2.19595629     7.24390476    -3.62335877
  7     2.16478342     0.67111491    -7.83600835
  8     3.59327524     1.31548935    -6.68760346
  9     0.52690472     0.93066868    -6.86586334
 10    -2.59494755     2.42527552     3.67673722
 11    -1.41421400     1.47908553     2.42968627
 12    -2.55902996     4.24940375     3.02847645
 13    -1.81717510    -3.88407050    -4.34200816
 14     0.08854855    -4.24574538    -4.22805436
 15    -1.96039961    -1.95621644    -4.51840017
 16     0.76972361     0.47178574     7.31517807
 17    -0.31503112     1.49025079     6.06459098
 18     0.02530459    -1.30406213     7.37508265
 19    -4.67739613    -4.90535207    -0.19534550
 20    -3.57281441    -4.45085685    -1.71546352
 21    -6.41807974    -4.34749871    -0.65779188
 22    -5.56860732    -1.12670814     6.22780605
 23    -4.42202366     0.29394775     5.60035698
 24    -4.32958984    -2.49130645     6.78032590
 25    -7.07227775     5.31701733    -7.57102786
 26    -7.22497929     3.81180840    -6.41146838
 27    -8.74440647     5.43677842    -8.41367735
 28     7.00184814    -7.20733191     0.06926818
 29     5.89603868    -8.44777245    -0.88305370
 30     6.26190908    -7.21963208     1.80966659
 31    -1.90141391     1.46751497    -4.47093550
 32    -0.75131947     1.20959652    -2.95246681
 33    -2.44710877     3.33140278    -4.32871189
 34     7.00814646     4.97303992     4.96888743
 35     5.93079911     6.39127496     4.23315541
 36     6.01941306     4.31100668     6.48915632
 37     6.96791093    -2.27372325    -1.31142400
 38     7.41688624    -1.17966887     0.19641512
 39     7.19351825    -4.12279677    -0.82780855
 40    -0.84797341    -6.58573620     2.85869648
 41    -2.50575129    -5.99966026     2.04417942
 42    -0.00079744    -7.67591300     1.50764947
 43     5.77006666     1.99044521    -4.48188950
 44     6.18932587     0.50793917    -3.35113901
 45     5.26805201     3.42768078    -3.33026467
 46    -7.31900153     2.60998770     0.87084652
 47    -5.56203831     2.27976358     1.57548624
 48    -8.49430191     1.34191276     1.72722687
 49    -9.13453894    -2.97152829    -1.61804551
 50    -9.66556571    -2.21509632     0.07387614
 51    -8.79519740    -1.49189769    -2.76773820
 52    -1.47438646    -4.22831234     7.10486755
 53    -1.16573520    -5.05460347     5.36800128
 54    -1.22441741    -5.59594471     8.40691024
 55     8.27423055     0.79861134     2.54882367
 56     7.67520527     2.50479973     3.20630820
 57    10.16617446     0.74702100     2.90348268
 58     4.03695713     8.65314064     2.88535659
 59     2.16083992     8.88643529     3.32947199
 60     4.81012040    10.39801305     2.70839744
 61    -9.79733874    -1.34127009     3.28458312
 62   -11.05308916    -2.32996285     4.29804434
 63    -8.17883383    -1.42360676     4.33148098
 64    -3.21938807     6.31944423    -4.23245600
 65    -4.46969191     6.25079614    -5.71428379
 66    -1.66374629     7.24260553    -4.78302557
 67     4.61854994    -3.68861469    -8.91189889
 68     3.55011831    -2.08502175    -8.80803497
 69     6.19117813    -3.20548016    -9.82881841
 70    -7.25017686     1.40577466    -4.18734401
 71    -5.40989197     1.02221981    -4.56726800
 72    -7.20271863     2.21965294    -2.43267761
 73     1.27565300    -8.93218602    -1.31637502
 74    -0.13630212    -9.67434863    -2.38143689
 75     2.00023785    -7.44285007    -2.34086740
 76     3.69739925     5.68442949    -1.22379806
 77     3.87067918     6.74482875     0.35849876
 78     2.62601633     4.18884554    -0.60663837
 79    -2.34262103    -9.05062951    -5.40497198
 80    -2.30842792    -7.18326540    -4.99880122
 81    -2.26625030    -9.13593839    -7.27397363
 82     5.22481746    -1.94811388     5.79655350
 83     6.34733389    -1.05415590     4.52566164
 84     3.65744940    -0.86033192     5.92010941
 85     4.89615249     2.76155056     9.33011292
 86     5.84498811     1.11067810     9.28667829
 87     3.05943743     2.28088995     8.92494710
 88     4.19039260    -6.75085549     4.40224778
 89     2.31025225    -6.71533925     4.03664960
 90     4.69875310    -5.02628931     5.08862554
 91     3.08171118    -4.93022798    -4.12932609
 92     4.42494558    -3.89293886    -3.19717583
 93     3.62712455    -4.76184295    -5.97373415
 94    -0.92572182     8.91001929     4.31316432
 95    -1.87908450     8.63272215     5.88705101
 96    -2.12794087     8.41137779     2.86432216

 Atomic and electronic forces:
  1     0.02139689    -0.01349931    -0.01657167    -0.01042394     0.01168829     0.00107009
  2    -0.00899265     0.00935995     0.01162184     0.00486120    -0.00629928     0.00169029
  3    -0.01141713     0.00331695     0.00356387     0.00598947    -0.00392948    -0.00054649
  4    -0.00445176    -0.00579319     0.00490449     0.00183920     0.00799605    -0.00748846
  5     0.00199905     0.00268333     0.00164620    -0.00124774    -0.00276291     0.00370813
  6     0.00654964     0.00378768    -0.00897784    -0.00222551    -0.00565758     0.00417977
  7    -0.00040619     0.00235302     0.01069180     0.00260414    -0.00145127    -0.01058052
  8    -0.00174195    -0.00251664    -0.00663232    -0.00277509     0.00037852     0.00560362
  9     0.00274027     0.00052268    -0.00686033    -0.00031854     0.00082643     0.00700810
 10     0.02945928    -0.00197274    -0.03895201    -0.01713936     0.00339428     0.02097214
 11    -0.02019940     0.00754737     0.02354040     0.00748836     0.00128854    -0.01009191
 12    -0.00683929    -0.00519499     0.01235835     0.00706280    -0.00564742    -0.00702965
 13     0.00325935     0.01947792     0.00593232    -0.00347321    -0.01010439    -0.00832477
 14    -0.00265719    -0.00306953    -0.00307091     0.00006144     0.00531189     0.00400751
 15    -0.00191611    -0.01570562    -0.00605612     0.00270987     0.00479523     0.00630348
 16    -0.00546484     0.01202560    -0.02047402     0.00096209    -0.00295679     0.01469033
 17     0.00349157    -0.00958123     0.01620866     0.00109136     0.00062607    -0.00931182
 18    -0.00344675    -0.00204355     0.00389372     0.00019153     0.00256416    -0.00583915
 19     0.03274834     0.00229795     0.00711575    -0.00668817    -0.00944406    -0.00071347
 20    -0.00567969    -0.00800698     0.00120118     0.00325261     0.00555133     0.00180365
 21    -0.02462617     0.00184984    -0.00672324     0.00352066     0.00334993     0.00052297
 22     0.01118800     0.00535559    -0.00799290    -0.00669492    -0.00338727     0.00695041
 23    -0.01005967    -0.00185853     0.00300430     0.00447743     0.00142393    -0.00518474
 24    -0.00314837    -0.00285286     0.00240770     0.00246363     0.00232182    -0.00352996
 25     0.00951401     0.00301110     0.00390512    -0.00402167     0.00196678    -0.00445307
 26    -0.00173343    -0.00876649     0.00539562     0.00278546    -0.00076727     0.00258708
 27    -0.00889216     0.00469852    -0.00870494     0.00164380    -0.00067277     0.00163167
 28    -0.00424749    -0.00429750    -0.02006864     0.00379627    -0.00498729    -0.00017612
 29     0.00650052     0.00254882    -0.00005346    -0.00141691     0.00252505     0.00030981
 30    -0.00509657     0.00125409     0.02132795    -0.00186661     0.00275849    -0.00043442
 31     0.00921241     0.00108930     0.02369233    -0.00943601    -0.00137846    -0.02216679
 32    -0.00574528    -0.00158087    -0.01230240     0.00355949     0.00212859     0.01246380
 33    -0.00041557    -0.00233594    -0.00905948     0.00463564    -0.00268286     0.00849070
 34    -0.01443610    -0.00396367    -0.00134761     0.00813273     0.00367646     0.00528789
 35     0.00421425     0.00302312     0.00189477    -0.00402334    -0.00314898    -0.00258317
 36     0.00848643     0.00420561     0.00381092    -0.00346820    -0.00142926    -0.00356020
 37    -0.01665168     0.00680284    -0.01625025     0.01001034    -0.00596129    -0.00248545
 38     0.00693440    -0.00218042     0.00640542    -0.00574396     0.00237320     0.00017953
 39     0.00600686    -0.00384670     0.00647949    -0.00351371     0.00294269     0.00060779
 40     0.00099423     0.00406629    -0.00434181    -0.00119018    -0.00975261     0.00291037
 41     0.00086405    -0.00442129    -0.00372675     0.00174783     0.00513373    -0.00112222
 42    -0.00145642    -0.00264652    -0.00210615     0.00007883     0.00436565    -0.00053416
 43    -0.01226620    -0.00054283     0.00177461     0.01072832     0.00041090    -0.00914052
 44     0.00863386    -0.00549384     0.00009816    -0.00601433     0.00126207     0.00368058
 45     0.00597645     0.00633084     0.00063660    -0.00650953    -0.00210466     0.00465741
 46     0.01547995    -0.00019059    -0.00296531    -0.01367361     0.00154970     0.00117271
 47    -0.01169798    -0.00306536     0.00535759     0.00901820    -0.00080750    -0.00225434
 48    -0.00171367     0.00169526     0.00142640     0.00506139     0.00025684    -0.00086242
 49    -0.00002249     0.00618242     0.00755804    -0.00626910    -0.00325816    -0.00131595
 50    -0.00123134    -0.00647438    -0.00186195     0.00334930     0.00138155     0.00007830
 51    -0.00123753     0.00230830    -0.00732492     0.00361211     0.00133888     0.00126133
 52     0.00074446     0.00903076     0.00255222    -0.00171378    -0.00611522     0.00688960
 53    -0.00156907    -0.00535386     0.00499210     0.00084112     0.00423018    -0.00310960
 54     0.00030709    -0.00121101    -0.00185447     0.00042933     0.00223003    -0.00242642
 55     0.00885801    -0.01130334    -0.00201899     0.01066195    -0.00139146     0.00273410
 56     0.00348189     0.00880329     0.00581312    -0.00562789    -0.00048110    -0.00204145
 57    -0.01072060     0.00106101    -0.00236227    -0.00362609     0.00040179    -0.00089001
 58    -0.00356349     0.00109470    -0.00310333     0.00561926     0.00970044     0.00338990
 59     0.00473508     0.00455267     0.00442664    -0.00160079    -0.00555818    -0.00226480
 60    -0.00501496    -0.00504421     0.00254408    -0.00189368    -0.00343351    -0.00089970
 61     0.00568632     0.00302409    -0.00304247    -0.00626556    -0.00199288     0.00189705
 62    -0.00661180    -0.00189806     0.00061921     0.00228700     0.00085001    -0.00081647
 63     0.00291641     0.00093416     0.00413686     0.00354023     0.00137509    -0.00173775
 64    -0.02053279    -0.01922669     0.01535192    -0.00675826     0.00902448    -0.00931797
 65     0.00341657     0.00680415     0.00057569     0.00262767    -0.00254095     0.00349044
 66     0.01597709     0.01426699    -0.01354099     0.00152866    -0.00450831     0.00432366
 67    -0.00696008     0.00020679     0.00636089     0.00227885    -0.00278579    -0.00470146
 68    -0.00065189     0.00038357    -0.00089680    -0.00119034     0.00134906     0.00318838
 69     0.00639168    -0.00020375    -0.00426160    -0.00115984     0.00095877     0.00194850
 70     0.01207940     0.00537237     0.00963652    -0.00901900    -0.00045405    -0.00564099
 71    -0.00284831    -0.00394612    -0.00566845     0.00499518     0.00067856     0.00455795
 72    -0.01080019    -0.00330688    -0.00301448     0.00586038    -0.00035777     0.00223177
 73     0.00321856     0.01392784    -0.00289901     0.00069224    -0.00662318    -0.00103155
 74     0.00138617     0.00022780    -0.00280207     0.00006999     0.00283943     0.00067562
 75    -0.00449778    -0.01221491     0.00360405    -0.00079256     0.00395007     0.00115322
 76    -0.02724312    -0.03597830     0.00657034     0.01475612     0.01585142    -0.00681810
 77     0.01080517     0.01586559     0.00525765    -0.00541846    -0.00701747     0.00024347
 78     0.01654139     0.01700985    -0.01097864    -0.00913109    -0.00868260     0.00364497
 79     0.00417725     0.00398589     0.00937135    -0.00101369    -0.00444800    -0.00235378
 80    -0.00345508     0.00331383     0.00400351     0.00079767     0.00293982     0.00174628
 81    -0.00069185    -0.00612278    -0.01224197     0.00039263     0.00179378     0.00124789
 82    -0.00415922     0.00590177    -0.00668037     0.00697993    -0.00528898     0.00749146
 83     0.00759015    -0.00179666     0.00006714    -0.00472738     0.00223494    -0.00313786
 84    -0.00171050    -0.00287948     0.00887474    -0.00356581     0.00283924    -0.00578822
 85    -0.01082459    -0.00471526    -0.01084758     0.00363971     0.00063486     0.00692532
 86     0.00225900     0.00146392     0.00358671    -0.00194315     0.00027514    -0.00306264
 87     0.00939751     0.00140941     0.00487824    -0.00152733    -0.00017133    -0.00464170
 88     0.00153735    -0.00176784    -0.00302052     0.00297204    -0.00632970     0.00297193
 89     0.00158119     0.00004021     0.00130597    -0.00099054     0.00396341    -0.00170401
 90    -0.00137623     0.00046777     0.00246899    -0.00214439     0.00324238    -0.00222937
 91     0.00880148     0.01322155     0.00694453     0.00369558    -0.00843927    -0.00559620
 92    -0.00349375    -0.00728234     0.00013587    -0.00331086     0.00437108     0.00271597
 93     0.00007785    -0.00432229    -0.00623218    -0.00151676     0.00284862     0.00273788
 94     0.00375567    -0.00975190    -0.03347037    -0.00166328     0.01035436     0.00567263
 95    -0.01005957     0.00079641     0.01971788     0.00115631    -0.00373786    -0.00299761
 96     0.00330342     0.00926648     0.00971174     0.00220438    -0.00608095    -0.00229107
