 Number of water molecules:
         190

 Atomic and electronic energies:
    -3.37522186    -0.09992483

 Atomic coordinates:
  1    -8.99762631    14.52002716    -8.71948161
  2    -8.53983819    14.53545946    -6.83047287
  3    -9.88177344    12.84426953    -8.97012654
  4     7.47005097     6.41100645    11.86382341
  5     8.02872811     8.12354721    11.12393725
  6     7.05250263     5.33872625    10.34319611
  7    -6.55444015     9.57969848     7.29958493
  8    -5.17277530     8.36622772     7.89232887
  9    -6.30992394     9.66627356     5.37189110
 10    14.94915290    -7.38978992    -9.12127920
 11    16.80871624    -7.41874780    -9.49862396
 12    14.85871336    -7.39747020    -7.20480799
 13     1.76750264     5.59847064    11.22871011
 14     1.86230284     4.51882771    12.81048904
 15     3.14510786     4.96711328    10.04723157
 16    -9.83541603     9.02734400    -9.05541274
 17   -10.49857554     7.38323848    -9.88832226
 18    -8.01370223     9.07146215    -9.62998074
 19     1.88242256     2.53666469   -18.86282021
 20     1.86293925     0.61425619   -18.68330447
 21     0.25438600     3.28191762   -18.18757168
 22   -17.63356815     8.96654336     0.86710370
 23   -16.29411134     9.65897546     2.06808589
 24   -17.71400197    10.08027712    -0.68733426
 25     8.82457939     6.95599187   -12.77306383
 26     7.84189861     6.03620131   -14.14562107
 27     7.76743530     6.66433117   -11.18469885
 28    -5.43116147   -11.11470972    -9.44405638
 29    -5.31457750    -9.20503683    -9.72186283
 30    -7.03671658   -11.37194456    -8.43781124
 31   -12.74807029     1.90874576     6.00288497
 32   -13.30948695     3.62127515     6.73436778
 33   -12.05635698     2.33884886     4.25739116
 34    -1.13951000     9.25073598   -14.34849221
 35     0.23178633     8.48421144   -13.21344438
 36    -1.07756547    11.14968476   -13.98252424
 37     6.81654313     6.09967986    -8.20139675
 38     8.64748540     6.11276695    -7.62897699
 39     6.05673772     4.68987354    -7.12773397
 40     2.88761464    -4.95059881   -13.34017320
 41     1.50556125    -4.18734675   -12.23138566
 42     2.72231752    -6.86636969   -13.14828349
 43    -3.57378988     4.76352990     0.62715397
 44    -3.14762681     5.12237833    -1.21556043
 45    -4.78172670     3.31973962     0.68808146
 46     6.17717362    -0.92964921    11.18583200
 47     6.71921430    -1.88703848     9.57527862
 48     5.77725677     0.78369095    10.55794775
 49     2.48424071     7.31420626    -2.24634578
 50     3.56106691     5.94803291    -1.38044648
 51     3.58823388     8.88209891    -2.47993090
 52     3.28868734    -7.01037207    16.82990499
 53     1.96095940    -5.96000667    17.66685305
 54     3.58079914    -6.20357258    15.11253743
 55   -14.49675269    -9.63138370    -6.39977847
 56   -15.46621431   -11.17141114    -5.81510529
 57   -12.65038971   -10.11994783    -6.32276263
 58    -6.79120058     5.15440004    13.21164529
 59    -6.45871388     4.49999623    15.01519509
 60    -7.32482253     3.57436843    12.26059965
 61    11.63322912    -4.96185893     8.99758081
 62     9.91136425    -4.46282208     8.25394470
 63    12.60378400    -3.26876288     9.02007308
 64   -13.62847521    -5.65950738     9.80842709
 65   -14.14861709    -5.82262090     7.98065647
 66   -13.08484791    -3.83213016    10.06678042
 67    10.22550874   -13.72935004     3.14436143
 68     9.32989180   -15.16468973     2.25559438
 69    10.63783540   -12.47084092     1.80023001
 70     0.85457297     0.91692909    -7.79588776
 71     2.37923778     1.49560987    -6.75179037
 72    -0.70483178     1.09196557    -6.69644494
 73     0.50744803     2.55097145     2.59085817
 74     0.73830423     0.86412736     1.73102938
 75    -1.08847123     3.29418345     1.79555138
 76    -1.00329850   -13.11252711   -10.76212820
 77    -2.77059163   -12.29549477   -10.48167714
 78    -1.27275699   -14.96590551   -10.17256220
 79    -2.53398576    -3.53515862    -4.80822678
 80    -0.64213931    -3.71906200    -4.52716248
 81    -2.88700835    -1.66556996    -5.16277193
 82     0.94099689     0.54639580     7.48273599
 83     0.81016264     1.06084694     5.59240526
 84    -0.03229144    -1.08313921     7.54659799
 85    -3.90749415    -3.85433596     0.38808293
 86    -4.83096372    -2.20756647     0.72658774
 87    -3.50961818    -4.00885515    -1.48234741
 88    -1.10654086    11.92212819     3.59519843
 89    -0.65672186    10.40197397     4.60843575
 90     0.54802426    12.43745380     2.75487822
 91   -15.36725278     8.71258546    -4.66631285
 92   -15.31669353     7.06138719    -3.63567891
 93   -16.17122500     8.17492812    -6.32960868
 94     2.64306673   -13.30820813    -7.24591199
 95     1.39885569   -13.05397360    -8.66034667
 96     1.88543111   -14.63466394    -6.13740102
 97    -2.56731033    16.01201997    -4.02486413
 98    -2.50570233    17.08637008    -2.43435786
 99    -4.37300506    15.34515973    -4.08528287
100    -6.35977476    -1.47339802     6.45295613
101    -6.73661188    -0.69638564     8.19578358
102    -4.56931343    -2.16742192     6.65480533
103    -1.06333264     7.96634217    15.99957591
104     0.32490717     8.94136043    15.16875324
105    -2.63494268     8.98363968    15.67550692
106    -5.84495531     3.17473509    17.68076798
107    -4.12796579     3.09154718    18.51379952
108    -6.60333613     1.42797413    17.64625772
109   -14.11296401    -2.13634074     0.39568005
110   -14.21749544    -3.12322606     2.01566233
111   -14.08292776    -3.48065412    -0.98544174
112     2.99610302   -16.69166036     9.74024380
113     1.40121467   -16.53061094     8.69377271
114     4.40623385   -16.68944209     8.45692706
115    -5.88834558     3.47019097    -9.96452511
116    -7.74100068     3.45705600   -10.49261510
117    -5.27172106     5.23461434   -10.34143283
118     8.86051039   -12.72362866    11.13538087
119     7.60695064   -13.15566225    12.47752656
120    10.12097529   -11.45994128    11.83640661
121   -12.90251421    -6.22779398   -10.15405458
122   -13.77028540    -7.63410391    -9.23022203
123   -11.32830592    -5.86464883    -9.10914066
124   -18.29619309     0.61783749    -0.76896058
125   -16.80703400    -0.56651187    -0.30040975
126   -19.30054464     0.75056678     0.84748785
127     9.91354926    13.69089312     3.14875035
128     8.73578591    13.87936945     4.61014077
129    10.15888643    15.48694439     2.38498857
130    -9.37944723   -10.38403269    -6.12186219
131    -9.02375147    -8.50206427    -6.40131750
132    -9.42243789   -10.57464264    -4.21411424
133    11.93276023     5.44872958    -7.17438582
134    12.02303059     3.59691366    -6.62016845
135    12.61084056     5.50382083    -8.98437868
136    -6.33215090    -8.29616028     5.06322610
137    -7.71159531    -7.01231207     4.55431010
138    -4.64272276    -7.55711977     4.55010891
139    -4.95997211    -5.99384471   -10.64303873
140    -5.20625613    -6.17429029   -12.55059202
141    -3.46507800    -4.77431749   -10.39416450
142    -6.17393015     9.86039562    15.20618551
143    -6.36892319     8.15721694    14.20585756
144    -7.25992536     9.68281338    16.76157971
145    -6.12324420   -13.18304402    13.67833090
146    -7.16325340   -14.69607788    13.19945570
147    -6.02617181   -12.10556726    12.08278417
148    -5.85922754    15.85812474   -12.50473928
149    -6.88967451    16.87579063   -13.70864200
150    -7.04617833    15.43045976   -11.06758617
151    -8.44803065     6.40609588   -15.40837962
152    -9.21938266     8.15345935   -15.27697291
153    -9.14027749     5.41342072   -13.92104907
154     2.73641871    10.35328293    12.95328529
155     2.36977304     8.69427908    12.08568814
156     4.62119961    10.43521930    13.06124220
157     7.99073865    -8.03099380     1.45031765
158     9.50231333    -7.85266202     2.67981236
159     6.55646425    -7.10966599     2.33892847
160    13.24130739    -0.03697963     8.07016145
161    11.91824939     0.10920675     6.64778463
162    14.80705891     0.84100758     7.32494754
163    -5.69396879    -6.46550823   -15.79599928
164    -4.77064705    -5.30271099   -16.98726802
165    -5.98153498    -8.08055538   -16.71559607
166     9.18957181    -0.33019809    15.12475520
167     9.01722417    -1.74527215    16.36565292
168     8.04444066    -0.76469721    13.62368040
169   -16.02363253    -1.87237665   -10.70968865
170   -15.05124618    -3.50280733   -10.72728449
171   -16.39758549    -1.39980021    -8.89112617
172    -1.11855944    13.93895375   -12.31825560
173    -0.37135805    14.30812468   -10.57970719
174    -2.83611869    14.84029852   -12.35724948
175   -17.66194084     0.18679929     4.77327298
176   -18.07179208     2.04615855     4.81654369
177   -15.88464647     0.05394701     5.38824627
178   -18.18834102     5.27858554     4.74230247
179   -16.91243287     5.82987235     6.12385960
180   -18.45135825     6.74445237     3.55048114
181     2.60795214   -10.06704609   -13.10711371
182     2.87019943   -11.35763986   -14.44418626
183     1.18331073   -10.78063366   -11.98585873
184    -3.16032078     6.39445645     9.63074516
185    -1.44853904     6.12089962    10.48588785
186    -4.41459363     5.67743571    10.90158590
187     2.50758970     7.47647051   -10.78040631
188     4.04753487     7.43609819    -9.58688835
189     2.30992829     5.69990374   -11.51246025
190   -15.38424232     4.79508059    -1.52320246
191   -16.19395266     6.11342610    -0.36057608
192   -16.58471837     3.28200383    -1.33788475
193    -3.89439421     1.63822294    -5.52057054
194    -3.26835199     3.33147509    -4.80070272
195    -4.70460833     2.15311980    -7.21828402
196    11.32534029    10.89954662   -10.35293158
197    10.18238057     9.66568899   -11.25835489
198    11.47851936    12.40744680   -11.49343048
199    14.11048733     7.19496572    12.65158953
200    13.88438957     5.26519453    12.66546645
201    12.86009785     7.75582540    13.92392618
202    -0.55916045   -10.94576079     9.93758594
203    -2.33588026   -10.28695354    10.26636546
204     0.16461830   -11.37377152    11.67280305
205     8.24998957     5.18305410     3.93756506
206     7.05644502     6.73425275     3.90768431
207    10.02480733     5.95741436     4.05858631
208     9.34479306    -6.96990539    -3.43150626
209     8.07703393    -8.09268337    -4.36515007
210     9.05856134    -7.30147842    -1.54716066
211    13.50859141    10.07323596     8.45635382
212    14.02398940     8.98514061    10.00487619
213    14.65096899    11.60626742     8.45517897
214     7.18424102    -1.89558109     0.53526044
215     6.16896197    -0.39765722    -0.00118977
216     5.87420899    -3.18051793     1.13194468
217    15.93700823     1.17787593    -2.09233658
218    15.45692810     1.18828054    -3.92616037
219    14.62350427     0.11428259    -1.21242629
220     8.46457512    10.89394054     9.95439946
221    10.27146948    10.85467218     9.16909463
222     7.37715734    12.00761641     8.77659478
223    -1.61399321    -7.01544901     3.43383926
224    -2.30841224    -5.70324309     2.18316215
225    -1.19938141    -8.51351340     2.35122266
226     9.36184327   -13.90414430    -6.04982990
227     8.12149823   -12.44513821    -5.98166734
228    10.54788370   -13.38797776    -7.42933020
229   -10.55081211    10.17959496    -4.29159371
230   -12.48020262     9.99117425    -4.33031649
231   -10.02830146     9.59758594    -6.05416509
232    14.45814770    -6.71177317    -4.18055416
233    12.54449630    -6.68034414    -4.08093134
234    15.12304962    -6.25131088    -2.43408224
235    -9.72498710    11.14406800     0.69746565
236   -10.14862217    10.47308447    -1.03004181
237    -7.91316592    10.53409836     1.09967829
238    12.17024786    -7.59614955     4.61394659
239    12.14020331    -6.51998486     6.22031871
240    12.79266351    -9.29693962     5.24957112
241    10.01811548    13.09226079    -5.87038607
242    10.43643633    12.24242481    -4.20645423
243    10.64788827    12.04039777    -7.34279123
244    14.85647658     8.95416472    -5.14867503
245    14.82484564    10.36877370    -6.45176862
246    13.61479978     7.66546401    -5.83242160
247     5.27193930     2.12121497    -5.24347402
248     6.17212748     0.45337067    -5.50649777
249     5.35349045     2.51374699    -3.33316689
250     7.09185341   -17.51379629     0.94338711
251     7.05912508   -17.51644554    -1.02050482
252     7.16066819   -19.35550870     1.35326978
253    -6.91819103    -1.79692793    16.69068981
254    -7.73128382    -3.50487750    16.69586542
255    -5.03170957    -2.09887104    17.01445539
256    13.00303297     2.26712399    12.74707794
257    11.53901569     1.35023768    13.50204703
258    13.17747082     1.43034418    11.02432443
259    13.06657278     6.87576115     4.48334643
260    13.01375652     8.20117273     5.90145577
261    13.65796313     7.85127234     2.91760682
262    -6.69272654     0.71552212     1.70476468
263    -6.60485268     0.28114098     3.57055081
264    -8.48133668     1.22060424     1.24700470
265     1.68331982   -11.36485569    14.61054888
266     2.58250467    -9.89872069    15.51863980
267     2.96213184   -12.76168780    14.40913613
268    -2.83486131    -3.19534984   -18.66151877
269    -3.33922081    -2.54328951   -20.37657605
270    -0.90037196    -3.15277801   -18.57181851
271    14.78742262    -5.00869556     0.99454494
272    15.99179935    -4.03028358     2.17476141
273    13.88293246    -6.19120613     2.17500571
274   -13.88799583    -5.24182343    -3.56707561
275   -12.07779744    -5.50517316    -2.91930628
276   -14.36579926    -6.83968951    -4.53655444
277    -9.35190666    -4.89563161    -1.26213084
278    -9.22769989    -4.55342589     0.64840764
279    -8.47100829    -3.38270914    -2.09371075
280     2.17256162    -2.55100177   -18.00235159
281     3.72641356    -2.94377124   -19.12314556
282     2.50224717    -3.35826666   -16.24968492
283    -1.85299800    -3.74785012     7.60395309
284    -1.50743027    -5.19712497     6.36176789
285    -1.95590818    -4.47422239     9.38613759
286     9.69804797     0.34502136     4.35521015
287     9.31492236     2.24420948     4.14133876
288     9.15003824    -0.43808500     2.66343043
289     3.40483415    13.27987624     1.83718632
290     4.05168639    12.64821867     0.14395320
291     2.91139455    15.16598919     1.50898005
292     4.66718735     8.68397953     4.02202401
293     3.00883053     8.19104965     4.84872189
294     4.44921879    10.30689647     3.04016291
295    18.46214160     4.66872218     0.47030590
296    17.45950559     3.30665144    -0.48481088
297    20.09440901     4.83419210    -0.52506944
298    -5.96555457   -11.67875680     1.20268542
299    -4.16572420   -11.41849935     0.56548697
300    -6.07486683   -10.67652300     2.83929043
301    13.67621369     5.60819572   -12.06156735
302    15.02002642     6.64490212   -12.96727193
303    11.95226548     6.22228395   -12.65132128
304   -10.39986900    -4.31857426   -14.44451379
305    -8.72931297    -5.22834389   -14.63457902
306   -11.42179179    -5.20686780   -13.08410732
307    15.11003078     8.43876149    -0.01537363
308    16.57327570     7.21476440     0.34269495
309    15.08025188     8.68603959    -1.95265096
310    -1.65248769   -17.78615472    -8.56640747
311    -0.56726021   -17.84282715    -7.01772399
312    -3.00208641   -19.10881502    -8.31222128
313    -9.60472997    -4.52719325     3.81748499
314   -11.36326784    -4.51839224     4.56816498
315    -8.45324293    -3.35229947     4.84822377
316    -0.92693831   -15.03454944     6.55540620
317    -1.06299102   -13.45780621     7.58595361
318     0.60088633   -14.88435677     5.44837039
319     6.08309001    -9.88463898    -6.16443107
320     4.68498829   -11.19342788    -6.49834141
321     6.62272766    -9.17680014    -7.91530555
322   -13.01283240   -13.81085791     4.76557469
323   -12.57306958   -13.95463208     6.61761189
324   -11.54034919   -14.65127365     3.88534247
325     7.71192086    -3.75116059   -12.42313395
326     5.82716084    -3.96311620   -12.69514017
327     8.28278911    -2.45387742   -13.76994897
328    -3.02046847    -9.38047182    15.06254714
329    -1.35470358   -10.30398554    15.37207790
330    -4.32691034   -10.79211091    14.83691519
331   -10.07952170   -13.83713574     9.41457137
332    -8.61922817   -13.85670035     8.18586677
333   -10.30019165   -11.98666874    10.04806676
334    13.14700787   -11.99073536     6.93714318
335    12.72306846   -12.69374344     8.66758476
336    12.18729094   -13.02087220     5.62019835
337     0.36404146     2.98271676    16.03630759
338    -0.17674163     4.82686571    16.28944982
339     2.28134958     3.02942289    16.31680821
340    12.40803982     0.52023554    -6.26216275
341    12.41214191    -0.80735053    -7.64734206
342    11.96454156    -0.45015688    -4.67067715
343    -1.95145046     6.00799020    -4.08623152
344    -2.11863158     7.37029070    -5.43521286
345    -0.15424034     6.22214508    -3.34973584
346   -11.43187040    10.37343856     8.57499897
347   -11.15649406    11.86469159     9.71615282
348    -9.64019246     9.84618710     7.98874939
349     7.19321023    -8.69154597   -11.08805450
350     5.46580403    -9.10452755   -11.86651181
351     7.56490193    -6.89112050   -11.71076024
352     0.56209374    14.39909763    -7.49259801
353     2.30529571    14.77527904    -6.79626343
354    -0.62781044    15.11114477    -6.13046809
355    -3.72487942   -17.88155192     3.32670791
356    -2.60296612   -17.32111985     1.88261771
357    -2.86396928   -17.18559198     4.88620957
358    -7.03522263     0.21490783    11.96014779
359    -7.25452247    -0.48943360    13.75540329
360    -5.14631488     0.47438075    11.83339887
361    -5.69855102    -9.68176423     9.89813203
362    -5.86857476    -9.18924115     8.01555123
363    -7.27004858    -8.98640070    10.74944406
364    -2.02602539     0.43374598   -14.86926819
365    -2.63742711    -0.90365060   -16.07727914
366    -3.01995735     2.05327399   -15.23914396
367    -7.45898109    14.09842332    -3.45013448
368    -8.13305593    14.62465332    -1.73547194
369    -8.23783659    12.32757342    -3.69316309
370     5.80276549    13.93542628     6.45229288
371     4.85524992    13.65806532     4.78935964
372     4.43581613    14.38613658     7.79017812
373   -14.11690479    -9.56098839     2.28274448
374   -14.10140510   -11.23777977     3.24098036
375   -12.89414971    -9.81434136     0.78798498
376     0.09965188   -15.91715701     0.18790929
377     1.41806420   -15.68584209     1.55050025
378    -0.46298167   -14.13602615    -0.31930189
379    12.28935216    -2.98685939   -10.22824532
380    13.22589265    -4.62789582    -9.89747040
381    10.72276577    -3.52367028   -11.17594368
382    -2.88860387    19.00829254     0.34792778
383    -3.24933703    18.21756736     2.09713818
384    -4.13627481    20.47168015     0.14499320
385    -1.81971125    -1.98991803    16.80083673
386    -1.90116101    -2.89472331    15.10462991
387    -0.89575840    -0.32929916    16.52987797
388    17.64406758    -2.24990415     4.25171802
389    17.04908367    -0.42203319     4.20531928
390    18.93636510    -2.31015914     5.63674863
391    -1.14939132     9.59242369    -7.66563341
392     0.29598174     8.84921430    -8.69869598
393    -0.53996066    11.37295003    -7.25495888
394     5.51273936    11.49827709    -2.48151796
395     5.48973042    12.77289350    -3.93556140
396     7.33934747    11.08718325    -2.02898193
397     1.90688542     2.67584645   -12.47829738
398     0.51485025     1.79246722   -13.49822380
399     1.57635195     2.02415752   -10.70357029
400   -14.94116201    -5.16624141     4.58988600
401   -16.76883130    -4.57134034     4.72362926
402   -14.88643441    -6.89900944     3.65540310
403     4.02360835   -10.17681040    -1.26026695
404     4.66773159    -9.99715348    -3.08012297
405     5.42345713    -9.54164179    -0.13242342
406     3.60281354   -14.97227634     3.87434711
407     4.57224846   -13.78214174     4.98748106
408     4.91765667   -15.92184846     2.79616424
409    10.44742973    18.36503458     0.98925033
410    11.49724036    19.90231703     0.71618049
411     8.91155597    18.44445195    -0.17593511
412   -12.49961726     0.34838928   -13.69226752
413   -14.07839131    -0.46816264   -12.92476316
414   -11.45931038    -1.13325987   -14.31632350
415     6.86381283   -17.87163575    -4.18144079
416     7.63725071   -16.21399025    -4.86069675
417     6.91505209   -19.02821373    -5.69229787
418    -3.04222587    16.63700016     4.70317772
419    -2.43182435    14.84774282     4.24752668
420    -2.81513507    16.70433309     6.58390637
421     2.25485860    14.60370921    10.06206837
422     2.08996615    13.06698383    11.19455650
423     0.52382724    15.45599445    10.14188009
424    -2.66908317    16.52656088     9.95321819
425    -3.03104729    18.03517548    10.97929124
426    -4.05011032    15.20498638    10.31950283
427    -2.60133365   -11.57154772    -5.08901557
428    -3.91769130   -11.86590210    -6.50039652
429    -1.36861725   -10.34996691    -5.93948271
430    -2.16282713     1.17199313    11.80253528
431    -1.09930104     1.69846289    13.31440954
432    -1.00996193     1.05038921    10.29449268
433    -3.45474957     5.05475883   -16.45565779
434    -2.61038548     6.71904456   -15.89059322
435    -5.34148101     5.42608990   -16.42963146
436   -10.16442193    -9.75812090    -1.11689216
437    -8.77885662   -10.70309944    -0.15672233
438    -9.60764463    -7.91266159    -1.02477284
439     5.42035377     3.55889806    15.55406264
440     6.88283597     2.31422966    15.85630512
441     6.18805980     4.94559074    14.45403940
442    11.61491943   -11.34038808    -9.86075312
443    10.05630827   -10.54203402   -10.63797184
444    12.93900758    -9.95905221    -9.59270809
445     7.27627279    -2.52056484    -6.02883045
446     7.85645473    -2.63402409    -7.86276532
447     8.40531895    -3.72532372    -4.99922544
448    -5.02116375     8.64590470   -10.76456488
449    -3.76960936     9.19568439    -9.37662677
450    -4.14875033     9.01307140   -12.42801066
451   -10.44782516    -8.96737968    11.77982572
452   -10.86333714    -9.47285667    13.59044157
453   -11.78863036    -7.73350619    11.18122885
454     2.14182366    18.15425751     1.07708765
455     2.19406090    18.85697736     2.86237160
456     0.34026799    18.49527033     0.48486042
457    16.32871088     2.89978661     4.73929278
458    17.49941590     3.51028256     3.34096754
459    15.07400501     4.38393429     4.89969015
460     8.84223384    -0.38797832   -16.10814651
461     7.92691005     1.35480538   -16.04471029
462    10.66975948    -0.01967791   -15.54104841
463   -11.73223244    -1.05137182    10.11756852
464   -12.11612990    -0.00869633     8.48972115
465    -9.95421991    -0.61341715    10.75397280
466   -12.59728043     2.75682031    -6.10868058
467   -12.89778409     3.85712036    -4.51913566
468   -13.89693889     1.30605634    -5.93027875
469    -8.41108154    -0.93932850    -4.53047345
470    -6.77958748     0.11868589    -4.46853810
471    -9.71644962     0.26883296    -5.14070353
472   -17.07839397     5.73632539    -8.49261454
473   -17.99065499     5.51399460   -10.14178198
474   -16.06589260     4.14331265    -8.22855706
475   -16.20541475    -0.87885893    -5.57987931
476   -15.54347782    -2.62284476    -5.00889560
477   -17.45927317    -0.29801564    -4.23800347
478     6.92288582    -3.08224735   -20.13545643
479     7.83514529    -2.28454537   -18.59667920
480     7.58156228    -2.12190735   -21.62160505
481     6.82571782   -12.13347172     6.65108630
482     7.63428095   -12.30083031     8.36832476
483     8.21225880   -12.55590947     5.37080893
484    10.53025556    11.01382689    -1.09492693
485    10.21691738    12.00885079     0.57257411
486    12.14630422    10.02665791    -0.83331497
487    -0.95457269   -10.55419899    -0.43691190
488    -1.69110819   -10.83927337    -2.22402799
489     0.89569279   -10.11261028    -0.78107229
490   -11.57711244     2.25296746     1.07518304
491   -12.63425196     3.47266714     0.05981366
492   -12.44493848     0.55891173     0.85151708
493    12.33193499    -9.09098858    12.04197526
494    13.86406940    -8.48896593    13.00102303
495    11.92008751    -7.66942740    10.82822924
496   -13.65347517    10.87050429     3.90416446
497   -12.89889254    10.78325480     5.65722042
498   -12.19654331    10.99273572     2.63847178
499     5.16243343     3.48590315    -0.10135132
500     6.37192449     4.14501928     1.24745699
501     3.49047782     3.17818746     0.79111772
502     0.01824521    -7.68411092    -7.10853023
503    -1.51024460    -6.52894252    -7.13114206
504     1.40006033    -6.62888520    -6.28818499
505    -8.37480533   -15.73533348     3.04306217
506    -7.52555234   -14.18643655     2.19530846
507    -6.91132528   -16.96960992     3.14774361
508     5.02832549   -15.03527133    14.20375794
509     4.25493782   -15.65072504    12.54771596
510     4.80168973   -16.48731424    15.41731677
511     1.45845276   -17.74823252    -4.37402959
512     0.73753893   -17.42505445    -2.62613676
513     3.36011149   -17.81742091    -4.13411796
514     7.31164878    -3.30572946     6.97871377
515     8.13687275    -1.95261604     5.92382416
516     6.13159861    -4.19695141     5.75864470
517    -0.97300371    -2.73291578   -10.93342396
518    -1.49824327    -1.52149020   -12.36977465
519    -0.14584638    -1.62642913    -9.58139703
520    -5.39183495     9.32713847     2.28179944
521    -3.75660590    10.40517193     2.28151806
522    -4.80001676     7.56871550     1.72251767
523     5.27219598     3.41633750     8.11909630
524     6.35090789     3.80891586     6.58618585
525     3.75829293     2.30129741     7.55778524
526     3.21389673    -8.46987427     7.72745715
527     4.48620611    -9.81440922     7.22712169
528     1.76448030    -9.44773560     8.55405198
529     5.72948705    15.42505311    -6.31561649
530     5.65271351    15.99943948    -8.14391034
531     7.52494791    14.72634500    -6.12528747
532    11.62111296    -1.81113747    -1.69474258
533     9.81070160    -2.02644170    -0.96430255
534    12.74325019    -3.10195509    -0.73356916
535     3.47084835    -5.11870161    12.06737849
536     3.65399081    -6.25632238    10.52615560
537     4.46523834    -3.49393359    11.67711943
538    -8.79802777    -5.38053689    -7.17922060
539    -7.32703396    -5.41090850    -8.43133555
540    -8.54712995    -3.76071641    -6.18162504
541     4.07541239    -5.46898662     3.56451353
542     2.49469850    -4.74145672     2.84314033
543     3.47054480    -6.67461234     4.96439211
544     2.76410430    -4.19767906    -4.28417817
545     2.60464093    -3.53255633    -2.50242739
546     4.47219955    -3.58731915    -4.93105913
547     0.03396507     7.15188708     5.48035818
548    -1.11273883     6.73486023     6.95692652
549     0.21454853     5.53702540     4.47369422
550   -14.65889336     6.22058887     8.42799886
551   -14.44326997     5.38103154    10.13101812
552   -13.66719794     7.87259106     8.50936275
553     6.36331540    18.27854897    -1.95783636
554     6.02530201    17.32320756    -3.58785722
555     4.70532369    18.48891844    -1.04536404
556   -10.88133433     4.14563320   -10.79657177
557   -11.56228514     2.71313788   -11.89581106
558   -11.50888659     3.64081230    -9.00864068
559    -6.22823776    13.11357670    11.12953286
560    -6.18801940    11.85588482     9.64083052
561    -6.20748933    12.02796582    12.75225268
562     5.88418430     3.78412572   -15.79632670
563     4.80376699     3.51894084   -17.39451453
564     4.60811790     3.44266382   -14.38495240
565    -1.56863654    -5.03150646    12.71960155
566     0.31422459    -5.21458211    12.40357186
567    -2.16968987    -6.63640717    13.56159850
568    13.20807914     0.69295869   -13.84414781
569    13.29898232    -0.64181917   -12.47986575
570    13.48695222     2.41113224   -13.01837763

 Atomic and electronic forces:
  1     0.00218532    -0.00562129     0.01943133    -0.00091888     0.00132304    -0.00077105
  2    -0.00111645     0.00560018    -0.01414158     0.00050737    -0.00076331     0.00035324
  3    -0.00064305    -0.00084165    -0.00375707     0.00054234    -0.00064609     0.00043252
  4     0.00188162     0.00478786    -0.00058217     0.00138749     0.00201195     0.00289490
  5    -0.00172382    -0.00134735     0.00541621    -0.00067530    -0.00108113    -0.00119043
  6    -0.00088269    -0.00309038    -0.00158345    -0.00097189    -0.00132247    -0.00190283
  7     0.00615731    -0.00247328    -0.00878658    -0.00189348     0.00241285     0.00148265
  8    -0.00335440     0.00062045     0.00488975     0.00104031    -0.00140528    -0.00105341
  9    -0.00267519     0.00088875     0.00619627     0.00108561    -0.00143735    -0.00062754
 10     0.00090213    -0.00065634    -0.00998085     0.00205058    -0.00096047    -0.00153959
 11     0.00163536    -0.00055678    -0.00417256    -0.00089703     0.00036918     0.00061186
 12    -0.00317992     0.00358158     0.01329039    -0.00123864     0.00058452     0.00075187
 13    -0.00571562    -0.00125906     0.00202236    -0.00014394     0.00277694     0.00420335
 14     0.00200292     0.00238101    -0.00143820     0.00004354    -0.00097708    -0.00201545
 15     0.00154223    -0.00015891     0.00088795    -0.00027421    -0.00176075    -0.00259566
 16    -0.01097007    -0.02111225    -0.01240569    -0.00155163     0.00135389    -0.00125250
 17     0.00062125     0.01572976     0.01085854     0.00081730    -0.00056695     0.00067915
 18     0.01350909     0.00399285    -0.00422126     0.00074859    -0.00077598     0.00075734
 19     0.00382960     0.00252904    -0.00058610    -0.00001231     0.00040463    -0.00204807
 20    -0.00544760     0.00599234     0.00315022     0.00000790    -0.00010827     0.00109187
 21     0.00148147    -0.00664161    -0.00196055     0.00009846    -0.00025851     0.00105783
 22     0.00225109    -0.00669581     0.00007076    -0.00147063     0.00076845     0.00002467
 23     0.00076809     0.00768001    -0.00316797     0.00076411    -0.00045758    -0.00006377
 24     0.00312772    -0.00062211     0.00657590     0.00067975    -0.00039216     0.00004204
 25    -0.00226020     0.00191052    -0.00113201     0.00111340     0.00134954    -0.00216849
 26    -0.00055190    -0.00113511    -0.00571159    -0.00045223    -0.00056840     0.00113424
 27     0.00243301     0.00048069     0.00264034    -0.00065881    -0.00091018     0.00133373
 28     0.00413878     0.00789679    -0.00035028    -0.00151948    -0.00199296    -0.00202808
 29     0.00081907    -0.00396927    -0.00383952     0.00090821     0.00097715     0.00126568
 30    -0.00849335    -0.00093948     0.00249821     0.00086249     0.00095549     0.00085190
 31     0.00108214     0.01351960     0.00990070    -0.00289269     0.00062673     0.00106219
 32    -0.00023251    -0.01076074    -0.00269911     0.00122085    -0.00039187    -0.00049022
 33    -0.00137064    -0.00400039    -0.00280692     0.00170000    -0.00043775    -0.00044656
 34     0.00447189    -0.00910476     0.00678572    -0.00040250     0.00136039    -0.00191435
 35    -0.00470538     0.00734145    -0.00648858     0.00014655    -0.00082287     0.00115270
 36     0.00064177     0.00140257     0.00109025     0.00017275    -0.00070259     0.00081696
 37    -0.00478443    -0.00423590     0.00499527     0.00203473     0.00312087    -0.00365770
 38     0.00802426     0.00412774    -0.00035730    -0.00126446    -0.00141639     0.00155048
 39    -0.00300390    -0.00020950    -0.00116195    -0.00141445    -0.00207623     0.00262788
 40     0.00425424     0.00252628     0.00094456     0.00023773    -0.00100070    -0.00378599
 41    -0.00453108    -0.00212684    -0.00167679     0.00009148     0.00053042     0.00231602
 42    -0.00367376    -0.00026026    -0.00347863    -0.00008768     0.00070268     0.00172580
 43     0.01888537     0.01108363     0.00167090    -0.00767290     0.00856692     0.00036312
 44    -0.00340546     0.00484202    -0.00290160     0.00335874    -0.00427695     0.00103061
 45    -0.01945073    -0.01575306     0.00061707     0.00472163    -0.00326287    -0.00019558
 46     0.00583893    -0.02579940    -0.00581643     0.00230020     0.00021154     0.00593729
 47    -0.00006898     0.00048183     0.00797469    -0.00185810     0.00024749    -0.00355645
 48    -0.00576094     0.02696375    -0.00416710    -0.00119799    -0.00069557    -0.00324628
 49     0.00453358    -0.01535317     0.00645991     0.00057419     0.00913199    -0.00282501
 50    -0.00110125     0.01723328    -0.00902011    -0.00132788    -0.00603389     0.00152029
 51     0.00074084    -0.00163542     0.00177152    -0.00051757    -0.00329866     0.00095712
 52     0.00231166    -0.00269273    -0.00370365     0.00019195    -0.00091298     0.00259307
 53    -0.00475303     0.00286157     0.00639838     0.00000992     0.00034606    -0.00126867
 54     0.00187402     0.00064679    -0.00327968    -0.00016873     0.00055543    -0.00164053
 55    -0.00874580    -0.00308550     0.00264426    -0.00174200    -0.00087866    -0.00073069
 56     0.00084156     0.00519893    -0.00219980     0.00076385     0.00043078     0.00027742
 57     0.00916261    -0.00325671    -0.00060049     0.00095381     0.00057301     0.00044518
 58     0.00189700     0.00476119    -0.00095985    -0.00154461     0.00113381     0.00219699
 59     0.00044488     0.00190866    -0.00018446     0.00062713    -0.00042952    -0.00105813
 60    -0.00151393    -0.00137749     0.00100061     0.00098376    -0.00051492    -0.00122037
 61     0.00196773     0.01758637    -0.00620776     0.00337084    -0.00128856     0.00292688
 62     0.00205190    -0.00494032     0.00645117    -0.00218105     0.00088254    -0.00209889
 63    -0.00287999    -0.01165235     0.00177421    -0.00171853     0.00032020    -0.00135691
 64    -0.00217774    -0.00991199     0.00172995    -0.00195366    -0.00054238     0.00114582
 65    -0.00247845     0.00258680    -0.00313765     0.00106780     0.00029803    -0.00048642
 66     0.00173035     0.00600658     0.00064056     0.00105533     0.00017628    -0.00065913
 67    -0.00302656    -0.00062529     0.00643562     0.00194643    -0.00294997     0.00060435
 68    -0.00328806    -0.00766318    -0.00251258    -0.00076804     0.00145934    -0.00017465
 69     0.00325347     0.00605016    -0.00812763    -0.00125135     0.00162018    -0.00017451
 70     0.00643365    -0.00314605     0.00644062    -0.00130957     0.00264830    -0.01032574
 71    -0.00366376    -0.00027607    -0.00416248    -0.00040094    -0.00226653     0.00595347
 72    -0.00090466     0.00573732    -0.00242350     0.00201293    -0.00174953     0.00546695
 73     0.01222292    -0.01643137    -0.00416400    -0.00840947     0.02206660     0.01128389
 74    -0.00508962     0.00345364     0.00224831     0.00567422    -0.01018106    -0.00534076
 75    -0.00595798     0.00977362     0.00190988     0.00492510    -0.00770840    -0.00228860
 76    -0.01710851    -0.00816102     0.00593133    -0.00054036    -0.00208568    -0.00200182
 77     0.01424414    -0.00588984    -0.00290928     0.00045511     0.00103673     0.00104140
 78     0.00309079     0.01197039    -0.00607655     0.00024649     0.00101002     0.00079476
 79     0.00512419     0.01351862     0.00870525    -0.00888874    -0.00459408    -0.01024739
 80    -0.00286013    -0.00081544    -0.00715559     0.00380774     0.00355855     0.00718396
 81    -0.00305646    -0.01023314    -0.00131858     0.00443328     0.00048470     0.00507261
 82     0.00953457     0.01785802    -0.03781326    -0.00256007     0.00411429     0.01413430
 83    -0.00076975     0.00308643     0.02686319     0.00228430    -0.00434899    -0.00831591
 84    -0.00977014    -0.01821787     0.00923389     0.00212849    -0.00030887    -0.00680161
 85     0.01340370     0.00425508     0.00464882    -0.01595708    -0.00695448    -0.00035796
 86    -0.00420451    -0.00102520    -0.00567597     0.00739858     0.00111679    -0.00021941
 87    -0.00917475     0.00331117    -0.00358760     0.00705721     0.00347078     0.00243584
 88    -0.00632121     0.01563857    -0.01105249    -0.00092976     0.00393319     0.00089984
 89     0.00215856    -0.01959331     0.01274985     0.00053306    -0.00231952    -0.00079458
 90     0.00133339     0.00276935    -0.00131549     0.00021888    -0.00202930    -0.00032302
 91     0.00044162    -0.00753044     0.00495721    -0.00159480     0.00091844    -0.00047536
 92    -0.00187687     0.01231665    -0.00181396     0.00092933    -0.00044789     0.00022247
 93    -0.00107365    -0.00034790    -0.00222583     0.00073636    -0.00038337     0.00027717
 94     0.01731917     0.00902698     0.00646178     0.00016039    -0.00331228    -0.00216607
 95    -0.00962645     0.00125506    -0.01039886     0.00008103     0.00143750     0.00113223
 96    -0.00512178    -0.01216391     0.00816725     0.00002258     0.00164397     0.00083081
 97    -0.00293572     0.00077208     0.00632871    -0.00058727     0.00223073    -0.00058366
 98    -0.00010657     0.00161504    -0.00051511     0.00026086    -0.00106488     0.00017108
 99    -0.00042381    -0.00168449    -0.00106650     0.00041566    -0.00108830     0.00029972
100     0.00386050     0.01083012     0.01543724    -0.00628788    -0.00014754     0.00433621
101    -0.00173535    -0.00669639    -0.01320648     0.00227885    -0.00015615    -0.00195801
102    -0.00276833    -0.00409842     0.00132266     0.00361905     0.00047992    -0.00326621
103    -0.00300097    -0.01034576     0.00230147    -0.00042279     0.00125154     0.00206245
104     0.01326820     0.00914171    -0.00463731     0.00012590    -0.00073516    -0.00103683
105    -0.00987471     0.00199858     0.00271721     0.00028773    -0.00063121    -0.00091866
106     0.00620364     0.01343296     0.00144341    -0.00089401     0.00050912     0.00192397
107    -0.00578629    -0.00303633    -0.00161635     0.00034600    -0.00024681    -0.00099593
108     0.00047618    -0.01033152     0.00210217     0.00049398    -0.00015706    -0.00096820
109    -0.00180556     0.00965948    -0.00498034    -0.00310106    -0.00016705    -0.00002735
110    -0.00209992    -0.00659193     0.01256141     0.00149738     0.00017034    -0.00013461
111     0.00118403    -0.00001356    -0.00605983     0.00150812     0.00020732     0.00014212
112     0.00789480     0.00280970    -0.00611803     0.00013052    -0.00218688     0.00129827
113    -0.00641359    -0.00046470     0.00465865     0.00005457     0.00121635    -0.00064640
114    -0.00024515    -0.00165882     0.00461514    -0.00018100     0.00119266    -0.00060882
115     0.00142402    -0.00878630     0.00812482    -0.00236880     0.00142127    -0.00314218
116     0.00140181     0.00052672     0.00113234     0.00108475    -0.00052541     0.00122355
117     0.00113385     0.00839911    -0.00373726     0.00095819    -0.00085978     0.00142990
118     0.00507961    -0.00232177    -0.01656292     0.00114149    -0.00191666     0.00176393
119    -0.00678313    -0.00454088     0.01509442    -0.00041309     0.00088356    -0.00088358
120     0.00321267     0.00508513     0.00425188    -0.00065705     0.00082752    -0.00091290
121     0.00644868     0.01036183    -0.00943514    -0.00176963    -0.00058725    -0.00126501
122    -0.00945379    -0.00976499     0.00673446     0.00085387     0.00034334     0.00052712
123     0.00095769     0.00282693     0.00253978     0.00109190     0.00037599     0.00078664
124     0.01707558    -0.01027497     0.00031453    -0.00193647     0.00018099    -0.00012446
125    -0.01117613     0.00970113    -0.00242852     0.00114584    -0.00004318     0.00005094
126    -0.00252248     0.00029801     0.00221464     0.00088628    -0.00008467    -0.00001253
127     0.01309223     0.01268093    -0.02337485     0.00126523     0.00242403     0.00040761
128    -0.01194994     0.00381880     0.01305192    -0.00054500    -0.00124501    -0.00032565
129    -0.00138080    -0.01511633     0.00932142    -0.00050131    -0.00104136    -0.00011002
130     0.00274652     0.00531724    -0.00644116    -0.00224584    -0.00178494    -0.00130775
131    -0.00204465    -0.00127107    -0.00134914     0.00135935     0.00088630     0.00085031
132    -0.00275714    -0.00216132     0.00663072     0.00125721     0.00101507     0.00052055
133    -0.00830327     0.00287981    -0.00268040     0.00275682     0.00188720    -0.00215003
134     0.00372600    -0.00192216    -0.00326761    -0.00174895    -0.00086265     0.00125559
135     0.00211351    -0.00249020     0.00242816    -0.00109577    -0.00070712     0.00098643
136    -0.01095340     0.00340343    -0.00055201    -0.00411075    -0.00340643     0.00216494
137     0.00845145    -0.00728040     0.00238329     0.00229889     0.00134176    -0.00092438
138     0.00309850     0.00252299    -0.00196782     0.00271637     0.00251032    -0.00157414
139     0.00243267     0.00184019     0.00879678    -0.00206503    -0.00140005    -0.00329793
140     0.00272229     0.00215303    -0.00044794     0.00075964     0.00051577     0.00137304
141    -0.00598875    -0.00513785    -0.00924016     0.00108882     0.00070166     0.00216520
142    -0.00089304    -0.02452226    -0.01751344    -0.00082074     0.00111671     0.00145387
143     0.00004737     0.02250786     0.01633337     0.00053572    -0.00060396    -0.00086346
144     0.00151429     0.00003196    -0.00131690     0.00037549    -0.00044404    -0.00065033
145     0.00052440     0.00235363    -0.00453143    -0.00090948    -0.00131419     0.00144586
146    -0.00247092    -0.00266314     0.00115118     0.00043554     0.00062997    -0.00059245
147     0.00100971    -0.00020313     0.00267658     0.00059820     0.00079502    -0.00084422
148     0.00687751     0.00171778    -0.00473986    -0.00053158     0.00116162    -0.00088063
149    -0.00128800     0.00372614    -0.00544932     0.00024008    -0.00049104     0.00038409
150    -0.00465499    -0.00459637     0.01125261     0.00033456    -0.00061937     0.00042828
151    -0.00341415     0.00644575     0.00840840    -0.00098372     0.00072412    -0.00149851
152     0.00415103    -0.00798708    -0.00319867     0.00045846    -0.00038587     0.00064500
153    -0.00074221     0.00029888    -0.00522315     0.00062188    -0.00037356     0.00080519
154    -0.00794220     0.00333719     0.00278553     0.00010643     0.00193977     0.00203716
155    -0.00321024    -0.00922092    -0.00446084    -0.00003060    -0.00116359    -0.00132141
156     0.01070522     0.00345337     0.00172924    -0.00019921    -0.00093051    -0.00097862
157     0.01181444     0.00541497     0.01036199     0.00655725    -0.00732956     0.00097515
158    -0.00616074    -0.00440327    -0.00940029    -0.00290992     0.00253701    -0.00080526
159    -0.00202510    -0.00148885     0.00120875    -0.00400374     0.00509442    -0.00159193
160     0.00351228     0.00580541    -0.01304640     0.00371789     0.00042346     0.00244752
161     0.00621307    -0.00023448     0.00734682    -0.00257200    -0.00036794    -0.00154226
162    -0.00940681    -0.00380735     0.00465971    -0.00169528    -0.00028715    -0.00088179
163    -0.00667947    -0.00056671     0.01744264    -0.00094854    -0.00063764    -0.00200592
164     0.00810443     0.00963692    -0.00736537     0.00039162     0.00023216     0.00101001
165    -0.00093386    -0.00866339    -0.00589530     0.00039776     0.00033746     0.00085645
166    -0.00338021     0.00359475    -0.00339074     0.00137573     0.00019210     0.00279938
167     0.00110228    -0.00419006     0.00397144    -0.00056045     0.00003438    -0.00126919
168     0.00048210     0.00123258     0.00184401    -0.00083945    -0.00007770    -0.00182577
169    -0.00466406     0.01165852    -0.00630514    -0.00153104    -0.00005086    -0.00095261
170     0.00375643    -0.01024354     0.00520063     0.00080212     0.00010482     0.00052828
171     0.00169223    -0.00431599     0.00201787     0.00085067     0.00000594     0.00043454
172    -0.00134548     0.00248280    -0.00083569    -0.00030875     0.00151519    -0.00127378
173    -0.00218211    -0.00116081    -0.00055357     0.00013404    -0.00088766     0.00062954
174     0.00223925    -0.00301707    -0.00123451     0.00020691    -0.00069217     0.00055122
175    -0.00909224    -0.01572439    -0.00733098    -0.00194952     0.00014638     0.00041656
176    -0.00499479     0.01362564     0.00124539     0.00091087    -0.00015138    -0.00019278
177     0.01185469     0.00161438     0.00506070     0.00113683    -0.00008530    -0.00030568
178     0.01313892    -0.00289937     0.01374580    -0.00162150     0.00052772     0.00033566
179    -0.01407306    -0.00150525    -0.01324135     0.00083742    -0.00031544    -0.00024584
180     0.00100559     0.00475341    -0.00123962     0.00076495    -0.00030058    -0.00011206
181    -0.00885093     0.00874896     0.01904491     0.00010800    -0.00166385    -0.00259523
182     0.00147743    -0.01021776    -0.01070469    -0.00005753     0.00069614     0.00103941
183     0.00679211     0.00072856    -0.00722449     0.00009024     0.00099272     0.00131464
184     0.00735197    -0.00208009    -0.00064628    -0.00192538     0.00286782     0.00332105
185    -0.00026983     0.00221288    -0.00261562     0.00067619    -0.00143471    -0.00188192
186    -0.00405149     0.00269325     0.00051966     0.00095510    -0.00103904    -0.00151611
187     0.00341861     0.00273160     0.01098896     0.00015217     0.00243424    -0.00312191
188    -0.00855273    -0.00421715    -0.01203813    -0.00034588    -0.00144746     0.00166569
189     0.00275989     0.00069735     0.00093578    -0.00005373    -0.00106294     0.00182366
190    -0.00362796    -0.00551681     0.00698763    -0.00222134     0.00077603    -0.00026059
191     0.00201364     0.00314250    -0.00280485     0.00097656    -0.00039711     0.00004757
192     0.00143780    -0.00011677    -0.00328613     0.00106626    -0.00026150     0.00010677
193     0.00142872    -0.00124938    -0.00201463    -0.00679435     0.00327332    -0.00688575
194    -0.00097729     0.00050879    -0.00274059     0.00313454    -0.00275092     0.00312485
195     0.00066690    -0.00202537     0.00041533     0.00219320    -0.00110699     0.00251678
196     0.00198681     0.00655183     0.00265806     0.00113460     0.00149005    -0.00132766
197    -0.00196934    -0.00716992    -0.00274759    -0.00056583    -0.00076071     0.00081610
198     0.00129339     0.00084668    -0.00044426    -0.00044477    -0.00064550     0.00056570
199     0.00415636    -0.00902245    -0.00877832     0.00142807     0.00101295     0.00142201
200     0.00476261     0.00143964    -0.00303728    -0.00081705    -0.00045681    -0.00082964
201    -0.00909925     0.00986943     0.01105830    -0.00060749    -0.00051279    -0.00074715
202     0.00197302    -0.00012050    -0.00383221    -0.00084735    -0.00307115     0.00296539
203    -0.00435131    -0.00128660     0.00012534     0.00067720     0.00136888    -0.00146844
204    -0.00060151     0.00078282     0.00264858     0.00023117     0.00120579    -0.00132237
205    -0.00845941     0.00151279    -0.00393566     0.00565010     0.00602938     0.00291564
206     0.00291561    -0.00254531     0.00322911    -0.00196727    -0.00322971    -0.00126695
207     0.00259960    -0.00094174     0.00129885    -0.00222668    -0.00205275    -0.00093841
208    -0.00688711     0.00470446     0.00249406     0.00580855    -0.00442858    -0.00317846
209     0.00465845    -0.00034355    -0.00063545    -0.00223863     0.00249147     0.00183690
210     0.00061195    -0.00207549    -0.00472868    -0.00336657     0.00282575     0.00101201
211     0.00373002    -0.00080109     0.00824192     0.00161165     0.00160987     0.00109860
212    -0.00441454     0.00643134    -0.00862269    -0.00079056    -0.00068349    -0.00061783
213    -0.00241065    -0.00531525     0.00111504    -0.00067589    -0.00069586    -0.00041929
214    -0.02237332    -0.01390717     0.00634380     0.02406956    -0.00251740    -0.00027142
215     0.00166095     0.01545084    -0.00626967    -0.01181490    -0.00266624     0.00157924
216     0.01565033    -0.00057664     0.00054851    -0.01108394     0.00503810    -0.00158796
217     0.00752385     0.00490046     0.00754586     0.00379072     0.00068369    -0.00073753
218    -0.00323023    -0.00010775    -0.00741669    -0.00184128    -0.00034558     0.00062001
219    -0.00354514    -0.00216952    -0.00225840    -0.00244551    -0.00027965     0.00035588
220     0.01382049     0.00685091    -0.02177344     0.00112349     0.00216007     0.00163767
221    -0.02339986     0.00133502     0.01066606    -0.00068273    -0.00101840    -0.00070926
222     0.01128277    -0.00644312     0.00708572    -0.00047986    -0.00121294    -0.00073688
223     0.00478592     0.01840398     0.00843346    -0.00737142    -0.01102871     0.00548023
224    -0.00750217    -0.00161372     0.00108903     0.00589495     0.00572601    -0.00207158
225     0.00279080    -0.01661460    -0.00918099     0.00246830     0.00524453    -0.00131409
226    -0.01575540    -0.00361198     0.01501290     0.00145903    -0.00250607    -0.00132448
227    -0.00123825     0.00033114     0.00192127    -0.00085720     0.00156717     0.00092789
228     0.01519503     0.00312349    -0.01542438    -0.00073615     0.00104295     0.00069396
229     0.00016378    -0.00168815     0.00905150    -0.00184956     0.00169353    -0.00070550
230    -0.00038657    -0.00118238     0.00046888     0.00086397    -0.00067378     0.00028834
231    -0.00114096    -0.00084776    -0.00639306     0.00091652    -0.00083108     0.00049890
232     0.00789363     0.00083626     0.00230401     0.00341247    -0.00147172    -0.00130967
233    -0.00412678    -0.00143100     0.00499601    -0.00210709     0.00106575     0.00093423
234    -0.00403340    -0.00066276    -0.00324769    -0.00182770     0.00068414     0.00042367
235     0.00845102     0.00163171     0.01151854    -0.00190108     0.00202167     0.00002973
236    -0.00225435    -0.00265907    -0.01232266     0.00101009    -0.00098067     0.00012737
237    -0.01195713     0.00190000     0.00201103     0.00109176    -0.00130771    -0.00006528
238    -0.00712806     0.00989575    -0.00422912     0.00414082    -0.00256295     0.00162204
239     0.00107721    -0.00141248    -0.00138465    -0.00203836     0.00105106    -0.00112204
240     0.00380772    -0.00922781     0.00535219    -0.00155051     0.00114958    -0.00066543
241    -0.00410691     0.00917386    -0.00155987     0.00117317     0.00211725    -0.00094258
242     0.00555778    -0.00487190     0.00167385    -0.00074117    -0.00119775     0.00042072
243     0.00299388    -0.00524158     0.00057022    -0.00062895    -0.00097492     0.00057524
244     0.00315996     0.02133858    -0.00456450     0.00197793     0.00158789    -0.00088407
245     0.00329036    -0.00784367     0.00991207    -0.00079904    -0.00073111     0.00043881
246    -0.00455138    -0.01149826    -0.00152159    -0.00115384    -0.00089689     0.00063806
247    -0.01176526     0.00977816     0.02219607     0.00623091     0.00650719    -0.01072286
248     0.00773849    -0.00770702    -0.00331105    -0.00370290    -0.00158927     0.00533534
249     0.00343342     0.00148401    -0.01832675    -0.00447013    -0.00516893     0.00501565
250     0.00018095     0.00534542    -0.01865157     0.00084262    -0.00271000     0.00005809
251    -0.00023905     0.00439160     0.01279235    -0.00041578     0.00134582     0.00013428
252     0.00092114    -0.00822526     0.00669775    -0.00031698     0.00112062    -0.00004697
253     0.00359211     0.00282511    -0.00087903    -0.00117487    -0.00006163     0.00209620
254    -0.00310793    -0.00547309     0.00181494     0.00058985     0.00013128    -0.00096562
255    -0.00099792     0.00106381     0.00024905     0.00051004     0.00005531    -0.00117311
256     0.00956175     0.00282428    -0.01806350     0.00191872     0.00063106     0.00211823
257    -0.01369602    -0.00637146     0.01987541    -0.00091704    -0.00025929    -0.00124284
258     0.00562085     0.00256268    -0.00105027    -0.00123818    -0.00030664    -0.00115158
259    -0.00568868     0.00776094    -0.00079271     0.00307939     0.00230236     0.00106634
260     0.00379127    -0.00331036     0.00019561    -0.00121488    -0.00106049    -0.00058054
261     0.00180099    -0.00452743     0.00054671    -0.00141066    -0.00111920    -0.00027548
262     0.02378714    -0.00401438    -0.01161626    -0.00944200     0.00212075     0.00129536
263    -0.00943456    -0.00114343     0.00339622     0.00430465    -0.00077364    -0.00148586
264    -0.01069652     0.00288106     0.00667031     0.00335341    -0.00078968    -0.00023868
265    -0.01121576     0.01967817     0.00017328    -0.00006463    -0.00160543     0.00223118
266    -0.00294797    -0.00750107    -0.00077495    -0.00003988     0.00069292    -0.00120015
267     0.01243306    -0.00903545     0.00419027    -0.00006239     0.00081290    -0.00097797
268    -0.00249242    -0.00122601     0.00124065    -0.00050292    -0.00019855    -0.00199030
269     0.00222157     0.00012509     0.00036254     0.00021680     0.00005094     0.00084655
270    -0.00100262     0.00149392    -0.00138537     0.00016284     0.00010450     0.00106783
271     0.00606907     0.01410340    -0.00478388     0.00441360    -0.00126846     0.00012508
272    -0.00059218    -0.00196730    -0.00687943    -0.00195208     0.00037720    -0.00021411
273    -0.00689952    -0.01011339     0.00924524    -0.00225561     0.00092313    -0.00029262
274    -0.00195150    -0.00113780    -0.00184164    -0.00267432    -0.00066736    -0.00068763
275    -0.00507436     0.00144646    -0.00399745     0.00165998     0.00049884     0.00040490
276     0.00254635     0.00028713     0.00083149     0.00113995     0.00038657     0.00035219
277     0.01443207     0.01163521     0.00721754    -0.00517381    -0.00165641    -0.00080840
278    -0.00505961    -0.00347179    -0.00446902     0.00281740     0.00082529    -0.00002618
279    -0.01004112    -0.00718419    -0.00185018     0.00316145     0.00065284     0.00077794
280     0.00829486    -0.00944164     0.00309656     0.00002073    -0.00016038    -0.00235566
281    -0.00641685     0.00057142     0.01351667    -0.00009027     0.00008678     0.00103557
282     0.00173001     0.00441220    -0.01692730    -0.00004160     0.00017503     0.00141725
283     0.00500283     0.00048380    -0.01448241    -0.00542090    -0.00332600     0.00943848
284    -0.00406596     0.00184241     0.01090121     0.00295913     0.00316510    -0.00461239
285    -0.00088600    -0.00228455     0.00158724     0.00158411     0.00122702    -0.00338533
286    -0.01005213     0.00436079    -0.01107595     0.00949561     0.00199681     0.00441430
287     0.00570408    -0.00579707     0.00406230    -0.00424836    -0.00208042    -0.00197084
288     0.00684456     0.00123921     0.00858385    -0.00648042    -0.00075905    -0.00173461
289    -0.00965078     0.02139560     0.00319226     0.00034432     0.00369558     0.00031913
290     0.00569765    -0.00143044    -0.00861136    -0.00029075    -0.00201429     0.00005974
291     0.00784151    -0.01847618     0.00174938    -0.00007878    -0.00148449    -0.00008472
292     0.01408023    -0.01376059    -0.00307985     0.00157665     0.00619714     0.00206930
293    -0.00587440     0.00689381    -0.00101025    -0.00030868    -0.00333469    -0.00146016
294    -0.00650896     0.00458759     0.00262890    -0.00053686    -0.00263807    -0.00054802
295     0.01400059    -0.00068402    -0.00784266     0.00250379     0.00091559    -0.00002417
296    -0.00239119    -0.00136537    -0.00090531    -0.00149994    -0.00045132     0.00010804
297    -0.00633280     0.00081287     0.00674667    -0.00105856    -0.00036177     0.00006716
298     0.00668180     0.00279303    -0.00213208    -0.00287903    -0.00369199     0.00022430
299    -0.00445718    -0.00241741    -0.00040993     0.00152813     0.00245148     0.00000086
300    -0.00244099     0.00211059     0.00328923     0.00165664     0.00189269    -0.00045595
301     0.01491845    -0.00005716    -0.00333344     0.00149518     0.00088937    -0.00161728
302    -0.01097134    -0.00566702     0.00574250    -0.00062827    -0.00038527     0.00065345
303    -0.00428357     0.00310811    -0.00153646    -0.00067856    -0.00051510     0.00090041
304    -0.00092328     0.00206692     0.00207392    -0.00132728    -0.00032570    -0.00159873
305    -0.00038049    -0.00019822    -0.00217471     0.00064089     0.00023591     0.00090326
306     0.00122163    -0.00137307    -0.00045075     0.00073797     0.00021602     0.00074650
307    -0.00353969     0.00284613    -0.00856452     0.00243966     0.00182761    -0.00011907
308    -0.00525847     0.00252942    -0.00442324    -0.00123964    -0.00073016     0.00002426
309     0.00550137    -0.00314417     0.00881818    -0.00115587    -0.00088930     0.00022688
310    -0.01485898    -0.00103094    -0.01306602    -0.00042890    -0.00190021    -0.00105476
311     0.01249964    -0.00118565     0.01525466     0.00017400     0.00109088     0.00050161
312     0.00353611     0.00391889    -0.00214493     0.00024014     0.00084311     0.00042109
313     0.01490474     0.00203713    -0.00155960    -0.00477450    -0.00133301     0.00132009
314    -0.00266851     0.00123689     0.00365229     0.00184531     0.00044544    -0.00054732
315    -0.01113763    -0.00129831     0.00115569     0.00278445     0.00055191    -0.00112164
316    -0.00748738    -0.01602323     0.00002380    -0.00069386    -0.00314711     0.00136592
317    -0.00020244     0.01401803     0.01067428     0.00043809     0.00168088    -0.00096584
318     0.01139707     0.00305190    -0.00865022     0.00020128     0.00183034    -0.00065448
319     0.01097441     0.01428016    -0.00147952     0.00207765    -0.00440785    -0.00349245
320    -0.00300149    -0.00100727    -0.00978464    -0.00055964     0.00210124     0.00151316
321    -0.00961566    -0.01242912     0.01050697    -0.00097100     0.00166485     0.00180570
322    -0.00047476     0.00145935     0.00401391    -0.00153178    -0.00126910     0.00042427
323    -0.00214644    -0.00054841     0.00355666     0.00072044     0.00062171    -0.00029623
324     0.00561220    -0.00586603    -0.00560394     0.00076994     0.00075403    -0.00018655
325     0.01727428     0.00912752     0.00069169     0.00155647    -0.00066724    -0.00354330
326    -0.01031858    -0.00068185    -0.00580273    -0.00056410     0.00039434     0.00195766
327    -0.00780605    -0.00782231     0.00338230    -0.00066660     0.00012167     0.00152110
328     0.00157037    -0.00269917     0.00193327    -0.00080501    -0.00126930     0.00227001
329    -0.00161164     0.00207320    -0.00125033     0.00025882     0.00067482    -0.00110597
330     0.00147702     0.00277844     0.00147299     0.00043277     0.00063890    -0.00095763
331    -0.00036104     0.02856533     0.00498678    -0.00132795    -0.00136710     0.00096158
332    -0.00405498    -0.00016017     0.00233866     0.00073319     0.00085862    -0.00051894
333     0.00328855    -0.02612198    -0.00796871     0.00075340     0.00064938    -0.00057412
334    -0.00083673    -0.00299500     0.00157509     0.00196476    -0.00188840     0.00111680
335     0.00039709     0.00281082    -0.00571436    -0.00080932     0.00086268    -0.00060962
336     0.00198770    -0.00106725     0.00357774    -0.00096511     0.00111307    -0.00047595
337     0.00346673     0.00094771    -0.00280224    -0.00034055     0.00084807     0.00301133
338    -0.00477173    -0.00063763     0.00064182     0.00019025    -0.00051702    -0.00130867
339     0.00019263    -0.00170454    -0.00038238    -0.00001658    -0.00041635    -0.00148925
340    -0.00040912    -0.00188548    -0.00164460     0.00422996     0.00075433    -0.00277934
341     0.00259055     0.00019132    -0.00674980    -0.00182243    -0.00009230     0.00143904
342    -0.00015973    -0.00062398     0.00852905    -0.00282058    -0.00025020     0.00148461
343     0.00020972    -0.01667601     0.00998422    -0.00369373     0.00699692    -0.00425384
344     0.00533136     0.00676219    -0.00197122     0.00115777    -0.00247950     0.00166919
345    -0.00614175     0.01222788    -0.00637060     0.00123964    -0.00453977     0.00223000
346     0.01024410    -0.00870376    -0.00575459    -0.00146895     0.00127714     0.00087283
347     0.00004865     0.00345988     0.00237031     0.00060174    -0.00060205    -0.00041674
348    -0.01001636     0.00472883     0.00466708     0.00084838    -0.00081320    -0.00053896
349    -0.00545154     0.01071437    -0.00230624     0.00131225    -0.00187585    -0.00296731
350     0.00558143    -0.00612325     0.00231622    -0.00040987     0.00093166     0.00148684
351     0.00206800    -0.00660453     0.00241516    -0.00073151     0.00073668     0.00162194
352     0.00863463     0.00053344     0.00697747    -0.00020932     0.00230708    -0.00117293
353     0.00304744    -0.00024711    -0.00341352    -0.00002291    -0.00118862     0.00053932
354    -0.00715149     0.00144212    -0.00213615     0.00018591    -0.00116669     0.00047090
355    -0.00082279    -0.00116640    -0.00441725    -0.00084677    -0.00241093     0.00039823
356     0.00078738    -0.00299648    -0.00332714     0.00041133     0.00140154    -0.00011336
357     0.00003503     0.00238036     0.00553592     0.00040159     0.00128504    -0.00034751
358    -0.01903704    -0.00856360    -0.00051298    -0.00236538     0.00039944     0.00294379
359    -0.00186743    -0.00011113    -0.00372816     0.00090970    -0.00008134    -0.00127961
360     0.01850903     0.00379110    -0.00186344     0.00121241    -0.00030343    -0.00187996
361     0.00816995     0.00031079    -0.01451492    -0.00198462    -0.00213015     0.00235806
362    -0.00232818    -0.00337660     0.01089133     0.00134578     0.00133015    -0.00124642
363    -0.00731157     0.00186862     0.00139351     0.00097428     0.00079881    -0.00105305
364     0.00332226     0.00134382     0.01617774    -0.00079903     0.00033779    -0.00305778
365    -0.00492872    -0.00316746    -0.00995116     0.00037035    -0.00002916     0.00132462
366     0.00249861    -0.00044127    -0.00494559     0.00042741    -0.00028342     0.00134298
367    -0.00358074    -0.00856637     0.00440733    -0.00121241     0.00197776    -0.00050707
368     0.00241582     0.00140529    -0.00419625     0.00060086    -0.00094576     0.00013336
369     0.00173114     0.01167096    -0.00324607     0.00077122    -0.00102902     0.00031572
370    -0.01181023     0.00102377     0.00638557     0.00064153     0.00263005     0.00100190
371     0.00315382     0.00260751     0.00693662    -0.00028700    -0.00154479    -0.00042968
372     0.01035707    -0.00299645    -0.00901586    -0.00018155    -0.00120933    -0.00055040
373     0.00343960     0.00410354    -0.01431061    -0.00216963    -0.00110823     0.00022952
374     0.00307893    -0.00241407     0.00173450     0.00094011     0.00057765    -0.00015485
375    -0.00749317     0.00174956     0.01150773     0.00119864     0.00068257    -0.00001793
376    -0.01131956     0.00941189    -0.00812331    -0.00050655    -0.00371510    -0.00010188
377     0.00529550     0.00259910     0.00531658     0.00009147     0.00196800    -0.00013152
378     0.00424164    -0.00910012     0.00430025     0.00046757     0.00233755     0.00016488
379     0.00407773     0.00230028     0.00728370     0.00247863    -0.00039971    -0.00260390
380     0.00735091    -0.00399170     0.00202047    -0.00118861     0.00034944     0.00111046
381    -0.01011359     0.00057732    -0.00513723    -0.00110368     0.00027879     0.00148761
382    -0.01163466     0.01280754    -0.00305426    -0.00043695     0.00181119    -0.00001760
383     0.00221464     0.00056088    -0.00419366     0.00025732    -0.00095443    -0.00007542
384     0.01097055    -0.01371767     0.00270232     0.00021650    -0.00076681     0.00001414
385    -0.00140843     0.00561819     0.00322681    -0.00069281    -0.00011666     0.00285625
386     0.00429384    -0.00194687    -0.00197863     0.00047742     0.00018689    -0.00172317
387    -0.00053354    -0.00221620     0.00143704     0.00028878    -0.00009706    -0.00152983
388    -0.00377327     0.00533472     0.00054835     0.00307714    -0.00018192     0.00070968
389     0.00008948     0.00028043    -0.00136428    -0.00166511    -0.00010028    -0.00039335
390     0.00232781    -0.00348494     0.00027130    -0.00125950     0.00007328    -0.00037169
391     0.00302812    -0.00513978     0.00410819    -0.00092464     0.00324597    -0.00241692
392    -0.00106743    -0.00154228    -0.00432655     0.00025788    -0.00158073     0.00142479
393    -0.00301440     0.00508014    -0.00283456     0.00029858    -0.00151098     0.00091972
394    -0.01169314     0.00062483    -0.00275899     0.00111074     0.00408115    -0.00095969
395     0.00706613    -0.00652595     0.00718799    -0.00040377    -0.00163745     0.00051816
396     0.00439153     0.00589163    -0.00438758    -0.00082873    -0.00194188     0.00040455
397    -0.00222333    -0.00378642    -0.00195762    -0.00001929     0.00128016    -0.00420398
398     0.00289235     0.00589697    -0.00629131     0.00019937    -0.00041771     0.00191041
399     0.00264042     0.00045376     0.00714153     0.00009560    -0.00083914     0.00286007
400    -0.00124502    -0.00124483    -0.00284279    -0.00241814    -0.00055176     0.00057115
401     0.00761443    -0.00756433    -0.00228184     0.00103037     0.00017961    -0.00022728
402    -0.00335189     0.01009343     0.00753607     0.00116613     0.00038603    -0.00021211
403    -0.00215304     0.00800192    -0.01334804     0.00200521    -0.00905634    -0.00189431
404    -0.00339339    -0.00393006     0.00914415    -0.00113607     0.00377864     0.00160888
405     0.00719241    -0.00233476     0.00237452    -0.00192638     0.00466987     0.00039570
406    -0.00756339    -0.01694558    -0.01362220     0.00044208    -0.00394556     0.00094788
407     0.01293985     0.01006527     0.00732511    -0.00042241     0.00210037    -0.00074011
408    -0.00460805     0.00593034     0.00528598    -0.00034392     0.00176087    -0.00026550
409     0.00003885    -0.01036310     0.00851260     0.00069733     0.00163572     0.00003300
410     0.00104033     0.00574012    -0.00348359    -0.00030785    -0.00069182    -0.00000409
411    -0.00100304     0.00176639    -0.00341373    -0.00030539    -0.00087940     0.00003366
412    -0.00557147     0.00314351     0.00556394    -0.00139919     0.00015600    -0.00136927
413     0.00236156     0.00427730    -0.00044650     0.00071198    -0.00003552     0.00059444
414     0.00281690    -0.00592904    -0.00329463     0.00068450    -0.00000686     0.00075327
415    -0.00413216     0.00665211    -0.00425681     0.00068689    -0.00236388    -0.00068214
416     0.00374932    -0.00463045     0.00406055    -0.00048215     0.00128499     0.00047087
417     0.00073726    -0.00320850     0.00151970    -0.00027265     0.00099324     0.00035254
418     0.00613045    -0.01506246    -0.01202061    -0.00059037     0.00209214     0.00048135
419    -0.00507302     0.00773433    -0.00080983     0.00035848    -0.00130110    -0.00029602
420    -0.00166452     0.00475630     0.01661185     0.00026245    -0.00097580    -0.00032461
421    -0.01048357     0.00545495    -0.00518725     0.00002352     0.00203981     0.00120641
422     0.00522256    -0.00390422     0.00442505    -0.00000079    -0.00103197    -0.00075551
423     0.00437140    -0.00053444    -0.00262764     0.00008645    -0.00094415    -0.00053523
424     0.00703114    -0.02068449    -0.01549465    -0.00043315     0.00164034     0.00085858
425    -0.00748851     0.01524051     0.01314243     0.00018105    -0.00069044    -0.00036987
426     0.00124375     0.00618460     0.00339871     0.00030538    -0.00082874    -0.00048674
427    -0.01081903     0.00254921    -0.01509045    -0.00189234    -0.00413965    -0.00228632
428     0.01085077    -0.00110569     0.01543663     0.00088508     0.00155910     0.00104336
429     0.00309310     0.00012601     0.00179232     0.00088782     0.00232697     0.00168075
430    -0.00279979    -0.00188943     0.00365869    -0.00189119     0.00112269     0.00495532
431    -0.00136102     0.00201234    -0.00021986     0.00054260    -0.00051665    -0.00214217
432     0.00697685     0.00152043    -0.00338837     0.00111397    -0.00086696    -0.00344639
433     0.00569888     0.00963776     0.00466763    -0.00065587     0.00076329    -0.00204265
434    -0.00321722    -0.00963150    -0.00426370     0.00028190    -0.00049102     0.00100517
435    -0.00309432     0.00154604     0.00028263     0.00039573    -0.00036190     0.00091354
436     0.00624644    -0.01005893     0.00530644    -0.00296039    -0.00204673    -0.00040381
437    -0.00155192    -0.00275087    -0.00264841     0.00149222     0.00129023     0.00009861
438    -0.00469382     0.00543733    -0.00364211     0.00192745     0.00109377     0.00025880
439     0.00924389    -0.01148168     0.00382078     0.00065515     0.00097007     0.00294382
440    -0.01044279     0.00904683    -0.00219569    -0.00044844    -0.00034253    -0.00142432
441     0.00200735     0.00056989    -0.00196652    -0.00043136    -0.00066606    -0.00145760
442     0.00529743     0.00010913     0.00355548     0.00149614    -0.00156294    -0.00163118
443     0.00088214     0.00376909    -0.00066787    -0.00072006     0.00082705     0.00100714
444    -0.00631027    -0.00250354    -0.00488946    -0.00087329     0.00069044     0.00081465
445     0.00626471    -0.00909706     0.00443013     0.00678458    -0.00154342    -0.00851220
446    -0.00030811    -0.00116805     0.00737437    -0.00214678     0.00048255     0.00309107
447    -0.00395612     0.00545145    -0.01049421    -0.00373115     0.00138174     0.00325179
448    -0.00307985    -0.00325661     0.01148748    -0.00125098     0.00177685    -0.00201020
449    -0.00141917    -0.00050954    -0.00972442     0.00062877    -0.00115033     0.00107901
450     0.00455405     0.00226285    -0.00149827     0.00045681    -0.00076834     0.00096275
451     0.01312011    -0.01761815     0.01590382    -0.00162792    -0.00099493     0.00145026
452    -0.00070671     0.00598821    -0.01335098     0.00065626     0.00041374    -0.00065773
453    -0.00961913     0.00820864    -0.00345321     0.00088439     0.00040992    -0.00067408
454    -0.00076141     0.00131698     0.01054677     0.00001221     0.00214309     0.00005654
455     0.00232561    -0.00142247    -0.00707133    -0.00000762    -0.00098358    -0.00011143
456    -0.00333791     0.00084244    -0.00211632     0.00008734    -0.00102852     0.00000355
457    -0.00900849     0.00366865     0.00511626     0.00315306     0.00093383     0.00089924
458     0.00304296     0.00013406    -0.00359305    -0.00142885    -0.00044777    -0.00024867
459     0.00362330    -0.00844322     0.00084386    -0.00162958    -0.00071566    -0.00052884
460    -0.00321113     0.01543870     0.00142249     0.00095162     0.00012842    -0.00231826
461     0.00747595    -0.01778859    -0.00104972    -0.00042918    -0.00019289     0.00120088
462    -0.00415623     0.00145193    -0.00150444    -0.00057663    -0.00008633     0.00107123
463     0.00203824     0.01193414    -0.01718187    -0.00238544     0.00004366     0.00164493
464     0.00864256    -0.00894543     0.02114726     0.00134422    -0.00012243    -0.00074884
465    -0.01055239     0.00216642    -0.00495647     0.00125975    -0.00007285    -0.00106269
466    -0.01044248     0.00132466     0.02380959    -0.00262880     0.00072280    -0.00118858
467     0.00290285    -0.01123596    -0.02014647     0.00134440    -0.00046216     0.00045229
468     0.00691571     0.00658758    -0.00364577     0.00124294    -0.00020039     0.00050257
469     0.02912213     0.00455183     0.00755322    -0.00541560     0.00013392    -0.00260008
470    -0.00973116    -0.01029192    -0.00308669     0.00337515    -0.00050108     0.00189330
471    -0.01760574     0.00942134    -0.00638525     0.00212854    -0.00027050     0.00102013
472     0.00150317    -0.00510890    -0.00309846    -0.00141453     0.00052014    -0.00066742
473    -0.00147835     0.00216805    -0.00017159     0.00061707    -0.00020972     0.00032882
474    -0.00011045     0.00273502     0.00111697     0.00082100    -0.00024616     0.00039690
475     0.00432418    -0.00780922     0.00470074    -0.00208923     0.00004464    -0.00069897
476    -0.00409416     0.01128522    -0.00076936     0.00113915     0.00008796     0.00035851
477     0.00150055    -0.00350081    -0.00061054     0.00098332    -0.00004925     0.00024038
478     0.00680360     0.01036206     0.01867208     0.00041295    -0.00014950    -0.00174049
479    -0.00975824    -0.00804474    -0.01021436    -0.00029642     0.00004976     0.00097462
480     0.00047007    -0.00035675    -0.00693696    -0.00019045     0.00002786     0.00075861
481    -0.01396603     0.00536410    -0.02503005     0.00165583    -0.00375590     0.00209684
482     0.01007338    -0.00318913     0.01868082    -0.00074077     0.00146041    -0.00102919
483    -0.00092411    -0.00007506     0.00373488    -0.00098835     0.00180171    -0.00076382
484    -0.01313681     0.00585100     0.00604410     0.00200340     0.00292035    -0.00039918
485     0.00788915    -0.00672128    -0.01036899    -0.00086857    -0.00142179     0.00000373
486     0.00463913     0.00015912     0.00529465    -0.00115627    -0.00130309     0.00016498
487    -0.00715340     0.00295425    -0.00435979    -0.00267342    -0.00797712    -0.00086870
488    -0.00046252    -0.00244723     0.00400081     0.00129673     0.00323898     0.00095238
489     0.00536236    -0.00673392     0.00143414     0.00067695     0.00490086     0.00075946
490     0.01213084     0.00233885     0.00115229    -0.00396089     0.00102615     0.00016289
491    -0.00581151     0.00679789    -0.00287246     0.00163449    -0.00052979     0.00005027
492    -0.00584187    -0.01010398    -0.00201404     0.00190050    -0.00023918    -0.00004291
493     0.00496840    -0.00092099     0.00864342     0.00164581    -0.00124635     0.00182510
494    -0.00309816    -0.00393417    -0.00083841    -0.00075961     0.00046166    -0.00079472
495    -0.00160895     0.00571706    -0.00529808    -0.00107775     0.00069518    -0.00111122
496    -0.01040168    -0.00516966    -0.01028014    -0.00156531     0.00121746     0.00033545
497     0.00383513     0.00129922     0.00264070     0.00077654    -0.00063008    -0.00026548
498     0.00220447     0.00283040     0.00465041     0.00085764    -0.00074325    -0.00012697
499    -0.00633169    -0.01489264     0.00372725     0.01096491     0.01725316    -0.00245925
500     0.00264415     0.00375432    -0.00160652    -0.00444931    -0.00578452    -0.00054012
501     0.00202214     0.00767369     0.00374807    -0.00333582    -0.01073495    -0.00054918
502    -0.00038292     0.00729224     0.00316327    -0.00153766    -0.00483511    -0.00582781
503     0.00040240    -0.00356968    -0.00177370     0.00145195     0.00214647     0.00313671
504     0.00080795    -0.00479116    -0.00185595     0.00038353     0.00318073     0.00411876
505     0.00600716     0.02108704    -0.00878168    -0.00146760    -0.00202211     0.00034463
506    -0.01155143    -0.01239827     0.00639523     0.00093525     0.00125088    -0.00015680
507     0.00172857    -0.00837182     0.00374256     0.00060807     0.00105714    -0.00017291
508     0.00034358    -0.00512310    -0.00076873     0.00032382    -0.00150507     0.00148920
509    -0.00118721    -0.00246981    -0.00475540    -0.00013485     0.00088755    -0.00073827
510     0.00249029     0.00284916     0.00060385    -0.00011451     0.00063738    -0.00062147
511     0.00433913     0.00057496    -0.00737856    -0.00009879    -0.00264807    -0.00079983
512    -0.00330168     0.00269092     0.00584345     0.00012284     0.00147606     0.00029458
513     0.00019992    -0.00147148    -0.00084052    -0.00010410     0.00132734     0.00038019
514    -0.00740964    -0.00696397    -0.00022720     0.00696990    -0.00276799     0.00828014
515     0.01197355     0.01320684    -0.00449381    -0.00454914     0.00052846    -0.00385392
516    -0.00323566    -0.00559271     0.00213653    -0.00412902     0.00301091    -0.00510321
517    -0.00034425     0.00651060    -0.00016779    -0.00141451    -0.00071527    -0.00545258
518     0.00133211    -0.00485012     0.00701928     0.00059892     0.00004772     0.00221001
519    -0.00355674     0.00147924    -0.00510592     0.00078136     0.00015133     0.00371697
520     0.02360130     0.00096071    -0.00375522    -0.00264850     0.00382992     0.00063538
521    -0.01496613    -0.00528532     0.00353940     0.00101648    -0.00207551    -0.00031167
522    -0.00274821     0.00370406     0.00112562     0.00191111    -0.00251733    -0.00034997
523    -0.01509934    -0.01467351    -0.00211355     0.00302562     0.00471365     0.00727309
524    -0.00019169     0.00205605    -0.00290741    -0.00237631    -0.00294122    -0.00330251
525     0.01536664     0.01223575     0.00647549    -0.00117120    -0.00283630    -0.00525801
526     0.00072599     0.00906086    -0.00478604     0.00088316    -0.00552349     0.00544338
527     0.00661218    -0.00507372     0.00178622    -0.00073320     0.00257484    -0.00199840
528    -0.00387873    -0.00092164     0.00124377     0.00008931     0.00226405    -0.00219881
529    -0.01061435     0.00508850    -0.00883789     0.00047990     0.00216195    -0.00088353
530    -0.00170629    -0.00015738     0.00662390    -0.00019439    -0.00092402     0.00046252
531     0.00733462    -0.00447947     0.00195030    -0.00037101    -0.00108144     0.00044886
532    -0.00467323    -0.01377854     0.01382117     0.00794101    -0.00039496    -0.00188360
533     0.01975911     0.00143340    -0.00523753    -0.00589744     0.00051528     0.00115403
534    -0.00868246     0.00940216    -0.00847005    -0.00331279     0.00054186     0.00041646
535     0.00167834     0.00126303    -0.00767229     0.00062695    -0.00174738     0.00521115
536     0.00170771     0.00032451     0.00110802    -0.00046095     0.00146346    -0.00289730
537    -0.00362144    -0.00605444     0.00524615    -0.00063997     0.00059447    -0.00297883
538     0.00655924    -0.00512514    -0.00735981    -0.00325637    -0.00124193    -0.00231031
539    -0.00051029    -0.00144816    -0.00122200     0.00151831     0.00067558     0.00144995
540    -0.00349013     0.00441008     0.00488009     0.00207146     0.00049643     0.00130743
541     0.00665449     0.00243290     0.00149084     0.00858934    -0.01710282     0.01225108
542    -0.01329138    -0.00279840    -0.00047693    -0.00149325     0.01035317    -0.00691128
543     0.00200919    -0.00059892     0.00134280    -0.00153047     0.00562293    -0.00452664
544    -0.00850017     0.00840959     0.01574201     0.00268596    -0.01112892    -0.01885550
545     0.00308942    -0.00673249    -0.00941872    -0.00181197     0.00742449     0.01054007
546     0.00293760    -0.00144009    -0.00706900    -0.00317632     0.00303783     0.00730823
547     0.00352092    -0.00091162    -0.00300554    -0.00161455     0.00670645     0.00380305
548    -0.00421077     0.00123438     0.00518335     0.00102421    -0.00261776    -0.00203237
549    -0.00213416    -0.00033219    -0.00045781     0.00132230    -0.00487396    -0.00270005
550     0.00569978    -0.00474157     0.00238226    -0.00172027     0.00077646     0.00080915
551    -0.00284289     0.00374050    -0.00293611     0.00081902    -0.00033275    -0.00047427
552     0.00029228     0.00093619    -0.00017854     0.00082112    -0.00048081    -0.00041497
553     0.00907122     0.00037797    -0.00566305     0.00042591     0.00192803    -0.00024776
554    -0.00156905     0.00160215     0.00083358    -0.00021979    -0.00102463     0.00022731
555    -0.00833083    -0.00098336     0.00422781    -0.00013536    -0.00100289     0.00008126
556    -0.00262515    -0.00128230     0.02039435    -0.00180648     0.00075918    -0.00158356
557    -0.00264653    -0.00421116    -0.01204886     0.00083320    -0.00024438     0.00076129
558     0.00473241     0.00692802    -0.01058324     0.00107793    -0.00039125     0.00075809
559     0.00282163    -0.01673095    -0.00038394    -0.00088157     0.00154043     0.00112190
560    -0.00309345     0.00754259     0.01016705     0.00057709    -0.00092600    -0.00063439
561    -0.00040778     0.00754242    -0.01044869     0.00043107    -0.00069797    -0.00063382
562    -0.00849890    -0.00346155    -0.00180680     0.00058793     0.00076867    -0.00246523
563     0.00426266     0.00380320     0.00561826    -0.00017371    -0.00029813     0.00110833
564     0.00138199     0.00032641    -0.00168521    -0.00026906    -0.00048585     0.00152705
565    -0.00387488     0.01273274    -0.01325664    -0.00131172    -0.00132365     0.00429937
566     0.00589253    -0.00153024     0.00451874     0.00037613     0.00081537    -0.00245346
567    -0.00462347    -0.01284780     0.00742365     0.00056090     0.00069846    -0.00169463
568    -0.00113758     0.00554590    -0.00407251     0.00147750     0.00026622    -0.00190044
569     0.00097795    -0.00078923     0.00552587    -0.00089859    -0.00005449     0.00103829
570     0.00152556    -0.00380954    -0.00029614    -0.00078385    -0.00025531     0.00092720
