 Number of water molecules:
         190

 Atomic and electronic energies:
    -3.38214847    -0.10085714

 Atomic coordinates:
  1    -8.95921127    14.52091517    -8.63053523
  2    -8.46191443    14.71179455    -6.76210765
  3    -9.55537430    12.70663860    -8.89576989
  4     7.38688368     6.44117571    11.95924097
  5     8.03841364     8.08932017    11.11909313
  6     6.86559036     5.29820422    10.50543542
  7    -6.48732224     9.44771749     7.46678609
  8    -5.13102396     8.23720601     8.11858689
  9    -6.19299302     9.51063090     5.53735031
 10    14.78421940    -7.36880892    -9.23024638
 11    16.41716427    -8.36867483    -9.38789853
 12    14.69177273    -6.90975480    -7.33661073
 13     1.70626727     5.73464551    11.07689647
 14     2.45150663     5.26255542    12.74686719
 15     3.02924466     5.06126126     9.82086315
 16    -9.72567585     9.01791314    -9.10866560
 17   -10.61521361     7.49267224    -9.91088956
 18    -7.95448145     8.97417078    -9.81193558
 19     1.92848660     2.52436527   -18.75697410
 20     1.81104690     0.61859565   -18.63114125
 21     0.18107149     3.23292415   -18.44243411
 22   -17.42540469     8.82591650     1.15889757
 23   -15.99263077     9.73597783     2.13368197
 24   -18.01106083    10.03688887    -0.18000460
 25     8.77460031     6.84860413   -12.93387599
 26     7.68921646     5.84880868   -14.19036575
 27     7.83072785     6.58894798   -11.24637584
 28    -5.57132136   -11.10878460    -9.61700431
 29    -5.13860286    -9.20595707    -9.72330361
 30    -7.22609502   -11.27721898    -8.59311147
 31   -12.86439270     1.90249441     6.10050810
 32   -13.17764624     3.65642412     6.89453298
 33   -12.33420779     2.17262090     4.28080208
 34    -1.14613198     9.28441983   -14.28150160
 35     0.27891488     8.55350424   -13.23492680
 36    -1.12656518    11.17522714   -13.94518854
 37     6.89026400     6.05943500    -8.15154301
 38     8.68933653     6.20639167    -7.42559741
 39     6.10026936     4.64248305    -7.11974477
 40     2.89625929    -4.96150514   -13.32238386
 41     1.51695611    -4.18519711   -12.22531048
 42     2.67437991    -6.84540090   -13.13269767
 43    -3.61239814     4.79920877     0.53183941
 44    -3.38722630     5.11729685    -1.38338972
 45    -4.78604524     3.27730446     0.71822368
 46     6.14045633    -1.04695242    11.08046547
 47     6.63692760    -2.00540884     9.42159231
 48     5.90249458     0.76177186    10.44817028
 49     2.46793269     7.27983047    -2.23995385
 50     3.66400225     6.00340449    -1.47455464
 51     3.48045595     8.90419252    -2.53852160
 52     3.04374436    -6.95417332    17.00383462
 53     1.55739347    -5.98900523    17.74556828
 54     3.43785238    -6.26373461    15.25358647
 55   -14.53420681    -9.51104581    -6.32884808
 56   -15.66277674   -10.74151311    -5.38997359
 57   -12.76245188   -10.28344784    -6.33802230
 58    -6.74201364     5.20596710    13.11091262
 59    -6.56011907     4.49496475    14.92011874
 60    -7.22198072     3.64625106    12.11397633
 61    11.72880593    -4.83825193     9.11867471
 62     9.97892536    -4.44400377     8.38890332
 63    12.69141509    -3.18340166     9.28360916
 64   -13.65629939    -5.65938800     9.65957532
 65   -14.33651995    -5.45322661     7.86019499
 66   -13.13778862    -3.87682699    10.11815058
 67    10.08298955   -13.67223178     3.14548286
 68     9.15702639   -15.19973299     2.43295102
 69    10.33604228   -12.43272301     1.71243176
 70     0.72280350     1.02920713    -7.70911511
 71     2.24463459     1.31204361    -6.60446561
 72    -0.82622336     1.20534956    -6.58271828
 73     0.35761432     2.54974801     2.81107426
 74     0.74560833     0.90909967     1.90965357
 75    -1.26070050     3.21943643     1.95269027
 76    -1.04240817   -13.27069230   -10.88157322
 77    -2.83306630   -12.61896737   -10.68410857
 78    -1.17341047   -15.09461060   -10.25034650
 79    -2.58667058    -3.51277045    -4.81023300
 80    -0.73371848    -3.64519986    -4.26141468
 81    -2.88717736    -1.67487709    -5.13845411
 82     1.09152102     0.67892516     7.50008392
 83     0.73733370     1.26417873     5.66371635
 84     0.09019501    -0.96114224     7.62550299
 85    -3.98107629    -3.73289944     0.42631953
 86    -4.87688020    -2.06430268     0.75428730
 87    -3.71162639    -3.82179091    -1.48943158
 88    -1.23550416    11.98821371     3.52562300
 89    -0.83751860    10.35982446     4.55377236
 90     0.43542475    12.46316981     2.64287928
 91   -15.39994430     8.72959528    -4.73328585
 92   -15.51248513     7.20336503    -3.54603915
 93   -16.17576025     8.04172248    -6.37129671
 94     2.83731683   -13.34724434    -7.20438675
 95     1.40046361   -13.02463394    -8.40567203
 96     2.32608976   -14.90086387    -6.19392325
 97    -2.61195026    15.96688327    -3.85318536
 98    -2.69410995    17.22215302    -2.42388545
 99    -4.31120149    15.08638193    -3.83981926
100    -6.28643077    -1.55385391     6.54591890
101    -6.73415515    -0.83477396     8.30741599
102    -4.54236959    -2.42938383     6.78148629
103    -1.03457682     7.89777296    16.00921531
104     0.21441224     9.06487974    15.14790074
105    -2.74452805     8.60586033    15.67645670
106    -5.99073506     3.10494080    17.58995853
107    -4.38485861     3.06624644    18.56205891
108    -6.55608404     1.26085497    17.47206969
109   -14.07893679    -2.14123382     0.57585043
110   -14.25926701    -3.19813307     2.15417643
111   -14.12016398    -3.37976886    -0.89667171
112     3.06449300   -16.60579843     9.73124526
113     1.27452544   -16.43482688     9.05162410
114     4.22038756   -16.82327537     8.21702631
115    -5.68367961     3.36274488    -9.96166537
116    -7.48910519     3.14098152   -10.53201715
117    -5.23624971     5.21377845   -10.36140140
118     8.98651483   -12.86049491    11.14086191
119     7.76246430   -13.52357778    12.52157082
120    10.06490726   -11.50115488    11.96418074
121   -12.96616015    -6.18960492   -10.05521189
122   -13.82054208    -7.66385070    -9.14096222
123   -11.34441493    -5.80720391    -9.08607182
124   -18.08055228     0.61913362    -0.76249154
125   -16.54712901    -0.41732957    -0.23402243
126   -19.19630112     0.65191216     0.80251737
127    10.04155619    13.63478999     3.25766055
128     8.68495504    13.73010114     4.57872820
129    10.41649917    15.44711745     2.71728426
130    -9.48585069   -10.39264486    -6.12113564
131    -9.16676858    -8.51771557    -6.46951119
132    -9.45054827   -10.48188016    -4.20073753
133    12.15814857     5.42501283    -7.32037395
134    12.05285199     3.58286852    -6.83752102
135    12.94115484     5.47013015    -9.05301152
136    -6.23532090    -8.32540998     5.07878013
137    -7.42408642    -7.01054678     4.32585053
138    -4.45736336    -7.71504089     4.60429003
139    -4.77572262    -6.13334511   -10.67399520
140    -5.14647491    -6.38500358   -12.53834526
141    -3.30100938    -4.89924285   -10.66065259
142    -6.05604234     9.73467796    15.06652903
143    -6.53502042     8.07468108    14.23402332
144    -6.82902126     9.69859555    16.78796829
145    -6.15949241   -13.13045897    13.71107790
146    -7.44707520   -14.48961815    13.33640161
147    -6.00435887   -12.03656588    12.12011058
148    -5.92066383    15.76871622   -12.49844174
149    -6.84800072    17.19416950   -13.32143934
150    -6.98518856    15.20855863   -10.99386609
151    -8.15414081     6.39031536   -15.24100882
152    -8.75311218     8.20206063   -15.36468929
153    -9.39518003     5.31668419   -14.22782622
154     2.76751008    10.41284266    12.97259158
155     2.24284682     9.02532967    11.73928209
156     4.67407800    10.41179242    13.08111926
157     7.98518764    -8.20679525     1.41008967
158     9.52741270    -7.94519181     2.53159902
159     6.54439544    -7.30253827     2.32917305
160    13.16191276     0.03183423     8.02225532
161    11.71696367    -0.11672369     6.75956378
162    14.53793939     1.05117622     7.13514308
163    -5.66744834    -6.32487915   -15.69658874
164    -4.70601464    -5.01974038   -16.72134424
165    -5.83967183    -7.87695934   -16.73125424
166     9.19668886    -0.27813306    15.10225618
167     9.24187587    -1.77653085    16.26343713
168     8.13540945    -0.75424247    13.55995394
169   -16.03041212    -1.91782301   -10.70882936
170   -15.07984282    -3.58574835   -10.70505749
171   -16.37876415    -1.47079654    -8.88530469
172    -1.16795330    14.01773381   -12.38132429
173    -0.45787750    14.22722490   -10.62525617
174    -2.97491525    14.73781917   -12.35638035
175   -17.79682266     0.10275277     4.80177822
176   -18.45327430     1.89077188     4.92310235
177   -15.96853278     0.24446982     5.35881927
178   -18.09685328     5.16089751     4.66521632
179   -16.95094190     5.69137038     6.11596288
180   -18.14215907     6.74338818     3.53248896
181     2.69395352   -10.16024651   -13.38386309
182     2.31780354   -10.88802137   -15.08790054
183     1.36554623   -10.95839457   -12.22466112
184    -3.03589524     6.54206977     9.66211589
185    -1.29467399     6.03941985    10.35762771
186    -4.29759407     5.88368902    11.00369703
187     2.49453741     7.58002973   -10.85777996
188     4.13053794     7.41385019    -9.85992777
189     2.17297763     5.77689435   -11.53141721
190   -15.36657096     4.91779590    -1.32873827
191   -16.07550625     6.13449264     0.00921029
192   -16.57568635     3.39677078    -1.31143342
193    -3.93616670     1.59028865    -5.57456679
194    -3.30880803     3.19046734    -4.73238478
195    -4.51717695     2.18123790    -7.35050732
196    11.49404037    10.91032479   -10.35170808
197    10.43954530     9.52657770   -11.09288538
198    11.47142478    12.27958908   -11.68957760
199    14.12194730     7.36985685    12.76171969
200    13.89715916     5.45223736    12.70570855
201    13.21580347     7.98741373    14.30551765
202    -0.61674610   -10.85634075     9.93995747
203    -2.35487541   -10.19253637    10.33538620
204     0.17821643   -11.28137286    11.62451396
205     8.24821507     5.18948968     3.99710896
206     7.07808250     6.73527775     3.87565410
207    10.02425680     5.93782706     4.24457822
208     9.25325895    -6.82700709    -3.50132701
209     7.99516779    -8.06834517    -4.31314350
210     9.04995067    -7.13295045    -1.62629114
211    13.61697496    10.09314017     8.48605482
212    13.86366581     9.03265812    10.08653939
213    14.93891016    11.43653399     8.45672232
214     7.03201041    -1.90639914     0.57181169
215     5.91169824    -0.43556830     0.09151800
216     5.81443234    -3.27433380     1.27763845
217    15.98130583     1.18995982    -2.32059625
218    15.34421389     1.43037451    -4.12793339
219    14.60866031     0.13412599    -1.49506783
220     8.36278770    10.83222408     9.71627286
221    10.17239210    10.77132157     8.98909415
222     7.37470085    11.96802994     8.50632359
223    -1.64498887    -7.09500969     3.42202485
224    -2.21981430    -5.62257128     2.29920176
225    -1.13480581    -8.46708651     2.14844592
226     9.27247184   -13.87691719    -5.85963043
227     8.22336817   -12.30347698    -5.66751130
228    10.50538927   -13.38236193    -7.24457347
229   -10.45324739    10.19028139    -4.26854079
230   -12.39798270     9.96977379    -4.38699587
231    -9.85823440     9.57402498    -6.01052037
232    14.40159491    -6.54500559    -4.24313870
233    12.51470187    -6.51118320    -4.01853862
234    15.01539665    -6.25632243    -2.45267283
235    -9.67705869    11.26275839     0.66926698
236   -10.10335244    10.52571416    -1.03439522
237    -7.99834339    10.50356765     1.17521285
238    12.07339525    -7.69732817     4.71157704
239    12.00061301    -6.62765882     6.34463609
240    12.80467176    -9.35436152     5.33653972
241    10.16733713    13.13081328    -5.85718829
242    10.74859486    12.28339366    -4.22009029
243    10.76093277    12.00337603    -7.27575428
244    14.85383448     9.11658410    -5.07424611
245    14.96833492    10.10587927    -6.71714192
246    13.76075486     7.61127001    -5.60176156
247     5.16426457     2.22024187    -5.23161978
248     6.15445708     0.56031270    -5.43369796
249     5.21136214     2.60607741    -3.33901345
250     7.18680126   -17.31830721     1.06025239
251     6.96194761   -17.19485587    -0.83417574
252     7.07642243   -19.17776516     1.39154181
253    -6.89846278    -1.90254677    16.63982038
254    -7.55995088    -3.53639652    17.36616621
255    -4.98081785    -1.94541523    16.93818869
256    12.97356785     2.44078925    12.59774149
257    11.59694164     1.60825414    13.63768805
258    13.01466982     1.52840346    10.88467218
259    12.99018894     6.87239093     4.52746964
260    13.19037583     8.22210724     5.86312682
261    13.70033873     7.61026247     2.89933733
262    -6.53219221     0.74957136     1.90488508
263    -6.34818928     0.17890105     3.73983324
264    -8.40260449     1.12146257     1.63629470
265     1.63586500   -11.24827027    14.61380606
266     2.40192345    -9.85537330    15.76320672
267     2.99309940   -12.59264225    14.47292969
268    -3.03443059    -3.16507574   -18.59622494
269    -3.48730695    -2.58603297   -20.33678029
270    -1.10805235    -3.15923025   -18.50692777
271    14.67850645    -5.05119392     1.06873461
272    15.95234671    -3.90943536     2.00696722
273    14.00855121    -6.24511222     2.35404442
274   -13.98997054    -5.07009076    -3.77549804
275   -12.15328294    -5.18520755    -3.23997897
276   -14.38620829    -6.79264936    -4.61135786
277    -9.32003526    -4.84530965    -1.30490149
278    -9.09342551    -4.52700746     0.59269704
279    -8.76327795    -3.23990735    -2.20406721
280     2.10366473    -2.78060687   -18.01401055
281     3.82321053    -2.89638014   -18.90660754
282     2.42556980    -3.57377773   -16.25630650
283    -1.75373186    -3.63457234     7.46285220
284    -1.33214840    -5.14003175     6.31453835
285    -1.86576786    -4.35708633     9.26663589
286     9.57879297     0.34569009     4.47951358
287     9.24672309     2.25057394     4.42240629
288     8.93670962    -0.34837128     2.78798751
289     3.54508006    13.28790436     1.90571393
290     4.37893111    12.58526392     0.30842163
291     3.06056605    15.12498815     1.49020029
292     4.72278196     8.65091294     4.03942444
293     2.95432698     8.11938033     4.66519138
294     4.50393265    10.38823013     3.28047258
295    18.48490021     4.55231357     0.43135346
296    17.47514459     3.33051817    -0.71033035
297    20.29722314     4.49022211    -0.19903625
298    -5.97808285   -11.69399039     1.24365144
299    -4.19118138   -11.37835129     0.56357091
300    -6.06971196   -10.64942875     2.87434513
301    13.54358082     5.56195174   -12.23078501
302    14.67777236     6.90676329   -12.98533976
303    11.68511891     6.02764247   -12.62689974
304   -10.41964141    -4.35340356   -14.40961840
305    -8.72136482    -5.12303562   -14.80208402
306   -11.16970668    -5.37082897   -12.98091127
307    14.89944516     8.59371072    -0.07980415
308    16.21893062     7.19426369     0.01587461
309    15.00628469     9.21666958    -1.89506056
310    -1.66919492   -17.64901704    -8.44693868
311    -0.60040661   -17.57635516    -6.85831750
312    -2.88769800   -19.10713274    -8.18710102
313    -9.61281295    -4.60624696     3.89296514
314   -11.37106344    -4.55389015     4.69897747
315    -8.48518244    -3.38161964     4.84904660
316    -0.77979296   -14.96837468     6.62336985
317    -1.04386125   -13.35043475     7.57040353
318     0.62929877   -14.66537625     5.39307578
319     6.07878450    -9.69679812    -6.19628792
320     4.68537525   -11.03335860    -6.55038716
321     6.77945080    -9.25814547    -7.92835158
322   -12.94803466   -14.04409964     4.78899655
323   -12.51895213   -13.95159239     6.66096670
324   -11.42739068   -14.92383121     3.99985966
325     7.60617229    -3.68289550   -12.40569802
326     5.66725213    -3.88625898   -12.67450549
327     8.14859887    -2.41587826   -13.74949139
328    -2.96562628    -9.22858575    15.00583642
329    -1.24365637   -10.04423948    15.21309588
330    -4.24495979   -10.69098454    14.99990884
331   -10.07609008   -13.63869426     9.35269624
332    -8.72008830   -13.42567632     7.99487622
333   -10.18146812   -11.93196193    10.24586396
334    13.28716200   -12.12347394     6.95030452
335    12.43899082   -12.26469149     8.64174044
336    12.17083097   -12.97504476     5.66545268
337     0.24567537     2.78629361    16.10687416
338    -0.23723579     4.63443686    16.15296721
339     2.17060092     2.78359647    16.27894501
340    12.38001953     0.46209484    -6.36587726
341    12.27595983    -0.88719499    -7.74482564
342    11.91262669    -0.39730812    -4.74154318
343    -1.97548698     5.98502691    -4.17916734
344    -1.82986762     7.31107841    -5.56659679
345    -0.36374083     6.27769162    -3.12060365
346   -11.38825590    10.37062629     8.53537860
347   -11.19070240    12.01604919     9.45283347
348    -9.60505810     9.81882098     7.96729182
349     7.27724783    -8.80905593   -11.19069354
350     5.67862983    -9.42950159   -12.06068121
351     7.57859360    -7.03488328   -11.80501354
352     0.45977047    14.44715299    -7.41834285
353     2.23530186    14.70591895    -6.77191341
354    -0.73475844    15.10409298    -6.09280618
355    -3.60305836   -18.08947743     3.36398731
356    -2.49750854   -17.79653812     1.82308200
357    -2.77194234   -17.27859654     4.87103620
358    -6.96893223     0.11156385    11.69414804
359    -7.22653187    -0.77471468    13.37730691
360    -5.10181923     0.57349157    11.58261737
361    -5.73267126    -9.73386313     9.88110417
362    -5.78938640    -9.29825120     7.98447688
363    -7.33585218    -8.96062109    10.62347454
364    -2.09934215     0.48654831   -14.77538797
365    -2.79968889    -0.77703543   -16.07200760
366    -2.78393492     2.22326471   -15.38373269
367    -7.34581667    14.06612814    -3.52591023
368    -7.48029700    14.21888517    -1.62733162
369    -8.42181667    12.48029190    -3.98235469
370     5.91005831    13.95267275     6.51118420
371     4.97469783    13.93234222     4.82877200
372     4.52764668    14.42191734     7.80424557
373   -14.05398322    -9.56950058     2.32545959
374   -13.81811170   -11.18415893     3.33573266
375   -12.75253808    -9.69184422     0.92188918
376     0.13336518   -15.77787411     0.13488004
377     1.43488574   -15.68813754     1.55849842
378    -0.30101354   -13.95661458    -0.22198677
379    12.31347682    -2.89392717   -10.24401982
380    13.39111391    -4.47321432   -10.02475716
381    10.74812565    -3.46099979   -11.20778119
382    -2.87262259    19.11991148     0.28322000
383    -3.09531725    18.18407974     1.92263770
384    -4.38788680    20.24718830     0.18814203
385    -1.92395615    -1.93133704    16.78331885
386    -1.89057266    -2.76943403    15.05892214
387    -0.95610912    -0.27748656    16.61294147
388    17.73504593    -2.16898507     4.08443595
389    17.21546765    -0.34444348     4.26263705
390    18.99946464    -2.56894531     5.40082862
391    -0.97850255     9.66423437    -7.68141366
392     0.44095107     8.92301959    -8.73970654
393    -0.46621888    11.50374061    -7.47126385
394     5.40520591    11.53915984    -2.44495248
395     5.54249434    12.54164986    -4.09394460
396     7.21146055    11.16423394    -1.89198577
397     2.08401997     2.62377180   -12.39079562
398     0.68774750     1.87021054   -13.46494900
399     1.71902515     1.97825669   -10.58057674
400   -15.00205094    -5.18139191     4.64572592
401   -16.85960453    -4.73082322     4.61985859
402   -14.87877585    -6.96532989     3.79890442
403     3.99775792   -10.18233253    -1.20188567
404     4.44410157    -9.91336322    -3.04503976
405     5.51561599    -9.75420838    -0.16169148
406     3.50432863   -14.91007404     3.86438970
407     4.46002651   -13.64729023     4.96362523
408     4.91761249   -15.74696790     2.81334033
409    10.48049430    18.46167142     1.21366200
410    11.59540843    19.69517991     0.37609006
411     8.92772698    18.12942312     0.09465519
412   -12.55906706     0.37337620   -13.65104726
413   -14.03629661    -0.42014898   -12.66208711
414   -11.51896287    -1.13164219   -14.22420039
415     6.78114392   -17.87239898    -4.15281432
416     7.79192798   -16.28228959    -4.60622639
417     7.48355111   -19.21552664    -5.34829069
418    -3.19240460    16.66601901     4.82390957
419    -2.53141809    14.90295233     4.34064155
420    -2.85612261    16.71747808     6.71668866
421     2.29110390    14.70404916     9.94791510
422     2.24677690    13.27364437    11.18346193
423     0.54129588    15.47631020     9.97742891
424    -2.55895710    16.46138107     9.92675199
425    -2.63666857    17.98715027    11.10203198
426    -4.05458745    15.30371224    10.41024469
427    -2.59726662   -11.45182755    -5.04299825
428    -3.99337623   -11.83470162    -6.33917310
429    -1.46446392   -10.19845388    -5.93473635
430    -1.98345971     1.16285173    11.71107909
431    -1.12034879     1.90917819    13.25912430
432    -0.63574016     1.02754253    10.35943603
433    -3.39438396     4.95988509   -16.52698198
434    -2.58333029     6.60869343   -15.92858762
435    -5.29777774     5.34353927   -16.42030633
436   -10.03013209    -9.85551128    -1.01114033
437    -8.49843740   -10.62065562    -0.12095473
438    -9.70673051    -7.97934535    -1.10449971
439     5.30904021     3.43369647    15.61079018
440     6.63484203     2.04840824    15.75639349
441     6.20290154     4.86196444    14.65938730
442    11.53865869   -11.25022668    -9.69519838
443     9.94476290   -10.57801512   -10.54304620
444    12.75348984    -9.76420158    -9.74152687
445     7.28954141    -2.63857729    -6.06049314
446     7.48574812    -3.11362914    -7.90434750
447     8.17979356    -4.06494338    -5.04898175
448    -4.97698180     8.52296212   -10.56686707
449    -3.75038294     8.96395101    -9.14221256
450    -3.99318660     8.83635626   -12.16128493
451   -10.47036745    -8.99868709    11.73636259
452   -11.14124345    -9.13890991    13.50038286
453   -11.64627278    -7.76524395    10.83190754
454     2.20742792    18.14723411     1.13880962
455     2.50409791    19.16757933     2.70326702
456     0.42422252    18.60363918     0.52210000
457    16.39756042     2.75546232     4.88427262
458    17.34993540     3.29679090     3.32153110
459    15.21487892     4.24606111     5.18548051
460     8.80242909    -0.39889930   -16.21895335
461     7.77727992     1.23170340   -16.20671177
462    10.58801598     0.05244042   -15.54114922
463   -11.90866488    -0.88752045    10.24507539
464   -12.23555230     0.15223953     8.66118020
465   -10.16408979    -0.36216977    10.85622752
466   -12.61653492     2.51560898    -6.19819591
467   -13.03133126     3.74977630    -4.75580820
468   -14.07949190     1.19890836    -6.12633507
469    -8.52553397    -0.97174690    -4.73593973
470    -6.77263804    -0.17565017    -4.88627389
471    -9.79399627     0.32577897    -5.31198292
472   -17.08260784     5.73799195    -8.69590483
473   -18.51794091     5.29684238    -9.87862699
474   -15.62053281     4.60501712    -9.14405352
475   -16.29381288    -0.90741209    -5.51270942
476   -15.67171213    -2.65323056    -4.93297680
477   -17.38732826    -0.29698859    -4.02237879
478     6.85798927    -2.99965705   -20.08273393
479     7.69493712    -2.02550684   -18.62676281
480     8.00618110    -2.85805617   -21.57592578
481     6.72892097   -12.10765518     6.71755349
482     7.48226597   -12.55663052     8.48591135
483     8.20544973   -12.31571446     5.48278199
484    10.39989753    11.09080317    -1.13794657
485    10.49869555    12.02066912     0.57899018
486    11.73876387     9.70835792    -0.92819587
487    -1.02806290   -10.62058264    -0.29751077
488    -1.73083515   -10.91275554    -2.11091399
489     0.88355188   -10.37835391    -0.56996544
490   -11.49860596     2.14560839     0.97408912
491   -12.59137215     3.49462337     0.13192492
492   -12.31812788     0.48293811     0.54785555
493    12.29873057    -9.05079014    12.16178787
494    14.09805307    -9.11798569    12.76672665
495    12.08077448    -7.47916408    11.06605830
496   -13.69344853    10.83819998     3.78044013
497   -13.00899101    10.83496115     5.56917693
498   -12.15337029    11.20887719     2.65338383
499     5.03449315     3.37958389    -0.00233777
500     6.30036815     3.94155467     1.27019511
501     3.36940645     3.24917208     0.93183664
502    -0.08670567    -7.66089684    -7.07498155
503    -1.45983826    -6.32042731    -6.95990270
504     1.40073831    -6.85560344    -6.20322737
505    -8.36993836   -15.77438525     2.91438689
506    -7.47801702   -14.35242629     1.87500309
507    -6.98435463   -17.09889829     3.14183568
508     5.11413645   -15.00572099    13.93264046
509     4.33909119   -15.76806816    12.32299989
510     5.20325843   -16.50173896    15.10105159
511     1.51110482   -17.59827027    -4.41944828
512     0.79918951   -17.13877037    -2.63011158
513     3.39089319   -17.93746867    -4.20886726
514     7.35886816    -3.37350905     6.92104850
515     8.13333214    -1.90495361     5.93446181
516     6.08913178    -4.18084043     5.65082851
517    -0.94673100    -2.69248063   -10.95414029
518    -1.51026244    -1.35266816   -12.21233150
519    -0.25419741    -1.70816563    -9.45775938
520    -5.30313728     9.26231387     2.28093048
521    -3.73086211    10.35996607     2.46576582
522    -4.77605720     7.53606220     1.68898069
523     5.33195426     3.30120149     8.10331649
524     6.14317463     3.92759970     6.47529989
525     3.78846101     2.21166356     7.62056692
526     3.29478991    -8.38581466     7.67028073
527     4.55830838    -9.79425220     7.41583932
528     1.72042823    -9.26024728     8.34754145
529     5.65949722    15.38846478    -6.34072851
530     5.79798097    16.50357950    -7.87142831
531     7.38276509    14.50782802    -6.23446131
532    11.70522123    -1.77953023    -1.64809587
533     9.91449451    -1.96273508    -0.88510045
534    12.79751007    -3.16639878    -0.77190349
535     3.29854399    -5.28451110    12.00213254
536     3.60541148    -6.43782034    10.49479497
537     4.11243300    -3.59399260    11.54396937
538    -8.66140312    -5.49285373    -7.41505752
539    -7.09498750    -5.37724128    -8.48751586
540    -8.72497519    -3.81519212    -6.48488057
541     4.09766835    -5.65122234     3.47735602
542     2.48435730    -4.98566333     2.65985045
543     3.45483530    -6.60551525     5.06577651
544     2.57560292    -4.25288748    -4.36165283
545     2.49732218    -3.83829426    -2.50628303
546     4.23708755    -3.53894134    -5.00248297
547    -0.10258219     7.22402797     5.46957044
548    -1.12466173     6.94493732     7.08344869
549    -0.19858117     5.54005119     4.53178308
550   -14.58343351     6.21955733     8.40075777
551   -15.29445896     6.13996828    10.16819377
552   -13.39497874     7.72126239     8.32499741
553     6.30522745    18.29665542    -1.87025159
554     5.94105931    17.30561139    -3.48162797
555     4.65782810    18.26833838    -0.85186079
556   -10.83097213     4.06202273   -10.71872465
557   -11.47425319     2.62396041   -11.89951116
558   -11.48135521     3.50631030    -8.96973175
559    -6.19078864    13.12074273    11.12937374
560    -6.17208166    11.91276582     9.62100120
561    -6.17680262    11.95914801    12.69398247
562     5.89429948     3.72639124   -15.77449670
563     4.75627148     3.54622893   -17.33754989
564     4.61561674     3.35916402   -14.40033081
565    -1.68151230    -5.03184946    12.55102416
566     0.23707808    -5.30836283    12.47023681
567    -2.28566722    -6.52571136    13.60498795
568    13.28574785     0.62739493   -13.83211244
569    13.18579478    -0.51193329   -12.28660993
570    13.75717815     2.35269344   -13.13661193

 Atomic and electronic forces:
  1     0.00273990    -0.00727141     0.01013437    -0.00090539     0.00132804    -0.00075826
  2    -0.00368128    -0.00215449    -0.01361604     0.00048792    -0.00075884     0.00034057
  3     0.00143853     0.00709672     0.00386545     0.00054220    -0.00066854     0.00044282
  4    -0.00022710     0.00529221    -0.00842473     0.00133465     0.00199243     0.00282264
  5    -0.00595268    -0.00885121     0.00751529    -0.00066975    -0.00107370    -0.00116653
  6     0.00448066     0.00289361     0.00226503    -0.00091627    -0.00130248    -0.00187399
  7     0.00135347     0.00232358    -0.02314221    -0.00185752     0.00239692     0.00150835
  8     0.00010827    -0.00013462     0.00584821     0.00100837    -0.00137662    -0.00106306
  9    -0.00382957     0.00056550     0.01293447     0.00107238    -0.00144354    -0.00065305
 10     0.01137112    -0.00109576     0.00686637     0.00206533    -0.00093683    -0.00157706
 11    -0.00780123     0.00573433    -0.00223337    -0.00088444     0.00041727     0.00060927
 12    -0.00065747    -0.00217805    -0.00296615    -0.00128854     0.00054165     0.00079982
 13     0.01459526    -0.00846634    -0.01990358    -0.00015304     0.00286006     0.00410060
 14     0.00051700    -0.00137992     0.01632790    -0.00005586    -0.00103937    -0.00184932
 15    -0.01129302     0.00595474     0.00410506    -0.00025543    -0.00184864    -0.00256367
 16    -0.02233784    -0.00473348    -0.00074531    -0.00152511     0.00137024    -0.00125392
 17     0.00668222     0.00676248     0.00589471     0.00079577    -0.00056728     0.00065861
 18     0.01705667    -0.00196298    -0.00526207     0.00072888    -0.00076938     0.00075859
 19    -0.00314282     0.00312388     0.00047157    -0.00000092     0.00042827    -0.00205783
 20    -0.00056009    -0.00258369     0.00047426     0.00000735    -0.00012034     0.00109420
 21     0.00256513    -0.00056339    -0.00114208     0.00009507    -0.00025535     0.00102651
 22     0.00464174     0.00201303     0.00710427    -0.00149036     0.00079144     0.00004841
 23    -0.00533599    -0.00192683    -0.00234689     0.00076586    -0.00047796    -0.00006831
 24    -0.00011939     0.00250184    -0.00220994     0.00066465    -0.00038295     0.00002350
 25    -0.01177041    -0.00175710     0.01665415     0.00108354     0.00132098    -0.00213061
 26     0.00422495     0.00170718    -0.00495720    -0.00044487    -0.00056694     0.00113568
 27     0.00820503     0.00227055    -0.00822782    -0.00065350    -0.00089396     0.00130109
 28    -0.00703378     0.00676570     0.01231845    -0.00153482    -0.00194320    -0.00205798
 29    -0.00778596    -0.01337160    -0.00201826     0.00092219     0.00099488     0.00132533
 30     0.01304701     0.00561502    -0.00946161     0.00088083     0.00093074     0.00087058
 31     0.00125653     0.00705137     0.00848381    -0.00282635     0.00064258     0.00105364
 32    -0.00240424    -0.01132554    -0.00775781     0.00121110    -0.00040998    -0.00050538
 33     0.00065844     0.00310450    -0.00306247     0.00164649    -0.00041829    -0.00042990
 34    -0.00836098    -0.01417885    -0.00377611    -0.00039197     0.00137327    -0.00188585
 35     0.00513725     0.00420879     0.00217324     0.00013404    -0.00082060     0.00112311
 36     0.00179382     0.00832071     0.00227243     0.00016955    -0.00070222     0.00080158
 37     0.01419850     0.00530274     0.00245550     0.00203944     0.00309314    -0.00354750
 38    -0.00923457     0.00012957    -0.00795512    -0.00125792    -0.00143372     0.00148113
 39    -0.00431940    -0.00340625     0.00117559    -0.00140495    -0.00204853     0.00254174
 40     0.00143031     0.01082824     0.00004450     0.00026180    -0.00095892    -0.00383128
 41    -0.00629224     0.00197865    -0.00064644     0.00007910     0.00049808     0.00234441
 42    -0.00052966    -0.01330845    -0.00276592    -0.00009201     0.00068723     0.00175975
 43     0.00611920    -0.00948215    -0.01298639    -0.00736825     0.00841462     0.00021922
 44    -0.00306823     0.00315291     0.01387627     0.00321149    -0.00401069     0.00105789
 45    -0.00607975     0.00254808     0.00090839     0.00465135    -0.00328504    -0.00022340
 46     0.00319219    -0.00001923    -0.02627578     0.00236925     0.00025768     0.00602291
 47    -0.00260502     0.00443552     0.02172115    -0.00193913     0.00022960    -0.00365560
 48    -0.00052513    -0.00278170     0.00683323    -0.00126057    -0.00074846    -0.00321708
 49    -0.00120291     0.00073268     0.00015604     0.00059597     0.00890161    -0.00275277
 50     0.00441462     0.00324999    -0.00056527    -0.00134554    -0.00567164     0.00149662
 51    -0.00258647    -0.00337701     0.00277548    -0.00047850    -0.00319329     0.00093772
 52    -0.00691883     0.00092112     0.00259761     0.00015800    -0.00086122     0.00258873
 53     0.00962963    -0.00247630    -0.00624153     0.00003665     0.00033103    -0.00126548
 54    -0.00325421     0.00362569     0.00202436    -0.00015517     0.00053100    -0.00163023
 55    -0.00331535    -0.00663434     0.00550637    -0.00178712    -0.00086561    -0.00074059
 56     0.00400177     0.00332862    -0.00453770     0.00080329     0.00041986     0.00026921
 57    -0.00129840     0.00031015    -0.00011972     0.00095331     0.00056648     0.00044295
 58     0.00137659    -0.00757540     0.00385384    -0.00153686     0.00117623     0.00218813
 59     0.00147957     0.00434048    -0.00178477     0.00063012    -0.00044017    -0.00104756
 60    -0.00353980    -0.00140002    -0.00350693     0.00098832    -0.00055034    -0.00122788
 61    -0.00241903    -0.01201849    -0.00107538     0.00334673    -0.00114909     0.00289093
 62     0.00554704     0.00434138     0.00483814    -0.00215111     0.00079828    -0.00206342
 63    -0.00354026     0.00362757    -0.00396146    -0.00165391     0.00026162    -0.00132467
 64    -0.00292644    -0.00263814    -0.01352742    -0.00198933    -0.00052632     0.00115014
 65     0.00076178    -0.00736269     0.00596245     0.00108421     0.00026165    -0.00048245
 66     0.00402990     0.01007136     0.00770262     0.00105103     0.00016438    -0.00066004
 67     0.00328826     0.01109899     0.00398688     0.00203214    -0.00303414     0.00063703
 68    -0.00064722    -0.00263419    -0.00489294    -0.00078492     0.00149055    -0.00020087
 69    -0.00099412    -0.00559327     0.00041763    -0.00131142     0.00170135    -0.00017487
 70    -0.00706527    -0.01024458    -0.00029247    -0.00139838     0.00303479    -0.01018923
 71     0.01159891     0.00753813     0.00342633    -0.00036119    -0.00238211     0.00610851
 72     0.00007956     0.00499555    -0.00692458     0.00205053    -0.00197569     0.00535452
 73     0.00093088    -0.01232855    -0.01219444    -0.00833412     0.02069800     0.01138581
 74    -0.00594034     0.00489831     0.00326764     0.00522248    -0.01031942    -0.00569948
 75     0.00392258     0.00602821     0.00437818     0.00491477    -0.00737965    -0.00239779
 76     0.00788740     0.00045464    -0.00192930    -0.00053361    -0.00206297    -0.00201098
 77    -0.00647709     0.00708755     0.00066739     0.00043893     0.00100779     0.00102111
 78     0.00104028    -0.00216174     0.00052174     0.00023686     0.00101261     0.00080767
 79     0.01802937    -0.00604276     0.01802925    -0.00915617    -0.00424492    -0.01054449
 80    -0.01015896    -0.00517622    -0.01293049     0.00433042     0.00350422     0.00763698
 81    -0.01061885     0.01299026    -0.00747106     0.00449154     0.00031663     0.00516360
 82    -0.00151242     0.00004233    -0.02788362    -0.00217770     0.00458449     0.01374170
 83     0.00134403     0.00361623     0.02013471     0.00218692    -0.00451876    -0.00777523
 84    -0.00316239    -0.00581885     0.00574558     0.00197123    -0.00060223    -0.00673982
 85     0.01569933     0.00849959    -0.01056168    -0.01665659    -0.00621700    -0.00015045
 86    -0.00493935    -0.00154092     0.00172364     0.00747459     0.00074844    -0.00029806
 87    -0.00756881    -0.00355232     0.00695542     0.00731513     0.00298219     0.00241392
 88     0.01606639    -0.01561315     0.00645150    -0.00091462     0.00382275     0.00084028
 89    -0.00232171     0.01803387    -0.01174949     0.00054711    -0.00228036    -0.00076442
 90    -0.00942282    -0.00266513     0.00707111     0.00022090    -0.00198510    -0.00029524
 91    -0.00350383    -0.01354340    -0.00567752    -0.00156989     0.00092214    -0.00047348
 92     0.00226591     0.00893783     0.00266142     0.00090173    -0.00044730     0.00020887
 93     0.00242519     0.00595351     0.00298906     0.00073455    -0.00038515     0.00027840
 94     0.00607275     0.00163965     0.01008069     0.00024272    -0.00337742    -0.00223043
 95    -0.00796135     0.00011652    -0.00867611     0.00007828     0.00151355     0.00118474
 96     0.00022482    -0.00006522    -0.00127129    -0.00004028     0.00162861     0.00082654
 97     0.00547667    -0.00243839    -0.00150494    -0.00058010     0.00221928    -0.00055599
 98     0.00198932     0.00711212     0.00635168     0.00025601    -0.00102944     0.00016259
 99    -0.00797030    -0.00263024    -0.00335631     0.00042079    -0.00111408     0.00029246
100     0.01116634     0.00203649     0.01298324    -0.00622264    -0.00005714     0.00442426
101     0.00324042    -0.00840894    -0.01380161     0.00223041    -0.00016695    -0.00195278
102    -0.01612371     0.00816665     0.00221239     0.00351394     0.00049481    -0.00326394
103     0.01687813    -0.01128880    -0.00045374    -0.00041064     0.00125362     0.00204637
104     0.00184566     0.00207580     0.00114625     0.00012752    -0.00073525    -0.00100785
105    -0.01700743     0.00885494    -0.00251129     0.00029659    -0.00062707    -0.00093214
106    -0.00994345    -0.00639995    -0.00543336    -0.00090698     0.00052149     0.00191433
107     0.01201274     0.00286398     0.00708705     0.00034984    -0.00024924    -0.00097483
108    -0.00268635     0.00442369    -0.00141856     0.00050353    -0.00016252    -0.00098580
109     0.00044434     0.00453315    -0.01297520    -0.00313138    -0.00013114     0.00001111
110    -0.00171257    -0.00605807     0.00918375     0.00149508     0.00015807    -0.00014884
111     0.00074631    -0.00167812    -0.00062293     0.00152066     0.00018014     0.00013303
112     0.00763991    -0.00428455    -0.00623951     0.00015531    -0.00223563     0.00135326
113     0.00172163     0.00075246    -0.00240583     0.00006106     0.00121066    -0.00068654
114    -0.00878760     0.00067738     0.00597035    -0.00017734     0.00122582    -0.00061049
115     0.01344483     0.00877656     0.00386545    -0.00235064     0.00148219    -0.00322024
116    -0.00642379     0.00343252    -0.00201977     0.00109330    -0.00053146     0.00127618
117    -0.00572603    -0.01030355     0.00098996     0.00093754    -0.00087260     0.00141835
118    -0.01503842    -0.01012404     0.01001425     0.00116645    -0.00189248     0.00175287
119     0.01153151     0.00609182    -0.01367199    -0.00041452     0.00086426    -0.00085587
120     0.00319780     0.00418872     0.00144519    -0.00065865     0.00081517    -0.00092385
121    -0.00346972    -0.00241558    -0.00385671    -0.00180232    -0.00056749    -0.00127336
122     0.00357549     0.00705893    -0.00016850     0.00086756     0.00033874     0.00052977
123    -0.00102089    -0.00271281     0.00288224     0.00111092     0.00036097     0.00079903
124    -0.00661324     0.00347674    -0.00051439    -0.00197878     0.00020640    -0.00012662
125     0.00252695    -0.00327250     0.00461373     0.00117974    -0.00006705     0.00004795
126     0.00348017    -0.00018848    -0.00370881     0.00089673    -0.00009021    -0.00001148
127     0.00966329    -0.00177509    -0.01145946     0.00125353     0.00235966     0.00040947
128    -0.00766081     0.00301979     0.01020041    -0.00054555    -0.00124466    -0.00032216
129    -0.00057230     0.00076683     0.00143238    -0.00049831    -0.00100286    -0.00012417
130     0.00322065     0.00688784     0.00047515    -0.00229148    -0.00176842    -0.00132406
131     0.00072154    -0.00043879    -0.00602056     0.00137056     0.00086023     0.00085626
132    -0.00260488    -0.00698360     0.00419255     0.00130664     0.00101986     0.00053816
133    -0.01074235     0.01655614     0.01540432     0.00263594     0.00178748    -0.00203452
134     0.00317213    -0.01577924     0.00095593    -0.00166649    -0.00083795     0.00121950
135     0.00498490    -0.00194677    -0.01429051    -0.00105941    -0.00067171     0.00092578
136     0.01006175     0.00263161    -0.00485103    -0.00425237    -0.00346817     0.00229137
137    -0.00801002    -0.00040526     0.00411865     0.00247917     0.00143221    -0.00097633
138    -0.00313556    -0.00398220     0.00151251     0.00276090     0.00259337    -0.00168312
139     0.00217187     0.00107975     0.00901071    -0.00204716    -0.00141223    -0.00339093
140    -0.00338761    -0.00067225    -0.00883886     0.00075730     0.00052167     0.00138831
141     0.00360067     0.00264519     0.00055354     0.00101855     0.00066531     0.00215983
142     0.00599379     0.01059853    -0.00024740    -0.00082183     0.00114310     0.00146917
143    -0.00144766    -0.00839329    -0.00614489     0.00053290    -0.00059637    -0.00084744
144    -0.00323440     0.00113266     0.00675443     0.00036050    -0.00045620    -0.00065828
145    -0.00052636     0.00080474    -0.00228965    -0.00092779    -0.00131110     0.00148033
146     0.00281311     0.00404183    -0.00158466     0.00045130     0.00061607    -0.00060517
147    -0.00151951    -0.00483350     0.00482190     0.00061091     0.00079616    -0.00087204
148     0.00493343    -0.00177897    -0.00096619    -0.00052764     0.00115709    -0.00087260
149    -0.00198496     0.00191966    -0.00067148     0.00023419    -0.00049717     0.00036833
150    -0.00413574     0.00142445     0.00269596     0.00033569    -0.00062730     0.00043230
151    -0.00354390    -0.00315795    -0.00004344    -0.00098510     0.00076665    -0.00153520
152    -0.00238858    -0.01045015     0.00437969     0.00044315    -0.00040071     0.00065711
153     0.00479327     0.01302633    -0.00478002     0.00059784    -0.00035745     0.00077595
154    -0.00550443     0.00110223    -0.00301676     0.00011529     0.00191704     0.00198032
155     0.00556781     0.00186356     0.00576396    -0.00002050    -0.00120097    -0.00126244
156    -0.00083505    -0.00195168    -0.00201549    -0.00020272    -0.00092097    -0.00095929
157    -0.00064478     0.00518003    -0.00089472     0.00658667    -0.00720292     0.00092613
158     0.00466128    -0.00198921     0.00360405    -0.00296779     0.00249961    -0.00074908
159     0.00185395    -0.00365313    -0.00004664    -0.00403317     0.00500796    -0.00155851
160     0.00300590     0.00025098     0.00739942     0.00372478     0.00050546     0.00243174
161     0.00273584     0.00507413    -0.00489368    -0.00257970    -0.00035904    -0.00159051
162    -0.00114173    -0.00252319    -0.00135404    -0.00173941    -0.00035198    -0.00089002
163    -0.00742426     0.00374407     0.01993353    -0.00097179    -0.00061571    -0.00206338
164     0.00463363     0.00333437    -0.00846499     0.00040884     0.00021679     0.00105680
165     0.00037579    -0.01020322    -0.01046672     0.00039991     0.00032670     0.00088328
166    -0.00208219     0.00494473    -0.00295101     0.00138260     0.00023651     0.00278266
167     0.00005394    -0.00244564     0.00013914    -0.00058150     0.00002187    -0.00125665
168    -0.00068304    -0.00240372     0.00233457    -0.00085858    -0.00010479    -0.00181195
169     0.00334343     0.00282222    -0.00474060    -0.00153653    -0.00003793    -0.00095699
170    -0.00046643    -0.00269929     0.00228248     0.00080635     0.00009976     0.00052996
171    -0.00171630    -0.00132982     0.00516615     0.00085545     0.00000000     0.00043760
172    -0.00550831    -0.00285927    -0.00827757    -0.00029778     0.00148740    -0.00123675
173     0.00034292     0.00434249     0.00805606     0.00013362    -0.00087773     0.00062193
174     0.00606587    -0.00065071    -0.00117139     0.00020829    -0.00068755     0.00054529
175     0.00485457    -0.01226605    -0.00065453    -0.00192624     0.00015449     0.00041373
176    -0.00254129     0.01028199    -0.00094070     0.00087949    -0.00014515    -0.00018813
177    -0.00176346    -0.00079229     0.00058727     0.00112581    -0.00010820    -0.00030110
178     0.00130534     0.01764767    -0.00210429    -0.00163597     0.00054104     0.00033555
179     0.00059186    -0.00470908     0.00175819     0.00083515    -0.00031633    -0.00024529
180    -0.00313645    -0.01245609     0.00075045     0.00077811    -0.00031793    -0.00011571
181    -0.00731833     0.00160257     0.01089609     0.00013306    -0.00158959    -0.00256532
182     0.00149706    -0.00263086    -0.00671220    -0.00002339     0.00063213     0.00105544
183     0.00373697    -0.00099171    -0.00101266     0.00006245     0.00096008     0.00130125
184    -0.00620307    -0.01098263     0.00863818    -0.00180790     0.00287365     0.00322101
185    -0.00125236     0.00334014     0.00155970     0.00065706    -0.00148014    -0.00190047
186     0.00761217     0.00765902    -0.00933783     0.00089485    -0.00104555    -0.00146663
187    -0.00018901    -0.01816477    -0.00091842     0.00015642     0.00238765    -0.00299011
188    -0.00031065     0.00233493     0.00017433    -0.00034321    -0.00136820     0.00159171
189     0.00231843     0.01101250     0.00251553    -0.00004057    -0.00106682     0.00176806
190     0.00063316    -0.00857268     0.00093875    -0.00220282     0.00081077    -0.00023301
191    -0.00038456     0.00022733    -0.00623622     0.00097970    -0.00041273     0.00002749
192     0.00172429     0.00464623     0.00168338     0.00105909    -0.00027761     0.00010402
193    -0.00093621    -0.01768262    -0.00476451    -0.00662525     0.00334734    -0.00678017
194     0.00106718     0.01496904    -0.00067254     0.00316115    -0.00279472     0.00311736
195    -0.00204191    -0.00079826     0.00400671     0.00210470    -0.00117209     0.00254675
196     0.00353627     0.01329994    -0.00616347     0.00111991     0.00145561    -0.00127898
197    -0.00706487    -0.01281418    -0.00350403    -0.00058145    -0.00075417     0.00079593
198     0.00300824    -0.00230687     0.00806546    -0.00043617    -0.00063104     0.00056058
199     0.00204286     0.00634222    -0.00438424     0.00137725     0.00100978     0.00137485
200    -0.00201096    -0.00243899     0.00126220    -0.00079458    -0.00046520    -0.00080388
201    -0.00092522    -0.00215682     0.00203563    -0.00056875    -0.00048242    -0.00069265
202     0.01258912     0.00054138    -0.01678095    -0.00089113    -0.00310944     0.00310490
203    -0.01488683     0.00190357     0.00260085     0.00069695     0.00136445    -0.00152924
204     0.00246700    -0.00138013     0.01043045     0.00023510     0.00122685    -0.00138237
205    -0.00345117    -0.00862736    -0.00331748     0.00544036     0.00585186     0.00281185
206    -0.00133845     0.00483835     0.00368918    -0.00192294    -0.00314677    -0.00119731
207     0.00180607     0.00054767    -0.00010528    -0.00214075    -0.00198710    -0.00093905
208    -0.01039102    -0.00053051    -0.00338762     0.00610533    -0.00433117    -0.00338386
209     0.00775747     0.00491482    -0.00507920    -0.00236581     0.00252094     0.00190834
210     0.00155435    -0.00200971     0.00765997    -0.00356773     0.00275339     0.00109405
211    -0.01161985    -0.00534885    -0.00533398     0.00157283     0.00157170     0.00105907
212     0.00339279     0.00101322     0.00237771    -0.00077172    -0.00068623    -0.00061281
213     0.00611775     0.00443410     0.00332734    -0.00067172    -0.00067219    -0.00040499
214    -0.03094458    -0.01651117     0.01154316     0.02429493    -0.00174427    -0.00035508
215     0.00716131     0.00479661    -0.00324932    -0.01182873    -0.00312321     0.00150408
216     0.02476332     0.01315060    -0.00750001    -0.01111061     0.00468249    -0.00184734
217    -0.00775738     0.00552037    -0.00998694     0.00366734     0.00070384    -0.00076887
218     0.00575481    -0.00234830     0.00798588    -0.00179158    -0.00039250     0.00063237
219     0.00132152    -0.00130128    -0.00074733    -0.00237940    -0.00030706     0.00039917
220     0.01823232    -0.00470657    -0.00956795     0.00113137     0.00220682     0.00161719
221    -0.01385687     0.00144571     0.00843151    -0.00068612    -0.00103419    -0.00070035
222     0.00048380     0.00204138     0.00101481    -0.00048649    -0.00122726    -0.00071438
223     0.01416013     0.00857096    -0.00814984    -0.00775806    -0.01122451     0.00579790
224    -0.01032326    -0.00373909     0.00132021     0.00634397     0.00582160    -0.00248629
225    -0.00557664    -0.00275408     0.00555429     0.00268912     0.00565374    -0.00133838
226     0.00413997    -0.00149999     0.00530344     0.00153625    -0.00258794    -0.00135393
227    -0.00779472     0.00321749     0.00125122    -0.00095177     0.00163094     0.00094977
228     0.00465182    -0.00171756    -0.00527587    -0.00077083     0.00106637     0.00070583
229    -0.01384150    -0.00674173    -0.00606527    -0.00182401     0.00171493    -0.00069946
230     0.01125904     0.00118117     0.00307037     0.00085480    -0.00068125     0.00029072
231    -0.00273925     0.00094235     0.00111677     0.00091059    -0.00085188     0.00050088
232     0.00590443     0.00217735     0.00772618     0.00348056    -0.00139258    -0.00134968
233    -0.01493540    -0.00257186    -0.00634851    -0.00218110     0.00101740     0.00094793
234     0.00876782     0.00066267    -0.00133277    -0.00185472     0.00066696     0.00043370
235    -0.00656231     0.00730107     0.01070650    -0.00183845     0.00201287     0.00002508
236    -0.00242860    -0.00148838    -0.01201419     0.00098640    -0.00098167     0.00012525
237     0.00863187    -0.00405816     0.00478539     0.00106915    -0.00128702    -0.00007190
238    -0.00626542     0.01540680     0.01144188     0.00416366    -0.00253910     0.00166876
239     0.00160954    -0.00489701    -0.01304728    -0.00204119     0.00104073    -0.00115232
240     0.00488558    -0.00996085     0.00211481    -0.00155780     0.00112400    -0.00067414
241    -0.00517013    -0.00037575     0.00732166     0.00115260     0.00205397    -0.00090187
242    -0.00317123     0.00510582    -0.00068801    -0.00072573    -0.00113871     0.00039654
243     0.00410270    -0.00181661    -0.00928479    -0.00062480    -0.00095775     0.00055590
244    -0.00662321     0.00380496    -0.01952931     0.00191301     0.00157571    -0.00084084
245     0.00411367     0.00114652     0.01163181    -0.00078772    -0.00070290     0.00044198
246     0.00168240    -0.00226767     0.00400493    -0.00114574    -0.00088449     0.00060056
247     0.00256884    -0.01697910     0.01459211     0.00591962     0.00670516    -0.01021603
248    -0.00091554     0.00781583    -0.00516357    -0.00369177    -0.00180394     0.00513901
249     0.00160904     0.00487891    -0.00750672    -0.00417499    -0.00518956     0.00476365
250    -0.00365730     0.00275749     0.00478773     0.00092539    -0.00280349     0.00008410
251     0.00016464     0.00211431    -0.01125745    -0.00045599     0.00143186     0.00012985
252     0.00145693    -0.00705439     0.00518766    -0.00033628     0.00116510    -0.00005304
253    -0.00127927    -0.00097432     0.00239084    -0.00118067    -0.00005078     0.00211199
254    -0.00069665     0.00208330    -0.00179149     0.00053770     0.00011291    -0.00093660
255     0.00041987    -0.00246123    -0.00217880     0.00051351     0.00003104    -0.00118926
256     0.00059868    -0.00218309    -0.01024960     0.00192803     0.00069320     0.00209379
257    -0.00069888    -0.00289543     0.00224193    -0.00088646    -0.00028779    -0.00119830
258     0.00077918     0.00317188     0.00969828    -0.00125556    -0.00034458    -0.00116049
259    -0.00200649    -0.01234632    -0.00908368     0.00301660     0.00229705     0.00105348
260     0.00214265     0.00946910     0.01006597    -0.00117884    -0.00102467    -0.00054588
261     0.00115284     0.00419510    -0.00160898    -0.00141442    -0.00110029    -0.00026963
262     0.01150290    -0.00372252    -0.00369038    -0.00952464     0.00241267     0.00159153
263    -0.00591898    -0.00066870     0.00079830     0.00440010    -0.00085510    -0.00167191
264    -0.00404156     0.00379968     0.00003713     0.00335998    -0.00082472    -0.00037318
265     0.00499548     0.01599197     0.00995683    -0.00006657    -0.00160322     0.00230334
266    -0.00581898    -0.01092029    -0.00908846    -0.00002869     0.00066225    -0.00120076
267     0.00497844    -0.00670961    -0.00016296    -0.00007046     0.00081032    -0.00101280
268     0.00194123     0.00208040     0.00633671    -0.00052172    -0.00017570    -0.00199853
269    -0.00198353     0.00177645    -0.00663318     0.00022131     0.00004467     0.00084793
270     0.00430635    -0.00066302    -0.00018348     0.00017277     0.00009439     0.00107414
271     0.01190571     0.02261758    -0.02032828     0.00446371    -0.00123102     0.00014853
272    -0.00469639    -0.00731372    -0.00164673    -0.00196947     0.00033562    -0.00019003
273    -0.00875097    -0.01378682     0.01883702    -0.00221014     0.00086219    -0.00031228
274    -0.00502331    -0.01303383    -0.00253574    -0.00267392    -0.00060097    -0.00071649
275     0.00392430     0.00002794     0.00149528     0.00167478     0.00043921     0.00044266
276     0.00200108     0.01270922     0.00304824     0.00115333     0.00037336     0.00036081
277     0.00182054     0.00027437     0.00417937    -0.00531560    -0.00158519    -0.00084209
278    -0.00479920    -0.00155755    -0.00441260     0.00293639     0.00080794    -0.00002116
279    -0.00203628    -0.00032511    -0.00255334     0.00306783     0.00051688     0.00076058
280     0.00508288    -0.00467554     0.01227087     0.00001992    -0.00016344    -0.00235234
281    -0.00267710    -0.00134118    -0.00159647    -0.00010224     0.00007617     0.00105911
282    -0.00283804     0.00507989    -0.01272609    -0.00004047     0.00017568     0.00141616
283     0.00874724    -0.01105009    -0.00302778    -0.00578012    -0.00311497     0.01010411
284    -0.00614109     0.00484958     0.00724534     0.00307031     0.00319061    -0.00500905
285    -0.00170957     0.00406077    -0.00250054     0.00165689     0.00117369    -0.00357966
286    -0.01060538    -0.00464960    -0.00894732     0.00931376     0.00216437     0.00446031
287     0.00327454     0.00111168    -0.00136584    -0.00401987    -0.00205001    -0.00200191
288     0.00762843     0.00274271     0.00545567    -0.00648756    -0.00100381    -0.00183234
289    -0.00297722     0.00201184     0.00606246     0.00037866     0.00359973     0.00032082
290    -0.00205246     0.00373308    -0.00591851    -0.00033508    -0.00196558     0.00003789
291     0.00192314    -0.00374747    -0.00112385    -0.00009464    -0.00146082    -0.00008018
292    -0.01497103    -0.01496889     0.00322330     0.00159299     0.00605001     0.00200260
293     0.01162566     0.00704460    -0.00280751    -0.00030902    -0.00336796    -0.00140082
294    -0.00113269     0.00708187    -0.00068819    -0.00052438    -0.00250910    -0.00055871
295     0.00271374    -0.00150784    -0.00614046     0.00247050     0.00090572    -0.00003112
296     0.00550574     0.00048665     0.00294014    -0.00146328    -0.00045577     0.00012691
297    -0.00998366     0.00021547     0.00325135    -0.00104275    -0.00034116     0.00004724
298     0.01615635     0.01049498     0.00016053    -0.00299216    -0.00376684     0.00025703
299    -0.00784958    -0.00494062     0.00225490     0.00162100     0.00253406    -0.00000447
300    -0.00335667    -0.00454618    -0.00220799     0.00173197     0.00193171    -0.00049119
301     0.00185137     0.00300023    -0.00061489     0.00145645     0.00088726    -0.00160478
302    -0.00798862    -0.00419536     0.00101890    -0.00061327    -0.00040522     0.00065231
303     0.01073460     0.00011435    -0.00253023    -0.00067942    -0.00052486     0.00091788
304     0.00033410     0.00498987     0.00092303    -0.00133937    -0.00031097    -0.00161243
305     0.00502690    -0.00137798    -0.00314417     0.00063394     0.00021607     0.00090786
306    -0.00613665    -0.00106264     0.00222653     0.00075474     0.00022346     0.00077438
307    -0.00022313    -0.01049752     0.00967921     0.00237550     0.00185583    -0.00013097
308     0.00094004     0.00262154     0.00222084    -0.00124972    -0.00076280     0.00005444
309     0.00263468     0.00106450    -0.00813703    -0.00107251    -0.00088197     0.00020664
310    -0.01234738    -0.01051225    -0.00276411    -0.00044959    -0.00197135    -0.00110302
311     0.00619821    -0.00135387     0.00549435     0.00018732     0.00115197     0.00053381
312     0.00673631     0.00893341    -0.00290986     0.00024207     0.00086886     0.00043284
313    -0.00250190     0.00022740    -0.00272855    -0.00479211    -0.00128252     0.00136858
314     0.00869939    -0.00106975    -0.00361465     0.00184729     0.00042217    -0.00056979
315    -0.00287868     0.00329633     0.00690155     0.00279396     0.00050450    -0.00113209
316    -0.01314266    -0.01310072     0.00105923    -0.00068222    -0.00324546     0.00145836
317    -0.00220349     0.01134381     0.01032776     0.00045593     0.00173945    -0.00102696
318     0.01138081    -0.00049689    -0.00821857     0.00020743     0.00194011    -0.00071099
319    -0.00720041    -0.00401412     0.01354838     0.00226996    -0.00448038    -0.00374723
320     0.00582042     0.00237510    -0.00386376    -0.00061547     0.00214991     0.00162261
321    -0.00141667    -0.00029677    -0.00961970    -0.00102152     0.00163085     0.00180337
322     0.00466300     0.00430141     0.00675133    -0.00153471    -0.00128175     0.00043201
323    -0.00250122    -0.00190881    -0.00327923     0.00073583     0.00062784    -0.00030742
324     0.00045467    -0.00147691    -0.00369801     0.00076687     0.00076243    -0.00019530
325    -0.01126632    -0.00183372     0.00792021     0.00157408    -0.00060169    -0.00359153
326     0.01650373    -0.00134570    -0.00154781    -0.00056347     0.00035985     0.00199499
327    -0.00095372     0.00131320    -0.00640069    -0.00066837     0.00009740     0.00153594
328    -0.01173610    -0.00110513     0.00550341    -0.00082344    -0.00126265     0.00235557
329     0.00346600    -0.00606861    -0.00084256     0.00026484     0.00068452    -0.00117103
330     0.00575224     0.00622464    -0.00154230     0.00042935     0.00062463    -0.00097969
331     0.01294706     0.00922614    -0.01163566    -0.00138813    -0.00138623     0.00100304
332    -0.01105286    -0.00535248     0.01070198     0.00079890     0.00088168    -0.00054906
333    -0.00369659    -0.00355733     0.00007211     0.00076135     0.00064758    -0.00060059
334     0.00434224     0.00825715     0.00113169     0.00196579    -0.00184044     0.00109755
335    -0.00188136    -0.00273084     0.00487069    -0.00087223     0.00089559    -0.00066750
336    -0.00318662    -0.00840608    -0.00584710    -0.00099406     0.00111460    -0.00049145
337     0.00312094    -0.01020576    -0.00404341    -0.00035210     0.00083204     0.00298317
338    -0.00524910     0.01240127     0.00414585     0.00019683    -0.00052671    -0.00132638
339     0.00149167     0.00128341     0.00051025    -0.00000972    -0.00041360    -0.00150013
340     0.00202313     0.00884290    -0.00980171     0.00412668     0.00077856    -0.00273664
341     0.00212108     0.00110865    -0.00036705    -0.00180177    -0.00011035     0.00144530
342    -0.00295246    -0.00980373     0.01251412    -0.00276104    -0.00030771     0.00146752
343     0.00399529    -0.00978219     0.01175640    -0.00350408     0.00680450    -0.00417013
344    -0.00068666     0.00612131    -0.00305809     0.00104916    -0.00248211     0.00169369
345    -0.00218077     0.00668576    -0.00816886     0.00127690    -0.00446322     0.00202125
346     0.00191012    -0.01005654    -0.01042042    -0.00145266     0.00128763     0.00086463
347     0.00383725     0.00370756     0.00324710     0.00059351    -0.00060803    -0.00039957
348    -0.00601400     0.00600621     0.00739743     0.00083802    -0.00081728    -0.00053442
349     0.00087366    -0.00841766     0.00848253     0.00133091    -0.00181814    -0.00293972
350    -0.00237195    -0.00160021    -0.00275075    -0.00042059     0.00089363     0.00142851
351     0.00056018     0.01057459    -0.00577747    -0.00073124     0.00071477     0.00160520
352     0.01490720    -0.01221298    -0.02190966    -0.00021056     0.00227316    -0.00113125
353     0.00347438     0.00421977     0.00259941    -0.00002152    -0.00117882     0.00053086
354    -0.01251083     0.01056401     0.01694501     0.00018539    -0.00114970     0.00045777
355    -0.00612104    -0.00584758    -0.01084788    -0.00082963    -0.00243301     0.00040977
356    -0.00068318     0.00266160     0.00771715     0.00038347     0.00137468    -0.00010562
357     0.00561278     0.00554782     0.00294179     0.00040091     0.00131059    -0.00035725
358    -0.01035315     0.00354289    -0.01207512    -0.00246143     0.00044208     0.00302212
359     0.00435396    -0.00220627     0.00526942     0.00096302    -0.00007662    -0.00132348
360     0.00839240    -0.00349528     0.00602988     0.00125451    -0.00036598    -0.00191898
361     0.00351787     0.00221948    -0.00878501    -0.00202401    -0.00212711     0.00240269
362    -0.00392372    -0.00099405     0.00737075     0.00136989     0.00135131    -0.00128329
363    -0.00148953    -0.00158230     0.00087237     0.00100956     0.00079825    -0.00107482
364    -0.00729635     0.00000067    -0.01128728    -0.00081124     0.00039213    -0.00307190
365     0.00467038     0.00578488     0.00790653     0.00037674    -0.00005503     0.00131662
366     0.00405059    -0.00743401     0.00502254     0.00039355    -0.00030772     0.00132495
367    -0.00597958    -0.01379527    -0.00530663    -0.00118264     0.00197801    -0.00051273
368    -0.00428033    -0.00122206    -0.00083361     0.00061370    -0.00102121     0.00013910
369     0.00765635     0.01568564     0.00850680     0.00073058    -0.00098347     0.00031542
370    -0.00883418     0.00247418    -0.00252675     0.00064464     0.00256059     0.00097351
371     0.00234206    -0.00123794     0.00047688    -0.00028062    -0.00146148    -0.00039845
372     0.00625704    -0.00053838     0.00113326    -0.00018611    -0.00118290    -0.00053277
373    -0.00150662     0.00699333    -0.00082110    -0.00221881    -0.00111151     0.00024457
374    -0.00152279    -0.00795560     0.00324896     0.00098041     0.00059772    -0.00017163
375     0.00171139    -0.00156024    -0.00176279     0.00125224     0.00069259    -0.00003191
376     0.00566232    -0.00666245     0.00256874    -0.00052017    -0.00390929    -0.00012033
377    -0.00277317    -0.00035073    -0.00065686     0.00008366     0.00202990    -0.00014111
378    -0.00580695     0.00495972    -0.00105027     0.00047399     0.00251279     0.00015989
379    -0.00276883    -0.00035928     0.00212069     0.00247734    -0.00032576    -0.00257697
380     0.00190131    -0.00333323    -0.00023768    -0.00117133     0.00030038     0.00108271
381    -0.00109131     0.00061698     0.00074029    -0.00110639     0.00024268     0.00147533
382     0.00282632     0.00346133    -0.01115921    -0.00041604     0.00176989    -0.00002292
383    -0.00000986    -0.01038010     0.01859978     0.00024535    -0.00095170    -0.00006615
384    -0.00307615     0.00606608    -0.00363564     0.00022369    -0.00076447     0.00001270
385     0.00156753     0.00158835     0.00294899    -0.00070611    -0.00007239     0.00285506
386     0.00152852    -0.00231316    -0.00367263     0.00048051     0.00015086    -0.00174533
387    -0.00002827     0.00086342     0.00080916     0.00028579    -0.00011766    -0.00150773
388    -0.01114133    -0.01087813    -0.01659215     0.00304472    -0.00012706     0.00066012
389     0.00004756     0.00922358     0.00511573    -0.00160764    -0.00012217    -0.00037836
390     0.00978337     0.00018328     0.01088060    -0.00125438     0.00007785    -0.00034904
391    -0.00255847    -0.01136128     0.00516079    -0.00082971     0.00320634    -0.00234520
392     0.00255557    -0.00365436    -0.00623957     0.00021740    -0.00155125     0.00137387
393    -0.00184072     0.00928813     0.00139265     0.00026491    -0.00144346     0.00088444
394    -0.00296636    -0.00043348    -0.00905605     0.00105633     0.00399320    -0.00091968
395    -0.00089429    -0.00305266     0.01054253    -0.00041591    -0.00162459     0.00053695
396     0.00715209     0.00316627    -0.00219781    -0.00079016    -0.00190839     0.00037259
397     0.00275845    -0.00044614     0.01776936     0.00005839     0.00133791    -0.00421066
398    -0.00548967    -0.00195057    -0.00482988     0.00016738    -0.00045462     0.00190267
399     0.00133323     0.00503418    -0.01308444     0.00004447    -0.00089567     0.00288473
400    -0.00042232    -0.01546760    -0.00835064    -0.00242058    -0.00052408     0.00058135
401     0.00006941     0.00172073     0.00187945     0.00102880     0.00017637    -0.00022155
402     0.00214679     0.01431678     0.00762655     0.00117368     0.00037937    -0.00022521
403    -0.02157347     0.00075711    -0.00856875     0.00223698    -0.00946750    -0.00193690
404     0.00339106    -0.00264961     0.00053689    -0.00119547     0.00402524     0.00175417
405     0.01567675     0.00219781     0.00615962    -0.00199675     0.00456296     0.00039295
406     0.01507333    -0.00313963    -0.00844833     0.00046098    -0.00409628     0.00100583
407     0.00083666     0.00127658     0.00257467    -0.00044939     0.00220174    -0.00079608
408    -0.00957326     0.00202610     0.00443959    -0.00038003     0.00184314    -0.00028941
409    -0.01654105    -0.02217983     0.00959879     0.00067795     0.00159336     0.00004890
410     0.00638055     0.01170268    -0.01080951    -0.00031184    -0.00068771     0.00000718
411     0.00823709     0.00998535     0.00040521    -0.00031426    -0.00088819     0.00002251
412    -0.00407759     0.00141315     0.01040207    -0.00140139     0.00017758    -0.00136548
413     0.00279694     0.00340861    -0.00617875     0.00073174    -0.00004794     0.00060183
414     0.00074190    -0.00589212    -0.00402160     0.00069148    -0.00001727     0.00075515
415     0.00559354    -0.01418556    -0.00300151     0.00071092    -0.00241722    -0.00070137
416    -0.00029554     0.00425919    -0.00524756    -0.00051493     0.00130326     0.00045927
417    -0.00724886     0.00911342     0.00895442    -0.00030712     0.00098606     0.00033103
418     0.01054102    -0.01473364    -0.00549297    -0.00058155     0.00203836     0.00047751
419    -0.00593795     0.00743041    -0.00260232     0.00034876    -0.00126518    -0.00029116
420    -0.00421196     0.00562983     0.00397437     0.00025454    -0.00095527    -0.00032172
421     0.00376622     0.00834745    -0.01152614     0.00003320     0.00201702     0.00115997
422     0.00185918    -0.01162133     0.01182512    -0.00001452    -0.00100755    -0.00071894
423    -0.00625696     0.00204034    -0.00145706     0.00008206    -0.00094320    -0.00052004
424    -0.00326147     0.00981801     0.01017810    -0.00041690     0.00163935     0.00085126
425    -0.00210260    -0.01224679    -0.00797655     0.00016411    -0.00068851    -0.00037101
426     0.00505788     0.00340280    -0.00010291     0.00029264    -0.00081095    -0.00047350
427    -0.02115072    -0.01146820    -0.00060724    -0.00202462    -0.00432596    -0.00245152
428     0.01240878     0.00077272     0.01061541     0.00094198     0.00161085     0.00107895
429     0.00813162     0.00890116    -0.00730510     0.00096831     0.00239991     0.00180910
430    -0.00302114     0.00048108    -0.00047341    -0.00185406     0.00122938     0.00504610
431    -0.00041892    -0.00078872     0.00230498     0.00053649    -0.00057602    -0.00211114
432     0.00058398     0.00221793    -0.00085561     0.00098136    -0.00092356    -0.00347792
433    -0.00412413     0.00854595     0.00139185    -0.00063553     0.00076698    -0.00203044
434     0.00240246    -0.00248698    -0.00219028     0.00027475    -0.00049193     0.00099985
435     0.00490522    -0.00252779     0.00133477     0.00039092    -0.00036807     0.00091391
436    -0.00648422    -0.00879112    -0.00472103    -0.00305298    -0.00210707    -0.00039057
437     0.00089339    -0.00381670     0.00077090     0.00159136     0.00136922     0.00009967
438     0.00269593     0.01360748     0.00035391     0.00194344     0.00107005     0.00026889
439     0.00238019     0.00032118    -0.00480378     0.00063558     0.00096918     0.00292412
440    -0.00027356     0.00251658     0.00148619    -0.00044344    -0.00034478    -0.00145981
441    -0.00030294    -0.00271649     0.00131774    -0.00041927    -0.00064560    -0.00141523
442    -0.00466437    -0.00023711    -0.00206604     0.00156973    -0.00158829    -0.00168188
443    -0.00080363    -0.00248578     0.00042124    -0.00074142     0.00083780     0.00103126
444     0.00440620     0.00000269     0.00261037    -0.00089238     0.00067842     0.00085191
445    -0.00194320    -0.01504356     0.01273024     0.00675707    -0.00138504    -0.00828326
446     0.00290292     0.00216307    -0.00054262    -0.00209636     0.00059627     0.00317671
447    -0.00305018     0.01303098    -0.01069791    -0.00368638     0.00145850     0.00329307
448    -0.00316059    -0.00649811     0.00898085    -0.00126512     0.00183138    -0.00202477
449     0.00206688     0.00352306    -0.00241108     0.00064693    -0.00119140     0.00109763
450     0.00574728     0.00371105    -0.01083051     0.00046152    -0.00080379     0.00098628
451     0.00667544    -0.00274518    -0.00216659    -0.00165283    -0.00098702     0.00146955
452    -0.00181994    -0.00049027     0.00407788     0.00067913     0.00039231    -0.00066407
453    -0.00612109     0.00404349    -0.00250093     0.00092908     0.00042395    -0.00069435
454    -0.00793982    -0.00367795    -0.00794798     0.00002438     0.00210810     0.00006092
455     0.00009734     0.00517450     0.00580853    -0.00002355    -0.00094125    -0.00009668
456     0.00505510    -0.00098623     0.00279750     0.00007739    -0.00100255     0.00000193
457    -0.00995991     0.00266773     0.00573634     0.00307787     0.00090740     0.00089695
458     0.00852880     0.00255824    -0.00884469    -0.00144424    -0.00045041    -0.00024942
459    -0.00093505    -0.00144452     0.00132365    -0.00156596    -0.00067934    -0.00053207
460     0.01723741    -0.00399912     0.00732571     0.00093690     0.00015109    -0.00228601
461     0.00109640     0.00579035     0.00223352    -0.00041398    -0.00019354     0.00118532
462    -0.01261011    -0.00064543    -0.00633542    -0.00057466    -0.00010376     0.00106813
463     0.00644075    -0.00095200     0.00234495    -0.00232170     0.00010166     0.00160771
464    -0.00438756     0.00174476    -0.00316472     0.00130326    -0.00015011    -0.00073855
465    -0.00240501    -0.00231273     0.00090676     0.00122162    -0.00011392    -0.00102668
466    -0.01584426    -0.00024486     0.01577279    -0.00262354     0.00071292    -0.00120167
467     0.00421285    -0.00906624    -0.01259592     0.00130934    -0.00045401     0.00045731
468     0.01282681     0.00872681    -0.00094104     0.00120875    -0.00019973     0.00049819
469     0.01281947    -0.00644044     0.00390316    -0.00523901     0.00021417    -0.00259011
470    -0.00833970     0.00256213    -0.00245878     0.00321538    -0.00044300     0.00196106
471    -0.00540861     0.00730177    -0.00261872     0.00207091    -0.00030706     0.00101653
472    -0.00253861    -0.00195312    -0.00483866    -0.00139128     0.00052643    -0.00067197
473     0.00484971     0.00199524     0.00500607     0.00060967    -0.00020148     0.00030914
474    -0.00142249     0.00068966     0.00001220     0.00078046    -0.00026942     0.00042796
475    -0.00809460     0.00069202     0.01265431    -0.00208621     0.00006387    -0.00068685
476     0.00312092     0.00252789    -0.00379240     0.00113610     0.00007618     0.00034989
477     0.00425267    -0.00105842    -0.01029763     0.00099978    -0.00006054     0.00023393
478    -0.00475782     0.00236481     0.00677722     0.00041760    -0.00012701    -0.00175392
479    -0.00001762    -0.00311787    -0.00353212    -0.00029337     0.00002649     0.00097753
480     0.00263581     0.00012160    -0.00234636    -0.00020443     0.00004557     0.00074665
481     0.00558632    -0.00218429     0.01142593     0.00171224    -0.00381356     0.00220115
482    -0.00421478     0.00548907    -0.01409554    -0.00071983     0.00144566    -0.00102992
483    -0.00468262    -0.00241890     0.00266164    -0.00106699     0.00184411    -0.00083382
484     0.00683477    -0.01072072     0.01369017     0.00192553     0.00287950    -0.00039917
485    -0.00537350     0.00166965    -0.00784261    -0.00085131    -0.00135270     0.00000420
486    -0.00323413     0.00758117    -0.00233121    -0.00119290    -0.00137031     0.00018919
487     0.00315202     0.00208812    -0.01222894    -0.00284084    -0.00825884    -0.00076851
488     0.00242932     0.00034612     0.00785824     0.00136251     0.00335287     0.00095708
489    -0.00223582    -0.00353784    -0.00055794     0.00064405     0.00493461     0.00063134
490     0.01115433     0.01958748     0.00322733    -0.00400229     0.00106696     0.00014228
491     0.00082232    -0.00303627     0.00145944     0.00162848    -0.00055319     0.00004052
492    -0.01025845    -0.01533935    -0.00091029     0.00193635    -0.00026155    -0.00000649
493    -0.00225228    -0.00258706    -0.00010052     0.00165363    -0.00120982     0.00184534
494    -0.00124827     0.00319535    -0.00184152    -0.00075309     0.00047308    -0.00075327
495     0.00293101     0.00017987     0.00227631    -0.00107217     0.00063472    -0.00110416
496     0.00690416     0.00240822    -0.00268511    -0.00154955     0.00121816     0.00032060
497    -0.00074368    -0.00041957     0.00169600     0.00076044    -0.00062490    -0.00025463
498    -0.00495057    -0.00132413     0.00074628     0.00082665    -0.00074260    -0.00012430
499    -0.01857307    -0.02104131    -0.01252065     0.01083880     0.01723460    -0.00230010
500     0.01879395     0.01207657     0.01420272    -0.00452946    -0.00577520    -0.00052740
501    -0.00056276     0.00777871     0.00290283    -0.00304866    -0.01042172    -0.00069567
502    -0.00697845     0.00316195    -0.00282294    -0.00165580    -0.00487936    -0.00611004
503    -0.00070882    -0.00550441    -0.00303677     0.00158454     0.00221233     0.00345024
504     0.00747791     0.00215123     0.00124124     0.00035419     0.00324500     0.00417534
505     0.01480712     0.01084441    -0.01261763    -0.00150763    -0.00205990     0.00033943
506    -0.01354022    -0.01537111     0.01606631     0.00094887     0.00127478    -0.00013059
507    -0.00351066     0.00213091     0.00136046     0.00061629     0.00106178    -0.00017536
508     0.00260279    -0.00626871     0.00388777     0.00035739    -0.00155590     0.00153555
509    -0.00304884     0.00616763    -0.00563070    -0.00014826     0.00090921    -0.00074716
510     0.00208091     0.00247332     0.00560427    -0.00013940     0.00065528    -0.00063343
511    -0.01115762     0.00713669     0.01936671    -0.00008448    -0.00275100    -0.00085631
512     0.01142651    -0.00524931    -0.02200383     0.00012218     0.00157021     0.00032285
513     0.00122347     0.00021125     0.00197346    -0.00011370     0.00133518     0.00039010
514    -0.02436112    -0.01214710    -0.02403728     0.00717256    -0.00261333     0.00819537
515     0.00768600     0.00323289     0.00157891    -0.00455817     0.00035290    -0.00379374
516     0.01752805     0.00425516     0.02021898    -0.00440943     0.00295859    -0.00523806
517     0.00271567    -0.00495880     0.01025384    -0.00138632    -0.00060097    -0.00550280
518    -0.00404963     0.00320130    -0.00784213     0.00061416    -0.00001680     0.00226688
519    -0.00101267     0.00327277    -0.00164214     0.00082792     0.00010979     0.00379265
520    -0.01413922     0.01352594     0.00970168    -0.00260390     0.00385484     0.00063525
521     0.00227090    -0.00038346    -0.00176103     0.00098561    -0.00204963    -0.00033612
522     0.00976456    -0.01109909    -0.00603209     0.00187089    -0.00251206    -0.00033675
523    -0.00480223    -0.00223347    -0.00084465     0.00309506     0.00466971     0.00715656
524     0.00104935     0.00100434     0.00270442    -0.00228084    -0.00306900    -0.00322089
525     0.00569508     0.00554011     0.00414522    -0.00118902    -0.00278459    -0.00513555
526    -0.00752764     0.01425365    -0.00155548     0.00106990    -0.00567322     0.00577412
527     0.01105669    -0.00933140    -0.00140021    -0.00078354     0.00252491    -0.00206950
528    -0.00518410    -0.00386505     0.00420607     0.00009661     0.00241203    -0.00240086
529    -0.00004383    -0.00404671     0.00193444     0.00046865     0.00213333    -0.00086995
530    -0.00235324     0.00318974    -0.00244097    -0.00018969    -0.00088744     0.00041490
531     0.00478272     0.00134542     0.00161861    -0.00036720    -0.00108218     0.00045885
532    -0.00484896    -0.01532909     0.01760500     0.00769813    -0.00020612    -0.00177148
533     0.01675614     0.00082642    -0.00714970    -0.00569034     0.00030819     0.00105027
534    -0.01077881     0.01492104    -0.00796520    -0.00323865     0.00048417     0.00041723
535     0.00101557     0.00163869    -0.00337620     0.00058026    -0.00176943     0.00529463
536     0.00058243    -0.00155633     0.00018091    -0.00046645     0.00147242    -0.00291795
537     0.00219305    -0.00220164     0.00615606    -0.00058727     0.00059972    -0.00310789
538    -0.01207289     0.00230256     0.00931770    -0.00323125    -0.00122131    -0.00239874
539     0.01252069    -0.00510156    -0.01184774     0.00155103     0.00066867     0.00153429
540    -0.00110023     0.00257769     0.00488915     0.00198589     0.00044011     0.00129099
541    -0.01774345     0.01603499    -0.00079326     0.00921746    -0.01716876     0.01200312
542     0.00707676    -0.01151690     0.00753075    -0.00175062     0.01058622    -0.00654098
543     0.00806195    -0.00259948    -0.00526209    -0.00168094     0.00560908    -0.00484641
544    -0.00239841     0.01006414     0.01708819     0.00232914    -0.01048650    -0.01932167
545     0.00393706    -0.00551172    -0.00598466    -0.00173758     0.00741430     0.01034735
546     0.00475818    -0.00163813    -0.00656650    -0.00308124     0.00275539     0.00757870
547     0.00141334    -0.00885061    -0.00482699    -0.00160273     0.00648866     0.00359845
548    -0.00147608     0.00372812     0.00077687     0.00093239    -0.00249089    -0.00189772
549     0.00118451     0.00843760     0.00239648     0.00146507    -0.00460029    -0.00255627
550    -0.00323673    -0.00583201    -0.00021616    -0.00171616     0.00079771     0.00081083
551     0.00248094     0.00160515    -0.00247096     0.00074201    -0.00032739    -0.00041154
552     0.00274019     0.00685137     0.00365371     0.00084245    -0.00050411    -0.00042467
553    -0.00504373    -0.00827519    -0.00237202     0.00041543     0.00189813    -0.00023427
554     0.00242880     0.00378755     0.00365171    -0.00021449    -0.00101435     0.00021817
555     0.00549641     0.00270179    -0.00220338    -0.00013711    -0.00101006     0.00007272
556    -0.01043276    -0.01573387    -0.00299315    -0.00181948     0.00078526    -0.00159469
557     0.00361113     0.01112081     0.00248436     0.00083491    -0.00025374     0.00077018
558     0.00469173     0.00398189    -0.00301125     0.00108430    -0.00039995     0.00076264
559     0.00132152    -0.01022049     0.00462081    -0.00086091     0.00153497     0.00110565
560    -0.00195829     0.00183986     0.00290883     0.00056127    -0.00092048    -0.00061965
561     0.00038858     0.00782511    -0.00706286     0.00042725    -0.00070202    -0.00063034
562    -0.00745647    -0.00070765    -0.00902095     0.00059574     0.00078369    -0.00244637
563     0.00584554     0.00312389    -0.00166223    -0.00017461    -0.00031134     0.00110361
564    -0.00284385    -0.00179676     0.01246942    -0.00027336    -0.00049122     0.00151119
565     0.01130047     0.00311089    -0.00431681    -0.00140038    -0.00130201     0.00441909
566    -0.00270363     0.00574552    -0.00215317     0.00038257     0.00078442    -0.00244527
567    -0.01119384    -0.00722869     0.00211294     0.00057732     0.00066219    -0.00171592
568    -0.00279655     0.00136604     0.00287223     0.00147387     0.00027812    -0.00186814
569     0.00045892    -0.00487685    -0.00233823    -0.00092001    -0.00008223     0.00104999
570    -0.00075404     0.00394612    -0.00368648    -0.00076430    -0.00024988     0.00088528
