 Number of water molecules:
         190

 Atomic and electronic energies:
    -3.37184251    -0.11289119

 Atomic coordinates:
  1    -8.52373159    14.22063435    -9.00069828
  2    -8.25990277    14.62258006    -7.13155830
  3    -9.20373940    12.43686194    -9.04693416
  4     7.42463163     6.74635629    12.17749858
  5     7.96337770     8.42506827    11.38247322
  6     7.34726649     5.47691777    10.71931558
  7    -6.44322317     9.62723648     7.29940257
  8    -5.08555048     8.46743086     8.10437345
  9    -6.24597933     9.44201134     5.38938840
 10    14.91606653    -7.53231915    -9.16796477
 11    16.80385177    -7.76835206    -9.43240438
 12    14.71172996    -7.43379317    -7.24487586
 13     1.84636095     5.46317820    11.25724351
 14     2.66088430     4.64008465    12.77912189
 15     3.00739479     5.05559602     9.77916202
 16    -9.51868699     8.95824646    -9.22500384
 17   -10.28265741     7.23912355    -9.54486012
 18    -7.74357973     8.77752830    -9.87861910
 19     1.92092763     2.64181252   -18.82250266
 20     1.75850852     0.75794498   -18.77794002
 21     0.26944138     3.42463503   -18.32320884
 22   -17.10144040     8.34705713     1.30161289
 23   -15.90053242     9.48149607     2.34830773
 24   -17.82486265     9.51113647    -0.01571278
 25     9.17455134     7.20683962   -12.76927839
 26     7.99909330     6.48179379   -14.12344738
 27     8.30625931     6.81137003   -11.02296079
 28    -5.53941733   -10.70371655    -9.76682369
 29    -5.24720436    -8.85173155   -10.12724390
 30    -7.00118032   -10.92729255    -8.54066250
 31   -12.97869600     1.90133186     6.69660835
 32   -13.49997253     3.64460981     7.28091544
 33   -12.42261931     2.07646038     4.89842865
 34    -0.82640977     9.22626791   -14.26933616
 35     0.54507301     8.65745818   -13.07837056
 36    -1.13474362    11.09272713   -13.86328970
 37     7.14627769     5.94521192    -8.16363003
 38     8.99063119     5.84872627    -7.63159293
 39     6.28171600     4.71858024    -6.98193133
 40     2.68338876    -4.94432564   -13.16614731
 41     1.21531828    -4.26012289   -12.12462720
 42     2.56328339    -6.86862408   -13.15122408
 43    -3.70207673     4.87011437     0.66224323
 44    -3.31349198     5.08897030    -1.21511932
 45    -4.88557426     3.37770953     0.90877785
 46     6.59653794    -1.20589600    11.05256139
 47     7.15386329    -2.30546657     9.56700815
 48     6.08109605     0.44384254    10.20843966
 49     2.48475371     7.07284421    -2.24626376
 50     3.74064012     5.75493046    -1.63953846
 51     3.30995286     8.79078625    -1.95228803
 52     1.80736937    -6.64130116    16.62603156
 53     0.66417591    -5.27068996    17.27854306
 54     2.56673567    -5.94128308    14.98547621
 55   -14.30076209    -9.76585239    -6.37810281
 56   -15.19065350   -11.11253319    -5.44273706
 57   -12.42697434   -10.18722340    -6.28744606
 58    -6.55441568     5.48534193    12.99997733
 59    -6.11019289     4.34965281    14.51839330
 60    -7.47645529     4.28372218    11.85469439
 61    12.03184671    -4.84198099     9.09089770
 62    10.22272475    -4.68600053     8.37926391
 63    12.81018245    -3.10040526     8.91418583
 64   -13.42704897    -5.89452582    10.13550846
 65   -13.81443202    -5.75900097     8.23966938
 66   -12.95070148    -4.05651500    10.64693388
 67    10.12974659   -13.14937158     2.77821914
 68     9.65834970   -14.72829742     1.77863915
 69     9.68482548   -11.67752342     1.62321520
 70     1.05802466     1.27261034    -7.89784734
 71     2.59227931     1.75811353    -6.82806615
 72    -0.50128252     1.46021345    -6.82053668
 73     0.49045065     2.51400361     2.52918959
 74     0.56832905     0.70196054     1.86285143
 75    -0.91635833     3.34344935     1.54943660
 76    -1.03620392   -13.09763390   -11.09861008
 77    -2.81029553   -12.31223579   -10.81473540
 78    -1.20169244   -15.00416206   -10.66479467
 79    -2.84013820    -3.36228485    -4.21621612
 80    -0.94444047    -3.65979764    -4.27628383
 81    -3.13798768    -1.54455558    -4.81513725
 82     0.64793472     0.61272411     7.44123929
 83     0.63658589     1.32769190     5.61592709
 84    -0.18782272    -1.11631220     7.32178199
 85    -4.17103977    -3.46748013     0.71980422
 86    -4.99397660    -1.78706951     1.12904003
 87    -3.63696072    -3.42482487    -1.13536637
 88    -1.15150205    11.77738626     3.21887886
 89    -0.69204841    10.06982561     4.06608043
 90     0.51274177    12.56373603     2.68708066
 91   -15.74462608     8.40578455    -5.02037723
 92   -15.75547929     6.82654106    -3.91912689
 93   -16.29188520     7.79654353    -6.75173459
 94     2.31309263   -12.95054855    -7.04066542
 95     1.05842826   -12.75159270    -8.46530377
 96     1.66928450   -14.48634487    -6.07987288
 97    -2.95163352    16.41699798    -4.12432191
 98    -2.90884525    17.32039287    -2.43537697
 99    -4.67551180    15.55679907    -4.25135647
100    -6.60004951    -1.14662384     6.72716491
101    -7.06385787    -0.71476159     8.52443656
102    -4.88863946    -2.05425385     6.86933419
103    -1.40780056     7.93020983    15.99876962
104    -0.17264672     9.00219098    15.02331113
105    -3.12248229     8.81237986    15.79934269
106    -5.49922677     2.84457079    17.24217503
107    -3.62504882     2.85254303    17.62083169
108    -6.16667529     1.02531769    17.49136136
109   -14.71255243    -2.53767967     0.74571713
110   -14.68460694    -3.54997089     2.38882255
111   -14.71829793    -3.78692326    -0.69524636
112     3.57127698   -16.90927183     9.63785505
113     1.75065231   -16.59232934     9.11522943
114     4.48040248   -17.13127630     7.95618986
115    -5.79553960     3.27286759    -9.95261613
116    -7.67173838     3.41140019   -10.28553360
117    -5.10679531     5.05484953   -10.20646556
118     9.09778420   -12.86066621    10.83284401
119     7.92952428   -13.54301817    12.17987236
120     9.92425026   -11.25053569    11.51027820
121   -13.05189795    -6.19644111   -10.39964849
122   -13.83996291    -7.80199735    -9.64204397
123   -11.54064880    -5.85337624    -9.26764170
124   -18.23410780     0.90158106    -0.52214094
125   -17.03987683    -0.49456564     0.05449665
126   -19.41372464     1.16854541     0.96305413
127    10.21262255    13.66883959     3.36106090
128     8.89422086    13.68587665     4.79902172
129    10.37590577    15.49571900     2.82906327
130    -9.17713515   -10.14117262    -6.08193244
131    -9.09536738    -8.22476850    -6.53883156
132    -9.07459970   -10.14232417    -4.12937776
133    12.31429604     5.06823366    -7.67052331
134    12.46695294     3.17226733    -7.19453300
135    13.07864098     5.16634241    -9.44589883
136    -6.12581435    -7.75593023     4.76667575
137    -7.31636174    -6.33548350     4.32153008
138    -4.34472495    -7.14214252     4.28430747
139    -5.15356971    -5.59527936   -10.84920817
140    -5.59515540    -5.96262856   -12.67646536
141    -3.60883492    -4.39869386   -10.78101302
142    -6.33028888    10.03136881    15.12131373
143    -6.54209944     8.32789437    14.22589314
144    -7.57198074    10.07824596    16.54683623
145    -6.50662988   -13.14641283    13.44439851
146    -7.59632852   -14.65703608    13.11770185
147    -6.01548983   -12.47282412    11.71371115
148    -5.53622298    16.44229914   -12.39798505
149    -6.81295676    17.12349926   -13.61073282
150    -6.58701346    15.42418767   -11.14412585
151    -8.05371982     5.36665789   -15.39284145
152    -8.82224018     6.54014754   -14.12368705
153    -9.23219976     3.88599396   -15.57174619
154     2.53676992    10.32843347    13.16596664
155     2.25974122     8.70034152    12.17944413
156     4.37165715    10.29817295    13.48098518
157     8.48713542    -8.15144656     1.30170036
158     9.99639694    -7.90926697     2.50960840
159     7.05455326    -7.21387655     2.15116042
160    13.48095565    -0.01070209     7.84376016
161    11.99265905     0.15678557     6.61888534
162    14.88420998     0.98769223     6.95744057
163    -6.03226628    -6.21927448   -15.79571233
164    -4.89605416    -4.99540037   -16.76481812
165    -6.47702607    -7.61780429   -16.96578559
166     8.66642148     0.09554817    15.37652696
167     9.00575655    -1.45556312    16.36295538
168     7.75737006    -0.42955001    13.79477337
169   -16.10106446    -1.93391557   -10.46031615
170   -15.30906056    -3.70520818   -10.52560618
171   -16.38883961    -1.56220399    -8.60486613
172    -1.14792386    13.91942630   -12.32662629
173    -0.39391334    14.03249392   -10.54489927
174    -2.65376253    15.10995133   -12.36229050
175   -17.86113032     0.22818443     5.18613621
176   -18.48154868     2.02741235     5.26186970
177   -16.19552090     0.25747126     6.07314100
178   -18.45198822     5.26827241     5.32632158
179   -16.99888010     5.94535360     6.37895872
180   -18.36790999     6.21288838     3.68986884
181     2.85140884   -10.27234411   -12.95924418
182     2.66124232   -11.36516153   -14.53132983
183     1.45871788   -10.87107114   -11.76885797
184    -2.82675050     6.92272457     9.70524192
185    -1.03134884     6.34977029    10.21607242
186    -4.05728889     6.44684265    11.14224125
187     2.61056860     7.38065680   -10.83444357
188     4.16002226     7.46194614    -9.76701731
189     2.63209757     5.67139590   -11.70542258
190   -14.89851381     4.52211685    -1.62823160
191   -15.47043503     5.97609626    -0.51471065
192   -16.20618291     3.12629872    -1.31513255
193    -3.85870114     1.47935146    -5.60943681
194    -3.27806263     3.16342154    -4.83076220
195    -4.52466133     2.11701948    -7.31882716
196    11.98097889    10.64598412   -10.25263431
197    10.79855029     9.39864289   -11.15444018
198    12.33521199    12.07042528   -11.49384024
199    14.13559978     7.23238976    12.70082873
200    13.59857531     5.38859239    12.35516293
201    13.78890079     7.54679161    14.53976671
202    -0.51964644   -11.22756218     9.80823845
203    -2.35656795   -10.62022325     9.92104552
204    -0.04066375   -11.35570586    11.66857800
205     8.17442477     5.16208670     4.00933309
206     7.04033863     6.74698440     4.22487322
207     9.98375701     5.93883068     4.03036017
208     9.09247534    -6.42819454    -3.73137454
209     8.02369201    -7.75567569    -4.60034000
210     8.81213912    -6.75447939    -1.81207498
211    13.20675016    10.04434058     8.44389641
212    13.37109756     9.05678009    10.11002070
213    14.44678563    11.45825566     8.43411507
214     7.43991420    -1.70011425     0.11916140
215     6.38006391    -0.11753916    -0.13822996
216     6.17517554    -3.05949979     0.56656975
217    16.42022180     1.74399905    -2.65216122
218    16.30625747     1.66533944    -4.55732386
219    14.92533500     0.71548053    -2.04864726
220     8.50158979    11.00997739     9.97025985
221    10.31647208    10.68497603     9.34641562
222     7.58152612    12.03674561     8.63416946
223    -1.19869685    -6.91050267     3.29380051
224    -1.59027887    -5.46593499     2.06530982
225    -1.00494742    -8.45338151     2.18214109
226     9.31690038   -13.94967584    -5.79849206
227     8.22590603   -12.42035632    -5.50143731
228    10.65131491   -13.40523929    -7.09346471
229   -10.90979265    10.41830906    -4.54733985
230   -12.77990651    10.01029787    -4.44047364
231   -10.45045801     9.76565164    -6.33188646
232    14.19091191    -6.71130528    -4.21091946
233    12.27789423    -6.68516642    -4.07349876
234    14.75386545    -6.11822092    -2.48436070
235    -9.85793652    11.38560255     0.66909113
236   -10.20943633    10.61761840    -1.03734163
237    -8.28726556    10.53742989     1.34534171
238    12.43424728    -7.58756863     4.67791306
239    12.38882981    -6.31266392     6.12361298
240    12.79071886    -9.28133591     5.54524440
241     9.58989684    12.46159573    -5.89247420
242    10.28492518    11.72933802    -4.27258340
243    10.53232700    11.57350479    -7.30641887
244    14.46463882     8.93605902    -5.36566175
245    14.68166946    10.19704605    -6.79935536
246    13.59937654     7.39501440    -6.15091035
247     5.30395807     2.26312367    -5.21848001
248     6.10999514     0.52760880    -5.58007344
249     5.31536849     2.44842533    -3.31123379
250     7.61208337   -17.21961062     0.70126819
251     7.36179076   -17.30857895    -1.19218132
252     8.24003862   -18.91057995     1.26951281
253    -6.72785860    -2.23579143    16.86892407
254    -7.41993794    -3.97932208    17.05812179
255    -4.81088018    -2.45784294    17.13733140
256    12.47706787     2.44757551    12.30869847
257    11.18709431     1.75099188    13.54848160
258    12.70993916     1.26877947    10.77711775
259    12.76367271     7.13992973     4.22129511
260    13.05111938     8.41692864     5.67103938
261    13.43209119     8.01059465     2.66349593
262    -6.89073933     0.92713647     2.02039905
263    -6.67399649     0.38080575     3.88416475
264    -8.82963803     1.05900776     1.80839269
265     1.22370548   -11.39084152    14.64635967
266     1.72535154    -9.76806776    15.61458157
267     2.90516142   -12.36455201    14.34395821
268    -3.01624194    -2.82422234   -18.47398896
269    -3.51139987    -1.91096111   -20.04410741
270    -1.05397537    -2.90486676   -18.41517138
271    14.58171775    -5.09899595     0.77044490
272    15.81526157    -3.94124602     1.73940559
273    13.94928356    -6.32927318     2.10546714
274   -14.30638424    -5.37692499    -3.66755587
275   -12.41834109    -5.34845059    -3.17686779
276   -14.46559983    -7.00745397    -4.67868843
277    -9.71500436    -4.81515495    -1.31663085
278    -9.59410375    -4.20248290     0.51249398
279    -8.78556899    -3.53301069    -2.32870564
280     1.96793834    -2.64050705   -17.90171610
281     3.73714072    -2.76217794   -18.72005081
282     2.15979391    -3.48787721   -16.16473787
283    -2.16882762    -3.53497033     7.46645029
284    -1.66301828    -4.99287852     6.32167127
285    -2.14858321    -4.19630308     9.30771817
286     9.25248564     0.18631718     4.44646358
287     8.97700072     2.07184117     4.24182346
288     8.82145794    -0.60929323     2.75115365
289     3.64425480    13.86955576     2.11680162
290     4.32070157    13.02896783     0.51569112
291     3.24500941    15.69633402     1.62505361
292     4.66180250     8.76074673     4.28187197
293     2.84318698     8.38293902     4.81641799
294     4.73955547    10.63079925     4.03118447
295    18.70963406     4.69727373     0.48522176
296    17.92338541     3.39896233    -0.72872976
297    20.56822777     4.74038760     0.08107377
298    -5.96344039   -11.51596801     1.48656335
299    -4.15052053   -11.51748493     0.82046299
300    -5.94924751   -10.19400975     2.92107699
301    13.91160369     5.24260377   -12.62911117
302    15.21953848     6.27594451   -13.49244609
303    12.15738483     6.01379693   -12.97349127
304   -10.81248534    -4.14022384   -14.64323821
305    -9.08948593    -4.92881734   -14.88481436
306   -11.71976070    -5.05102455   -13.16209821
307    14.94615453     8.41373527    -0.38977748
308    16.51066209     7.33138681    -0.08339937
309    14.90308627     8.53135816    -2.30419395
310    -1.33504739   -17.91503587    -8.84690160
311    -0.29352362   -18.01124924    -7.23189894
312    -3.07130108   -18.45487528    -8.34814447
313    -9.64916521    -4.03119772     3.76292467
314   -11.28118494    -4.29257276     4.74975007
315    -8.57333321    -2.79497123     4.83209253
316    -0.46807601   -15.44353155     6.87885575
317    -0.71358544   -13.73934794     7.80853024
318     0.94720995   -15.12999036     5.62347885
319     6.20712724    -9.87295739    -5.93300391
320     4.64076088   -11.00729014    -6.12286552
321     6.60720688    -9.42448486    -7.75121026
322   -13.39171017   -14.01018384     4.49682059
323   -13.37299036   -14.43268495     6.31787057
324   -11.74054255   -14.67694238     3.76779620
325     7.57346960    -3.85998856   -12.42249880
326     5.69553243    -4.01614618   -12.69182728
327     8.09646831    -2.46389249   -13.69377735
328    -3.47974197    -9.15833582    15.12067412
329    -1.98358480   -10.35564830    15.46810032
330    -4.96109028   -10.36117192    14.68447659
331   -10.12918003   -14.36917791     8.90447436
332    -9.24837012   -14.62241906     7.20104950
333   -10.19831055   -12.47816119     9.21465271
334    12.80452444   -12.22768261     6.99349607
335    11.79912454   -12.73805756     8.53622628
336    11.91168695   -13.01611039     5.49631705
337    -0.19060216     2.96990765    16.67728720
338    -0.73508525     4.83284613    16.65226447
339     1.73048808     3.00085526    16.59083675
340    13.14967593     0.24653280    -6.69866044
341    13.02215937    -1.04322629    -8.12643937
342    12.58405536    -0.66919874    -5.07117994
343    -1.92263180     5.82314115    -4.10669325
344    -2.04868020     7.13392547    -5.48093587
345    -0.17380584     6.18622076    -3.33642831
346   -11.34759461    10.62975100     8.65983640
347   -11.17102366    12.18181696     9.76566115
348    -9.54051448    10.10920495     8.20001564
349     7.49378672    -8.75113522   -10.97553343
350     5.89458606    -9.47685729   -11.72979649
351     7.68297381    -6.97305706   -11.73748310
352     0.47094646    14.11788794    -7.26626061
353     2.16630266    14.69581249    -6.58947018
354    -0.79987460    14.97990799    -6.06956011
355    -3.78935121   -17.93321631     3.67303864
356    -2.51830555   -18.04551186     2.26760741
357    -2.89010857   -17.13451380     5.16560941
358    -7.14582178    -0.23708213    11.92829720
359    -7.17926804    -1.06376934    13.66915149
360    -5.33136320     0.40960190    11.81754291
361    -5.55698970    -9.95343751     9.43412830
362    -5.55057224    -9.04309363     7.74549120
363    -7.26906254    -9.44779559    10.18987995
364    -1.93237774     0.44659641   -14.70495752
365    -2.70514159    -0.83977314   -15.92358218
366    -2.51942458     2.20325992   -15.25676432
367    -7.56138885    14.15454636    -3.66965465
368    -7.51305942    14.05126253    -1.75859836
369    -8.91473305    12.85684208    -4.11266222
370     6.10042181    14.11786740     6.60504116
371     5.08320553    14.29493626     4.98528834
372     4.72843949    14.20839175     7.98022384
373   -13.66069774    -9.33458846     2.51469444
374   -13.65652059   -11.06795275     3.37797116
375   -12.50596005    -9.51551327     0.97748468
376     0.21506199   -16.31109990     0.56327056
377     1.57764786   -16.03540068     1.85577188
378    -0.35925548   -14.51726737     0.12138661
379    12.34643427    -3.25170454   -10.30878370
380    13.26647325    -4.94955975    -9.95142804
381    10.67718800    -3.71677322   -11.15558625
382    -3.01656071    18.89212090     0.61110339
383    -2.95283311    17.90393524     2.29227899
384    -4.33691949    20.26303913     0.79536421
385    -1.46558287    -2.09685137    16.79231604
386    -1.62445844    -2.65602419    14.96972917
387    -0.85308323    -0.24645329    16.91932349
388    17.51693721    -1.82673899     3.45203902
389    16.78140973    -0.04611152     3.41838853
390    18.87437026    -1.77157325     4.76589654
391    -1.23766212     9.35305566    -7.85869956
392     0.27234605     8.58985545    -8.85038067
393    -0.76407835    11.16124236    -7.45185554
394     5.39539131    11.47234465    -2.07476455
395     5.31783982    12.47413613    -3.67514440
396     7.24450069    11.17732560    -1.67215164
397     2.51671476     2.46661985   -12.52747511
398     1.04048959     1.83137865   -13.54391017
399     2.13908414     1.93484294   -10.73188941
400   -14.61886252    -5.17639037     5.15109435
401   -16.50660569    -5.00394146     5.38040739
402   -14.37876220    -6.86040201     4.17826721
403     3.99775703   -10.43037348    -0.85003097
404     4.60830907   -10.42245206    -2.67043650
405     5.28303630    -9.49034634     0.12976904
406     3.94425947   -15.28232238     3.96857947
407     4.92177659   -13.90529648     4.94890836
408     5.20256792   -15.88971916     2.62963579
409    10.40053592    18.48908037     1.45331691
410    11.48140214    20.07517883     1.28276288
411     9.01398516    18.57084391     0.09361365
412   -12.50393985     0.48606765   -13.43508070
413   -14.08996971    -0.17744050   -12.55317584
414   -11.75797484    -1.11846375   -14.19956032
415     6.96676477   -17.95464506    -4.21315377
416     7.75999282   -16.35900547    -5.01391406
417     7.25817194   -19.40545574    -5.41173952
418    -2.68592321    16.44571104     5.01755090
419    -2.16187530    14.68818798     4.52019979
420    -2.62701975    16.45975145     6.97153913
421     2.25635359    14.31490430     9.79754084
422     2.32452636    13.02080426    11.18260937
423     0.46198701    15.03606000     9.84682560
424    -2.34937840    16.42582269    10.28788450
425    -2.42325340    17.86223966    11.51438222
426    -3.89392169    15.27334399    10.62294723
427    -2.66340987   -10.86921770    -4.80981234
428    -4.18857417   -11.27258872    -5.89703351
429    -1.58502076    -9.70219460    -5.87418863
430    -2.37246364     1.54096678    11.95575818
431    -1.48165921     2.48510859    13.35656459
432    -1.15482991     1.33560002    10.46454239
433    -2.95301510     4.98278585   -16.78147660
434    -1.96716131     6.52683119   -16.20120729
435    -4.83475537     5.26986095   -16.35056043
436    -9.75664023    -9.77376297    -1.12782946
437    -8.26101570   -10.51323057    -0.06103931
438    -9.59301557    -7.84059039    -0.96922913
439     4.88036336     3.73994665    15.52288675
440     6.13501767     2.33854001    15.92346234
441     5.95044307     5.07020639    14.62576801
442    11.74961500   -11.58156084    -9.64397050
443    10.09397901   -10.86067945   -10.27270463
444    13.05128903   -10.18107915    -9.57214413
445     6.87990724    -2.53710985    -6.47850526
446     7.52581309    -2.92757707    -8.21985752
447     7.78384943    -3.80584714    -5.35187614
448    -4.96599412     8.26445711   -10.94045368
449    -3.80497009     8.80452984    -9.48705656
450    -3.84070441     8.47153996   -12.48533771
451   -10.36964441    -9.64022138    11.18188870
452   -10.83119481   -10.49621211    12.81199994
453   -11.65050086    -8.22657185    10.86786003
454     2.21853167    18.71704613     1.24093647
455     2.35178102    19.77180813     2.84238271
456     0.37487606    18.75050685     0.79542892
457    16.04217143     2.98925020     4.47323314
458    16.98372226     3.74718257     2.95992137
459    14.70400689     4.35134728     4.79431113
460     8.78274167    -0.47784312   -16.06242035
461     7.93061047     1.23493705   -15.93262276
462    10.67321871    -0.19345489   -15.70681210
463   -12.13320906    -1.10321164    10.74632452
464   -12.61445211    -0.04015905     9.22412069
465   -10.34371456    -0.60099685    11.25954790
466   -12.50846633     2.15570995    -5.67053670
467   -12.86713674     3.40001344    -4.25259787
468   -13.95717454     0.91306008    -5.68581474
469    -8.46728522    -1.03131618    -4.75375230
470    -6.69728649    -0.28841269    -4.87620264
471    -9.77242024     0.26382517    -5.37144039
472   -16.08790472     5.83419046    -9.71399137
473   -17.00287192     4.28655644   -10.35410932
474   -14.26964171     5.69819940   -10.24628247
475   -16.44951447    -1.03084288    -5.38411424
476   -15.87482418    -2.72665042    -4.78067931
477   -17.63664180    -0.41216209    -4.05487461
478     6.68371022    -3.21068071   -19.84125222
479     7.67147189    -2.17349063   -18.51056477
480     7.98378315    -4.25942980   -20.78474129
481     6.68923093   -11.88989850     6.52382863
482     7.50514603   -12.30346288     8.22903157
483     8.16265686   -11.86570198     5.27834766
484    10.47259454    10.77957927    -0.90150814
485    10.29906409    11.72183294     0.76549401
486    12.16216481     9.80788603    -0.83407505
487    -0.94296850   -11.25523258    -0.15105447
488    -1.61692496   -11.12078159    -1.97457545
489     0.96300634   -11.04711565    -0.32418760
490   -11.92361856     1.62692358     1.48302325
491   -12.74655214     2.88663271     0.31932665
492   -12.94019161     0.04622511     1.34810851
493    11.58493578    -8.70834290    12.35070368
494    13.35401220    -8.80710228    13.09374285
495    11.64125924    -7.29528888    11.06106429
496   -13.77383276    11.21710658     3.94523789
497   -12.98798919    11.34430211     5.67155277
498   -12.28516368    11.30757845     2.68951467
499     5.16120878     3.22807446     0.11652244
500     6.19257752     4.21172348     1.39631943
501     3.40452614     2.85901599     0.90800018
502    -0.14646363    -7.51123010    -7.85139126
503    -1.15706765    -6.18754613    -8.74300616
504     0.80413413    -6.59614217    -6.46322127
505    -8.35042588   -15.36393180     4.08938203
506    -7.65049775   -13.87508790     3.05623487
507    -7.02095539   -16.75806298     3.96619906
508     5.22336644   -14.81707870    13.84673638
509     4.65182107   -15.66362318    12.20563942
510     5.05847415   -16.12669501    15.18732210
511     1.36592871   -17.55499448    -4.26585677
512     0.77100944   -17.27715787    -2.44847038
513     3.25457708   -17.89411463    -4.09606192
514     7.53779253    -3.84928247     6.93454140
515     8.09606046    -2.31340321     5.89847226
516     6.23582199    -4.70529965     5.73697065
517    -1.05939740    -2.50234187   -10.66292479
518    -1.54853820    -1.29745157   -12.13776032
519    -0.31070360    -1.38598773    -9.31826257
520    -5.56935388     9.24151087     2.34604065
521    -3.99477150    10.40629653     2.40526741
522    -4.90258148     7.52640193     1.70387825
523     5.17636533     2.92128334     8.07236724
524     5.99099228     3.48605576     6.45485767
525     3.59810551     1.88838266     7.63465116
526     3.21941810    -8.34275936     7.84897628
527     4.55596347    -9.63677054     7.40639418
528     1.64475734    -9.36896791     8.37626731
529     5.64316962    15.66684138    -6.05247557
530     6.02635543    16.78548236    -7.54659525
531     7.13416747    14.41284711    -6.09388910
532    12.12473358    -1.43846759    -1.88592748
533    10.28644612    -1.59009379    -1.29252010
534    13.06725191    -2.81640104    -0.86572413
535     3.19211102    -5.08920007    11.89741458
536     3.52367105    -6.23284776    10.37627320
537     4.42132060    -3.64506041    11.61772426
538    -8.93254102    -5.32977423    -7.54119110
539    -7.30543270    -5.31257929    -8.60449443
540    -8.78225629    -3.74633332    -6.39959765
541     4.58815883    -6.02581321     3.53698839
542     3.14986341    -5.16917361     2.60619008
543     3.68774516    -6.97064524     4.97766057
544     2.36618510    -4.23853473    -4.80961666
545     2.47141790    -4.13266123    -2.88603671
546     4.00252906    -3.43761693    -5.46520612
547    -0.00335050     7.23470094     5.36373386
548    -1.27911722     6.91447760     6.77070158
549     0.07530451     5.53383779     4.45434468
550   -14.35237455     6.49835375     8.41898749
551   -14.70427869     6.16128723    10.26549099
552   -13.24897294     8.10040770     8.35923290
553     6.45961363    18.75652730    -1.93009299
554     6.02976789    17.79144799    -3.51811799
555     4.79816935    18.82046179    -0.94611260
556   -11.04850022     4.12904336   -10.27736459
557   -11.48358210     2.80709529   -11.61059845
558   -11.66372832     3.31739158    -8.61035620
559    -6.16511877    13.26657004    11.12040707
560    -6.26140475    11.99441199     9.66138753
561    -6.27616620    12.20642934    12.76264058
562     6.00529531     4.02767466   -15.77059197
563     4.75799718     4.03538556   -17.21861209
564     4.88227959     3.40331302   -14.33104199
565    -1.91815868    -5.06360814    12.22484964
566     0.00219009    -5.23123557    12.13887873
567    -2.58926146    -6.49007539    13.39252548
568    13.55742094     0.34105542   -14.12452121
569    13.44637734    -0.91053877   -12.66258861
570    13.85908390     2.09062863   -13.43995054

 Atomic and electronic forces:
  1     0.00138511     0.00133409     0.01207102    -0.00085240     0.00128515    -0.00075774
  2     0.00078093     0.00086697    -0.00856574     0.00045160    -0.00071528     0.00033157
  3    -0.00133377    -0.00392809    -0.00419988     0.00051648    -0.00065200     0.00043382
  4    -0.00714797    -0.02175806    -0.00982539     0.00114590     0.00198906     0.00257099
  5     0.00058948     0.00494119     0.00054767    -0.00056170    -0.00104778    -0.00105922
  6     0.00329124     0.01183686     0.01250900    -0.00083306    -0.00125764    -0.00165297
  7     0.00551720    -0.00828270     0.01588235    -0.00171935     0.00229888     0.00130694
  8    -0.00910381     0.01031318    -0.00674831     0.00091768    -0.00130809    -0.00092389
  9     0.00067055     0.00073116    -0.00236931     0.00101270    -0.00136493    -0.00056335
 10     0.01310531    -0.00286598     0.00040067     0.00216311    -0.00090756    -0.00167922
 11    -0.00994963     0.00125266    -0.00180497    -0.00093999     0.00035901     0.00065187
 12    -0.00191695     0.00351276     0.00387728    -0.00134565     0.00056157     0.00085244
 13    -0.00036101     0.00288163    -0.00789059    -0.00018795     0.00279455     0.00389859
 14     0.00205259    -0.00040335     0.00560536    -0.00004694    -0.00104173    -0.00186636
 15    -0.00003004    -0.00172819     0.00419650    -0.00017155    -0.00188809    -0.00238624
 16    -0.01986180     0.00581802     0.01240841    -0.00142348     0.00132743    -0.00118413
 17    -0.00668376    -0.00733400    -0.00200251     0.00079333    -0.00058566     0.00063956
 18     0.02072291     0.00327590    -0.00876808     0.00069021    -0.00074572     0.00072111
 19     0.00972603     0.01356437    -0.00041241    -0.00003895     0.00048555    -0.00197831
 20    -0.00237999    -0.01142834     0.00230134     0.00003000    -0.00015685     0.00105196
 21    -0.00846702     0.00070935    -0.00019733     0.00010659    -0.00029069     0.00099317
 22     0.01066062     0.00504487     0.00147059    -0.00147977     0.00079226     0.00005208
 23    -0.00539314    -0.00585346    -0.00119017     0.00073577    -0.00046582    -0.00006977
 24    -0.00281701     0.00058021    -0.00171258     0.00065644    -0.00037695     0.00002061
 25    -0.01453104    -0.00633394     0.02588518     0.00101062     0.00136842    -0.00195800
 26     0.00158886    -0.00083854     0.00349610    -0.00040133    -0.00060431     0.00103250
 27     0.00947289     0.00291045    -0.03002077    -0.00061818    -0.00091485     0.00118853
 28     0.00993968    -0.01638945     0.00008928    -0.00170095    -0.00182682    -0.00221995
 29    -0.00668286     0.00601443     0.00242325     0.00096835     0.00084756     0.00135918
 30    -0.00322016     0.00841502    -0.00244389     0.00098046     0.00091311     0.00095201
 31    -0.00093328    -0.01216526     0.01201329    -0.00256265     0.00065752     0.00101346
 32    -0.00229306     0.01003452     0.00170675     0.00109294    -0.00039208    -0.00045845
 33     0.00387647     0.00059417    -0.01557258     0.00149780    -0.00041551    -0.00043314
 34    -0.01518077    -0.00566619    -0.00665578    -0.00037119     0.00135602    -0.00178167
 35     0.00980018     0.00050026     0.00537525     0.00013123    -0.00082187     0.00104572
 36     0.00475962     0.00273315     0.00031609     0.00017747    -0.00068711     0.00075389
 37     0.00537711     0.00952174    -0.00740465     0.00185222     0.00304676    -0.00330432
 38     0.00483135     0.00131208    -0.00151747    -0.00116527    -0.00138205     0.00142342
 39    -0.00693344    -0.00749234     0.00420821    -0.00124146    -0.00209147     0.00231157
 40     0.00073514    -0.00130381    -0.00530257     0.00009719    -0.00080660    -0.00401839
 41    -0.00010407    -0.00107178     0.00065894     0.00021231     0.00039404     0.00238572
 42    -0.00120236     0.00081331     0.00245737    -0.00002630     0.00062063     0.00182917
 43     0.01177089    -0.00368917     0.00040382    -0.00623217     0.00728233     0.00014417
 44    -0.00541727     0.00193584     0.00048253     0.00283298    -0.00365068     0.00089000
 45    -0.00883349    -0.00110603    -0.00252682     0.00393795    -0.00296125    -0.00019626
 46    -0.00562595     0.00297589    -0.00719763     0.00245105     0.00049416     0.00593727
 47     0.00169167    -0.00438164     0.00193958    -0.00191679     0.00010208    -0.00349809
 48     0.00001699     0.00357917     0.00379519    -0.00131730    -0.00088969    -0.00333332
 49     0.00200606    -0.00531816     0.00517938     0.00029610     0.00826091    -0.00253298
 50     0.00057661     0.00724612    -0.00083927    -0.00107294    -0.00529935     0.00149138
 51     0.00197679    -0.00054647    -0.00338589    -0.00031634    -0.00310276     0.00072903
 52     0.00987900     0.00114941    -0.01180713    -0.00010211    -0.00081108     0.00283893
 53    -0.00511914     0.00339974     0.00500205     0.00014321     0.00026597    -0.00138418
 54    -0.00218965    -0.00475290     0.00716306    -0.00002316     0.00048592    -0.00179753
 55     0.00811138     0.01471533    -0.00907557    -0.00179862    -0.00082504    -0.00075182
 56    -0.01030215    -0.01453788     0.00851044     0.00081756     0.00041844     0.00028096
 57     0.00333440    -0.00216497    -0.00100951     0.00100253     0.00054561     0.00046549
 58     0.00166507    -0.00729160     0.00332027    -0.00147942     0.00125502     0.00205029
 59     0.00026042     0.00761169     0.00367445     0.00065107    -0.00049353    -0.00106527
 60    -0.00421041    -0.00097938    -0.00524807     0.00094707    -0.00061096    -0.00107901
 61    -0.01621846    -0.00560200    -0.00824319     0.00347608    -0.00097051     0.00301036
 62     0.00992286     0.00146804     0.00643642    -0.00221525     0.00072232    -0.00215635
 63     0.00519101     0.00642517     0.00010979    -0.00179645     0.00016516    -0.00140516
 64     0.00283214     0.01598274    -0.00810419    -0.00193042    -0.00046716     0.00115978
 65    -0.00072956    -0.00132128     0.01011041     0.00108693     0.00024786    -0.00051051
 66    -0.00558439    -0.01365520    -0.00182279     0.00100497     0.00013092    -0.00065592
 67    -0.00620806     0.00488528    -0.00737349     0.00250816    -0.00352831     0.00071852
 68    -0.00138171    -0.00078630     0.00285998    -0.00097185     0.00166744    -0.00016333
 69     0.00383763    -0.00283703     0.00270991    -0.00173081     0.00222846    -0.00025770
 70     0.00359466    -0.00560841     0.00417598    -0.00119503     0.00337875    -0.00873213
 71    -0.00194190     0.00208143    -0.00133668    -0.00026605    -0.00256049     0.00497775
 72    -0.00319472     0.00460626     0.00216627     0.00167817    -0.00210937     0.00454881
 73     0.02026709    -0.03256958    -0.00195392    -0.00761644     0.02045990     0.00834088
 74    -0.00643905     0.01575416     0.00643695     0.00608972    -0.01025264    -0.00446739
 75    -0.01589304     0.01393265    -0.00318748     0.00412002    -0.00725301    -0.00138192
 76    -0.01659821    -0.01037112     0.01016546    -0.00063948    -0.00202556    -0.00217725
 77     0.01416574    -0.00809084    -0.00150909     0.00050870     0.00098691     0.00111418
 78     0.00014441     0.01772515    -0.00381661     0.00027849     0.00098867     0.00087038
 79     0.01090995     0.01058856     0.00868153    -0.01076464    -0.00273154    -0.00982756
 80    -0.00541249    -0.00169845    -0.01015199     0.00497143     0.00227644     0.00726272
 81    -0.00269514    -0.00650030    -0.00242135     0.00457343    -0.00031978     0.00449084
 82     0.01282696     0.01415898    -0.03001008    -0.00335864     0.00511532     0.01270722
 83    -0.00652712    -0.00466741     0.02308459     0.00244819    -0.00487040    -0.00684845
 84    -0.00884986    -0.00333059     0.00678091     0.00263553    -0.00095596    -0.00668871
 85     0.02018522     0.00209600     0.00264420    -0.01623670    -0.00366374     0.00031140
 86    -0.00843796     0.00055152    -0.00301373     0.00684788    -0.00009236    -0.00048042
 87    -0.01159115    -0.00158754    -0.00197002     0.00795811     0.00183718     0.00221565
 88     0.00161843    -0.01729100     0.00873292    -0.00090594     0.00367546     0.00068233
 89    -0.00332533     0.01601645    -0.00656436     0.00055225    -0.00226744    -0.00063570
 90     0.00412763     0.00148601    -0.00145100     0.00021572    -0.00180704    -0.00025103
 91     0.00040598    -0.00604037     0.00643059    -0.00145873     0.00084478    -0.00045452
 92     0.00221786     0.00542666    -0.00247804     0.00084050    -0.00041260     0.00021041
 93     0.00049414     0.00089509    -0.00599045     0.00068564    -0.00036302     0.00027108
 94     0.00200798    -0.00482530     0.01166237    -0.00003882    -0.00381093    -0.00272229
 95    -0.00290985     0.00286331    -0.00747636     0.00020447     0.00158085     0.00136454
 96     0.00455007     0.00079807     0.00078028     0.00011317     0.00183701     0.00099989
 97     0.00415407    -0.00640369    -0.00248039    -0.00054760     0.00194210    -0.00049761
 98    -0.00198727     0.00216186     0.00110334     0.00025232    -0.00094564     0.00014902
 99     0.00090513     0.00346516     0.00212407     0.00037855    -0.00096157     0.00026517
100     0.00913857    -0.00291230    -0.01424262    -0.00562412     0.00052409     0.00379934
101    -0.00400696     0.00147545     0.01136230     0.00204096    -0.00028027    -0.00170003
102    -0.00495165     0.00155281     0.00354837     0.00334524     0.00003256    -0.00284712
103    -0.01688693     0.00028415    -0.00231767    -0.00046876     0.00125236     0.00191446
104     0.00755621     0.00538297    -0.00059810     0.00016739    -0.00074023    -0.00095640
105     0.00980246    -0.00464051     0.00368549     0.00030481    -0.00060824    -0.00084400
106    -0.00907686    -0.01278384    -0.00130830    -0.00093620     0.00058571     0.00197354
107    -0.00055990    -0.00371868     0.00101308     0.00037850    -0.00031161    -0.00107109
108     0.00744690     0.01611347    -0.00200355     0.00049989    -0.00018140    -0.00098538
109    -0.00396225     0.00701362     0.00664175    -0.00278792    -0.00008092     0.00002231
110     0.00083462     0.00079991    -0.00311750     0.00136789     0.00012045    -0.00014232
111     0.00198144    -0.00825929    -0.00617774     0.00136762     0.00013886     0.00010400
112     0.00858142    -0.00146296    -0.01490454     0.00018427    -0.00230506     0.00141276
113    -0.00400217    -0.00094685     0.00208461     0.00005628     0.00125131    -0.00073864
114    -0.00269173    -0.00060823     0.01168702    -0.00017993     0.00128899    -0.00063507
115     0.00794880     0.00150617     0.00950499    -0.00223462     0.00146418    -0.00291252
116    -0.00412939    -0.00049408    -0.00211447     0.00104489    -0.00057048     0.00113952
117    -0.00425726    -0.00140505    -0.00566311     0.00091349    -0.00087723     0.00133543
118     0.00473272     0.00109114    -0.01398323     0.00127463    -0.00202861     0.00193390
119    -0.00394820    -0.00035741     0.00831813    -0.00045024     0.00092358    -0.00093598
120    -0.00021299     0.00030378     0.00758795    -0.00074447     0.00089675    -0.00107036
121    -0.01157926    -0.01761059     0.00349642    -0.00172893    -0.00045964    -0.00123307
122     0.00283103     0.01249205    -0.00568319     0.00082905     0.00029129     0.00052358
123     0.00701153     0.00513804     0.00290610     0.00106847     0.00028884     0.00075747
124    -0.00470137     0.00260603     0.00007728    -0.00186056     0.00026692    -0.00010245
125     0.00306522    -0.00338845     0.00299702     0.00107609    -0.00008614     0.00003085
126     0.00195295    -0.00112982    -0.00239014     0.00083621    -0.00012389    -0.00001337
127    -0.01574306    -0.01342532     0.01676090     0.00113165     0.00225233     0.00038151
128     0.01136488     0.00198272    -0.01189685    -0.00049431    -0.00118147    -0.00030693
129     0.00330974     0.01140770    -0.00595313    -0.00044615    -0.00097078    -0.00011864
130     0.00549646     0.02135694     0.00459852    -0.00249121    -0.00171974    -0.00143448
131    -0.00056455    -0.01780089     0.00067983     0.00143787     0.00076283     0.00089157
132    -0.00530221    -0.00546350    -0.00839866     0.00145683     0.00101379     0.00059760
133    -0.00287369    -0.01224278    -0.00396785     0.00246668     0.00177705    -0.00203468
134     0.00241189     0.01025897    -0.00105690    -0.00154569    -0.00081217     0.00118351
135    -0.00103898     0.00019548     0.00294280    -0.00098627    -0.00066972     0.00091850
136     0.02560831    -0.00109189     0.00210757    -0.00506957    -0.00335215     0.00245643
137    -0.01104870     0.00646687    -0.00312082     0.00277328     0.00121676    -0.00105187
138    -0.01276158    -0.00362708     0.00224690     0.00345795     0.00256689    -0.00186757
139     0.01517804     0.00426346     0.02178417    -0.00215951    -0.00099760    -0.00328529
140     0.00353974     0.00466635    -0.01236638     0.00080184     0.00038660     0.00133728
141    -0.01493502    -0.00709480    -0.00884227     0.00109372     0.00041962     0.00208536
142     0.00533437     0.00299266    -0.00576255    -0.00079091     0.00110560     0.00131949
143    -0.00185738    -0.00194400     0.00244875     0.00050832    -0.00059553    -0.00077624
144    -0.00311819    -0.00174408     0.00430998     0.00036448    -0.00044725    -0.00058424
145     0.00537414     0.00420659     0.00064054    -0.00104142    -0.00129064     0.00149814
146    -0.00396876    -0.00487760    -0.00147317     0.00048741     0.00061163    -0.00060914
147    -0.00147251     0.00096252     0.00139720     0.00065967     0.00081174    -0.00086815
148    -0.00045636    -0.00053599    -0.00337806    -0.00046453     0.00110095    -0.00077284
149     0.00048240     0.00426038    -0.00432849     0.00022246    -0.00046963     0.00034763
150    -0.00080713    -0.00026184     0.00792102     0.00030290    -0.00059793     0.00040139
151     0.00459041    -0.00434116    -0.00246433    -0.00098642     0.00070871    -0.00152289
152    -0.00135774     0.00378706     0.00219230     0.00053835    -0.00041666     0.00071254
153    -0.00099381    -0.00053477    -0.00084102     0.00052860    -0.00027300     0.00074038
154    -0.01873059    -0.00954706    -0.01060887     0.00003156     0.00185408     0.00185958
155    -0.00613417     0.00096149     0.00124356     0.00000745    -0.00112780    -0.00119802
156     0.02514013     0.00619925     0.00898064    -0.00014539    -0.00088035    -0.00090682
157     0.01316474     0.00083980    -0.00353018     0.00786929    -0.00752669     0.00107113
158    -0.00161261    -0.00270881    -0.00580796    -0.00335170     0.00248157    -0.00085796
159    -0.00755037     0.00164004     0.00972528    -0.00496221     0.00525627    -0.00181654
160    -0.00889752     0.00363514    -0.01133744     0.00374056     0.00071304     0.00237917
161     0.00433055    -0.00237441     0.00519901    -0.00254570    -0.00060264    -0.00153730
162    -0.00144223    -0.00290530     0.00461466    -0.00172312    -0.00042986    -0.00085364
163     0.00328143     0.01168150     0.00927908    -0.00101824    -0.00049638    -0.00199036
164    -0.00142622    -0.00103811    -0.00219035     0.00042957     0.00017004     0.00102989
165    -0.00189153    -0.00933537    -0.00949241     0.00042495     0.00026355     0.00084490
166     0.00629588     0.02136096     0.00988489     0.00122725     0.00042544     0.00284458
167     0.00340868    -0.01358190     0.00909495    -0.00055121    -0.00005326    -0.00129563
168    -0.00712386    -0.00834961    -0.01657277    -0.00076452    -0.00023416    -0.00184546
169     0.00757717    -0.00817132    -0.00631242    -0.00151334     0.00001164    -0.00090728
170    -0.00284167     0.01016078    -0.00085486     0.00078748     0.00007234     0.00049596
171    -0.00241767     0.00158942     0.00471258     0.00084186    -0.00002273     0.00041358
172     0.01367445    -0.00771884     0.00974412    -0.00030671     0.00143746    -0.00116099
173    -0.00609914     0.00282967    -0.00845485     0.00014011    -0.00085092     0.00058843
174    -0.00677819     0.00381651    -0.00022807     0.00018665    -0.00065155     0.00049128
175    -0.00704346    -0.01345239    -0.00704244    -0.00182114     0.00020551     0.00041096
176    -0.00450095     0.01192331     0.00168880     0.00083117    -0.00016285    -0.00018503
177     0.01101991    -0.00071896     0.00468071     0.00102824    -0.00012771    -0.00030182
178     0.00067574    -0.00803250     0.00916017    -0.00148300     0.00052238     0.00033527
179    -0.00056625     0.00047801     0.00341354     0.00077406    -0.00032020    -0.00023017
180     0.00050351     0.01062382    -0.01223809     0.00074336    -0.00029684    -0.00011013
181     0.00203652     0.00174726    -0.00983835     0.00009717    -0.00166226    -0.00280146
182     0.00117493     0.00543943     0.01013362    -0.00002108     0.00067531     0.00111669
183    -0.00138784    -0.00400586    -0.00261236     0.00011011     0.00101937     0.00145946
184     0.00190470    -0.00356664    -0.00226038    -0.00160552     0.00280515     0.00281240
185    -0.01477058     0.00219242     0.00849454     0.00060328    -0.00151013    -0.00170440
186     0.01223902    -0.00101751    -0.00598101     0.00078409    -0.00104491    -0.00128399
187    -0.01834376     0.00403711    -0.00517042     0.00009156     0.00234496    -0.00282825
188     0.01695676    -0.00185159     0.00885138    -0.00027276    -0.00135315     0.00146546
189     0.00158518    -0.00374382     0.00033283    -0.00005067    -0.00102791     0.00162786
190     0.00259367    -0.00109195    -0.00158604    -0.00219172     0.00083409    -0.00028419
191    -0.00301788     0.00484852     0.00575022     0.00097340    -0.00043847     0.00006152
192    -0.00313754     0.00000620    -0.00081214     0.00104726    -0.00029171     0.00010859
193     0.00657148     0.00906802    -0.00022771    -0.00596360     0.00329578    -0.00600340
194     0.00078743    -0.00294255     0.00427434     0.00275535    -0.00255360     0.00269186
195    -0.00679827    -0.00940898    -0.00680082     0.00195806    -0.00117634     0.00227059
196    -0.00070950     0.00826491    -0.00711878     0.00108639     0.00143069    -0.00121653
197     0.00560277     0.00540231     0.00020513    -0.00054586    -0.00073847     0.00075313
198    -0.00324226    -0.01010837     0.00745035    -0.00043153    -0.00060953     0.00051970
199    -0.00536136    -0.00348681    -0.00576501     0.00134812     0.00106675     0.00136668
200     0.00264179     0.00692053     0.00464033    -0.00080878    -0.00053826    -0.00083366
201     0.00045561    -0.00127440    -0.00022082    -0.00055206    -0.00046520    -0.00066553
202    -0.01115322     0.00818302    -0.00038349    -0.00101773    -0.00316290     0.00318749
203    -0.00076604    -0.00242851    -0.00744112     0.00079767     0.00142219    -0.00155131
204     0.00876487    -0.00400798     0.00522993     0.00032102     0.00121490    -0.00144928
205    -0.00007960     0.01068462     0.00125051     0.00483744     0.00597022     0.00261213
206     0.00128833    -0.00663365    -0.00185879    -0.00159531    -0.00296922    -0.00115113
207    -0.00781450    -0.00636609    -0.00001885    -0.00198808    -0.00208144    -0.00084155
208    -0.00617199     0.00933385     0.03580265     0.00745871    -0.00443498    -0.00474468
209    -0.00432470    -0.01086166    -0.00878664    -0.00274456     0.00260953     0.00251466
210     0.01054160     0.00048063    -0.02348179    -0.00464144     0.00311657     0.00168050
211    -0.01135492    -0.01249811     0.00020933     0.00150299     0.00167680     0.00106482
212     0.00965848     0.00326188    -0.00339336    -0.00073525    -0.00074279    -0.00062389
213     0.00893903     0.00662107     0.00478151    -0.00064030    -0.00071607    -0.00040743
214    -0.02410258    -0.00236112     0.00260769     0.02386970     0.00287909    -0.00241275
215     0.01027364     0.00615408    -0.00225042    -0.01028102    -0.00514863     0.00192272
216     0.01165058    -0.00210471    -0.00087829    -0.01254828     0.00216909     0.00007448
217     0.00019592    -0.00332019    -0.00368461     0.00337507     0.00094097    -0.00078745
218    -0.00086192     0.00034269     0.00017715    -0.00155683    -0.00042925     0.00057626
219    -0.00317155    -0.00209434     0.00101525    -0.00221539    -0.00051229     0.00047212
220     0.00533269    -0.00727972     0.00122768     0.00098848     0.00209332     0.00147550
221    -0.01069193     0.00737793    -0.00221421    -0.00062209    -0.00099364    -0.00066939
222     0.00449820     0.00504702    -0.00198820    -0.00043498    -0.00116505    -0.00065211
223     0.00777353     0.01695541    -0.00896218    -0.00973413    -0.01251646     0.00726578
224    -0.01140338    -0.00785898     0.00819432     0.00777945     0.00631222    -0.00287791
225    -0.00121119    -0.00991086     0.00013694     0.00333766     0.00592632    -0.00162942
226     0.00998101    -0.00581477    -0.00124794     0.00166230    -0.00279847    -0.00152815
227    -0.00305767     0.00776187    -0.00275103    -0.00103829     0.00180129     0.00108088
228    -0.00494145    -0.00030667     0.00080080    -0.00084602     0.00113766     0.00078456
229     0.00406676    -0.00668867    -0.01137678    -0.00159766     0.00150909    -0.00062318
230    -0.00850723    -0.00021169     0.00183436     0.00077486    -0.00061971     0.00025921
231     0.00244233     0.00550957     0.01042227     0.00079451    -0.00073682     0.00043222
232    -0.00096865    -0.00173484    -0.00273913     0.00385613    -0.00143778    -0.00156233
233    -0.00472107    -0.00002278    -0.00443059    -0.00244275     0.00107143     0.00114366
234     0.00701380     0.00024012     0.00561187    -0.00211663     0.00065334     0.00052600
235    -0.00885027     0.00448307     0.00226385    -0.00166159     0.00183849     0.00000763
236    -0.00180592    -0.00055366    -0.00788465     0.00089383    -0.00090594     0.00011752
237     0.01016669    -0.00468116     0.00364668     0.00096765    -0.00115275    -0.00006713
238    -0.00709126     0.00050318     0.00094711     0.00455390    -0.00242818     0.00183050
239     0.00452941    -0.00437629     0.00077280    -0.00227099     0.00093396    -0.00123622
240     0.00306569    -0.00103447    -0.00068292    -0.00171334     0.00116196    -0.00080913
241    -0.00532992     0.00168997    -0.00622109     0.00109861     0.00218596    -0.00097732
242     0.00253103    -0.00083967     0.00844961    -0.00069799    -0.00120525     0.00042710
243     0.00099273     0.00072552    -0.00336620    -0.00059320    -0.00098299     0.00056887
244     0.00426450     0.00939788    -0.00530698     0.00184097     0.00167451    -0.00090675
245    -0.00278624    -0.00758641     0.00635813    -0.00073842    -0.00073484     0.00044247
246    -0.00053499    -0.00049451    -0.00115816    -0.00107031    -0.00090253     0.00064068
247    -0.00116501    -0.01691904     0.00840679     0.00495302     0.00701285    -0.00921119
248    -0.00082957     0.00865604    -0.00460551    -0.00317310    -0.00222834     0.00506236
249     0.00365259     0.00660618    -0.00102084    -0.00362602    -0.00533166     0.00445994
250    -0.00017415     0.01152382     0.01888643     0.00105925    -0.00304122     0.00002861
251    -0.00135199    -0.00554469    -0.01370461    -0.00049800     0.00151065     0.00017576
252     0.00124991    -0.00604291    -0.00175849    -0.00043091     0.00122877    -0.00005140
253     0.02201880     0.00289133    -0.00113422    -0.00115634    -0.00002104     0.00205769
254    -0.00844843    -0.00805898     0.00148163     0.00056702     0.00011026    -0.00094862
255    -0.00959693     0.00432015    -0.00136450     0.00050683     0.00002721    -0.00116054
256     0.00117025    -0.00044583    -0.00803296     0.00198919     0.00089366     0.00226708
257     0.00228386    -0.00538132    -0.00612000    -0.00087380    -0.00038059    -0.00126423
258    -0.00316238     0.00651106     0.01530730    -0.00129618    -0.00042245    -0.00125171
259    -0.00040204     0.00276628     0.01780776     0.00282772     0.00250312     0.00094331
260    -0.00410741    -0.00789836    -0.00471432    -0.00110116    -0.00107931    -0.00050629
261     0.00531080     0.00279056    -0.01206915    -0.00129495    -0.00117880    -0.00022751
262     0.00100049    -0.00533416     0.01205392    -0.00791538     0.00244959     0.00121278
263    -0.00317992     0.00432871    -0.01011912     0.00377104    -0.00097568    -0.00135378
264     0.00806623     0.00319907    -0.00333304     0.00287837    -0.00077903    -0.00031007
265     0.02704628     0.00011047     0.00014039    -0.00019884    -0.00158406     0.00238819
266    -0.00537829    -0.00928058    -0.00448105     0.00005673     0.00065946    -0.00128555
267    -0.02068177     0.00799529     0.00608261    -0.00004243     0.00083593    -0.00111753
268     0.00915387    -0.01018185     0.01358953    -0.00055991    -0.00007299    -0.00199659
269     0.00046937     0.00476223    -0.01035042     0.00024182    -0.00000885     0.00085479
270    -0.01266764     0.00224869    -0.00418571     0.00019160     0.00004354     0.00107625
271     0.00402646     0.01012615     0.00031871     0.00495642    -0.00114796     0.00005499
272    -0.00112286    -0.00372763    -0.00417659    -0.00216308     0.00027416    -0.00017395
273    -0.00095650    -0.00234778     0.00314659    -0.00247647     0.00086944    -0.00031510
274     0.01720729    -0.00180002     0.00287873    -0.00252205    -0.00049981    -0.00064489
275    -0.01314949     0.00500389     0.00211666     0.00158710     0.00035200     0.00040437
276    -0.00613214    -0.00130667    -0.00273475     0.00112039     0.00032721     0.00035089
277    -0.00494943    -0.01189940     0.01197121    -0.00492523    -0.00112589    -0.00077512
278    -0.00318722    -0.00338694     0.00195544     0.00269908     0.00049002     0.00001961
279     0.00748180     0.01750643    -0.01437381     0.00287615     0.00039099     0.00074995
280     0.00829223    -0.00472546     0.00548375    -0.00004613    -0.00006310    -0.00237499
281    -0.00737616    -0.00191309     0.00107027    -0.00007918     0.00003390     0.00108468
282     0.00224118     0.00439627    -0.00830734     0.00001485     0.00011434     0.00143906
283     0.00548886    -0.00308548    -0.00590591    -0.00635067    -0.00210236     0.00931024
284    -0.00220633    -0.00280969     0.00569866     0.00361500     0.00260501    -0.00493576
285    -0.00303805     0.00041213    -0.00537008     0.00185548     0.00087393    -0.00348588
286    -0.00093056    -0.01011632     0.00722083     0.00995828     0.00329172     0.00512228
287     0.00203644     0.00978098    -0.00135536    -0.00410761    -0.00256186    -0.00208124
288     0.00511039     0.00274127    -0.00500742    -0.00691298    -0.00165142    -0.00203869
289    -0.00428376    -0.00348809     0.00272738     0.00026873     0.00310983     0.00028321
290     0.00106857     0.00041869    -0.00225117    -0.00023679    -0.00173292     0.00001588
291    -0.00002789     0.00039879     0.00029632    -0.00007023    -0.00127839    -0.00006972
292    -0.00047676    -0.01269029     0.00224499     0.00120060     0.00547978     0.00178737
293     0.00284859    -0.00116624     0.00014673    -0.00015573    -0.00296324    -0.00115576
294     0.00216133     0.01285426    -0.00270275    -0.00041785    -0.00215821    -0.00056349
295     0.00429509     0.00605152     0.00538730     0.00237399     0.00099301    -0.00002666
296    -0.00209946     0.00033457    -0.00471179    -0.00138368    -0.00049375     0.00012314
297    -0.00139138    -0.00003773     0.00020997    -0.00100203    -0.00037903     0.00003192
298     0.01147066     0.00682140     0.00732638    -0.00339408    -0.00377043     0.00037173
299    -0.00435099    -0.00517104     0.00023737     0.00180201     0.00253925    -0.00007512
300    -0.00547442    -0.00597705    -0.00422843     0.00204968     0.00196255    -0.00057274
301    -0.01529657    -0.00690622     0.00891511     0.00135751     0.00086529    -0.00154641
302     0.00529199     0.00884501    -0.00702989    -0.00057844    -0.00037759     0.00063118
303     0.00955094    -0.00105020    -0.00077140    -0.00062006    -0.00051310     0.00085290
304    -0.01085136    -0.00501512     0.01417954    -0.00129485    -0.00020067    -0.00149940
305     0.00019509    -0.00271314     0.00064778     0.00063526     0.00015656     0.00085963
306     0.01096190     0.00674771    -0.01550236     0.00073026     0.00015312     0.00071383
307     0.00887966    -0.00858438     0.00949231     0.00228297     0.00190380    -0.00019136
308    -0.00277397     0.00045194     0.00547848    -0.00116034    -0.00077384     0.00006164
309    -0.00385587     0.00593378    -0.01322539    -0.00108852    -0.00092099     0.00025534
310     0.00416052     0.00632091     0.00368992    -0.00046559    -0.00195587    -0.00117515
311     0.00258272    -0.00007177    -0.00105222     0.00019476     0.00113841     0.00056339
312    -0.00665947    -0.00347203    -0.00100428     0.00030938     0.00091840     0.00050495
313     0.01305789     0.01125928     0.01128364    -0.00485723    -0.00080994     0.00126454
314    -0.00123008    -0.00057645    -0.00339081     0.00184992     0.00030511    -0.00055792
315    -0.01101879    -0.00931539    -0.00523563     0.00274144     0.00019906    -0.00104762
316    -0.00396783     0.01874960     0.00369305    -0.00069790    -0.00321208     0.00152351
317     0.00051067    -0.01465558    -0.00263075     0.00046601     0.00172370    -0.00107372
318     0.00164105    -0.00392357    -0.00076361     0.00021992     0.00193672    -0.00075656
319    -0.01032458    -0.00311599     0.00936486     0.00250227    -0.00497104    -0.00430528
320    -0.00190014    -0.00225081    -0.00509869    -0.00063801     0.00250132     0.00193159
321     0.00542775     0.00394972    -0.00957026    -0.00105184     0.00177716     0.00208721
322     0.00043470     0.00721372    -0.02327519    -0.00157765    -0.00118784     0.00038863
323     0.00205535    -0.00628851     0.01954000     0.00071721     0.00056000    -0.00025952
324    -0.00136964    -0.00220229     0.00548697     0.00082209     0.00072905    -0.00018401
325     0.02303746     0.01683178    -0.00212596     0.00150158    -0.00047176    -0.00373198
326    -0.01851624    -0.00468032    -0.00239346    -0.00051693     0.00027968     0.00204737
327    -0.00296928    -0.01100643     0.00476222    -0.00064298     0.00003000     0.00159125
328    -0.00603142    -0.01915090    -0.00405458    -0.00095102    -0.00114418     0.00234111
329    -0.00895214     0.01182605    -0.00291573     0.00033326     0.00062880    -0.00112790
330     0.01380516     0.00944906     0.00519788     0.00052743     0.00059252    -0.00100607
331     0.00385486     0.00198972    -0.00630046    -0.00140462    -0.00137286     0.00092896
332    -0.00378981    -0.00276889     0.00552323     0.00077689     0.00083254    -0.00043936
333    -0.00019509    -0.00183969     0.00325869     0.00082254     0.00067679    -0.00056088
334    -0.00041482     0.00556877     0.00463601     0.00213880    -0.00205508     0.00130710
335     0.00051006    -0.00154437     0.00392496    -0.00090227     0.00100982    -0.00075743
336     0.00158972    -0.00241770    -0.00772647    -0.00110232     0.00124811    -0.00056635
337    -0.00417304    -0.00098343    -0.00241427    -0.00042604     0.00084289     0.00266718
338     0.00402283     0.00166105     0.00058205     0.00022899    -0.00051256    -0.00118293
339     0.00341881     0.00467560     0.00133412     0.00005529    -0.00044651    -0.00139489
340    -0.00528928    -0.00427440     0.01135547     0.00371745     0.00084288    -0.00249909
341    -0.00137275    -0.00371978     0.00040499    -0.00163674    -0.00018074     0.00133190
342     0.00589529     0.00610203    -0.01060221    -0.00250810    -0.00038184     0.00138067
343    -0.00021250    -0.01587637     0.01145950    -0.00327274     0.00625307    -0.00369913
344    -0.00180857     0.01298818    -0.01145302     0.00105422    -0.00227123     0.00149524
345     0.00061352     0.00500147     0.00033809     0.00111751    -0.00394553     0.00185161
346     0.00445321     0.00387624     0.00274191    -0.00133170     0.00123682     0.00078118
347    -0.00045543    -0.00384159    -0.00316961     0.00054444    -0.00057516    -0.00036806
348    -0.00172257     0.00131764    -0.00156747     0.00075346    -0.00077357    -0.00048015
349     0.00613862     0.00638933     0.00600675     0.00143872    -0.00182212    -0.00325149
350    -0.00816446    -0.00280015    -0.00580178    -0.00044925     0.00092297     0.00157554
351    -0.00105996    -0.00796648     0.00350598    -0.00075022     0.00066571     0.00173872
352    -0.00250376     0.00473370     0.01185401    -0.00024386     0.00222118    -0.00107890
353     0.00428801    -0.00036646    -0.00475102     0.00000564    -0.00112442     0.00048224
354    -0.00202739    -0.00019035    -0.00638885     0.00019445    -0.00108661     0.00042524
355    -0.01121902    -0.00157151     0.00469350    -0.00099072    -0.00251459     0.00049360
356     0.00555139     0.00226830    -0.00393284     0.00043392     0.00139307    -0.00014893
357     0.00390619    -0.00016241     0.00047615     0.00048118     0.00135596    -0.00041548
358     0.00075139     0.00037881     0.00147803    -0.00235683     0.00044708     0.00278845
359    -0.00501195    -0.00117628     0.00054329     0.00092478    -0.00009582    -0.00125822
360     0.00503005     0.00316734    -0.00123694     0.00120535    -0.00038375    -0.00174344
361    -0.00027235     0.00587292     0.00116002    -0.00224253    -0.00220875     0.00247405
362    -0.00173221    -0.00198773    -0.00560547     0.00157160     0.00136869    -0.00140101
363     0.00114707    -0.00528304     0.00205756     0.00107133     0.00081448    -0.00105717
364     0.00197004    -0.00329336     0.01094648    -0.00082806     0.00049619    -0.00298773
365     0.00150348     0.00792053    -0.00166697     0.00039541    -0.00009965     0.00129981
366    -0.00267331    -0.00245129    -0.00589724     0.00039241    -0.00034939     0.00129065
367    -0.00016695    -0.00181763     0.00670857    -0.00108869     0.00179548    -0.00047351
368     0.00055037     0.00427284    -0.00253094     0.00058213    -0.00095855     0.00014097
369    -0.00263270    -0.00295326    -0.00362033     0.00064189    -0.00085542     0.00027052
370    -0.00323642    -0.00656959     0.00113720     0.00056065     0.00238697     0.00086952
371     0.00238019     0.00206960    -0.00582283    -0.00022549    -0.00131982    -0.00034610
372     0.00176507     0.00459476     0.00230308    -0.00016955    -0.00113675    -0.00050773
373     0.00420950     0.00333718    -0.00495882    -0.00235471    -0.00106168     0.00027976
374    -0.00198036    -0.00131389    -0.00244857     0.00102261     0.00057083    -0.00017648
375    -0.00375363    -0.00215546     0.00610025     0.00132094     0.00065678    -0.00003347
376    -0.00835921     0.01009448    -0.01364598    -0.00061721    -0.00393162     0.00000277
377     0.01071629    -0.00326577     0.01133049     0.00012814     0.00209609    -0.00019824
378    -0.00380829    -0.00752852     0.00221130     0.00056869     0.00249528     0.00008519
379     0.00342590    -0.01243673     0.00043332     0.00248091    -0.00025134    -0.00269826
380    -0.00625544     0.01329379    -0.00415264    -0.00121323     0.00029952     0.00116989
381     0.00301397    -0.00039480     0.00087542    -0.00111806     0.00019844     0.00157343
382     0.00150895    -0.00080441     0.00166020    -0.00042638     0.00168926    -0.00000190
383    -0.00518369     0.00555354    -0.00288666     0.00024008    -0.00091715    -0.00007583
384     0.00384068    -0.00626157     0.00170766     0.00021374    -0.00072149    -0.00000519
385     0.00175308     0.00662585     0.00935860    -0.00068904    -0.00000415     0.00288532
386     0.00216341     0.00749468    -0.00299408     0.00050134     0.00007365    -0.00178305
387    -0.00558081    -0.01621700    -0.00919357     0.00028593    -0.00016201    -0.00143754
388    -0.00644064     0.00110592    -0.00442626     0.00333992     0.00008075     0.00061013
389     0.00147469    -0.00126412     0.00208147    -0.00179123    -0.00026458    -0.00033780
390     0.00439335    -0.00255066     0.00258830    -0.00136245    -0.00003391    -0.00033661
391     0.00924816    -0.02530523    -0.00419052    -0.00089841     0.00295632    -0.00218517
392    -0.01222416     0.01172711     0.00749737     0.00026851    -0.00146304     0.00129431
393     0.00647596     0.01106314    -0.00129762     0.00031150    -0.00137392     0.00083474
394    -0.01288854    -0.00668148     0.01302343     0.00089196     0.00383620    -0.00076548
395     0.00340083     0.00629448    -0.00902927    -0.00033659    -0.00159484     0.00047032
396     0.00923968    -0.00039595    -0.00177959    -0.00068416    -0.00181955     0.00031755
397     0.00964622     0.00887901    -0.00497163     0.00007317     0.00137697    -0.00395389
398    -0.00861207    -0.00555981    -0.00832744     0.00015903    -0.00050155     0.00180459
399    -0.00305052    -0.00342291     0.01096736     0.00002857    -0.00094074     0.00265023
400    -0.00207299    -0.00868548    -0.00448274    -0.00243068    -0.00044549     0.00064757
401    -0.00089566     0.00274437     0.00249206     0.00101244     0.00015756    -0.00025515
402     0.00239275     0.00307974     0.00308045     0.00121784     0.00034780    -0.00025871
403    -0.01398623    -0.00178825    -0.01663609     0.00207931    -0.01095187    -0.00177011
404    -0.00063412    -0.00259061     0.00333963    -0.00118544     0.00444379     0.00174807
405     0.01784562     0.00392262     0.01178155    -0.00235328     0.00592205     0.00025273
406     0.00787188     0.00840769     0.00001341     0.00049492    -0.00420635     0.00109987
407    -0.00578373    -0.00694150    -0.00302683    -0.00049603     0.00229924    -0.00086482
408    -0.00099430    -0.00224352     0.00283499    -0.00040682     0.00198592    -0.00030249
409     0.00412235     0.01140258    -0.00469884     0.00060908     0.00154604     0.00005933
410    -0.01172270    -0.01429797    -0.00031017    -0.00027122    -0.00065461    -0.00001837
411     0.00520374     0.00208181     0.00461562    -0.00026742    -0.00082124     0.00002233
412    -0.00511060     0.00211925     0.00428390    -0.00138792     0.00023948    -0.00131281
413     0.00017420     0.00162086     0.00018350     0.00071229    -0.00008223     0.00057027
414     0.00407733    -0.00253535    -0.00306303     0.00067309    -0.00004604     0.00070661
415    -0.01040192    -0.00347175    -0.00016508     0.00074919    -0.00257410    -0.00078398
416     0.00367458    -0.00611852     0.00083806    -0.00052513     0.00137957     0.00054645
417     0.00257942     0.00447471    -0.00127285    -0.00029778     0.00105013     0.00036641
418    -0.00046753     0.00950686     0.02101972    -0.00053162     0.00198154     0.00046693
419     0.00132445    -0.01236502    -0.00473715     0.00032285    -0.00121906    -0.00028122
420    -0.00067514     0.00288566    -0.01654065     0.00024394    -0.00091955    -0.00031302
421    -0.00403028     0.00643085    -0.01102438    -0.00000579     0.00202051     0.00112138
422    -0.00011465    -0.00964672     0.01112374    -0.00000089    -0.00099141    -0.00068771
423     0.00436644     0.00160596     0.00154794     0.00010121    -0.00094174    -0.00050398
424    -0.00473700    -0.00900702    -0.00859618    -0.00038855     0.00154574     0.00080315
425    -0.00307844     0.00249976     0.00453251     0.00015496    -0.00065357    -0.00035531
426     0.00542434     0.00627409     0.00205496     0.00027567    -0.00077162    -0.00044261
427    -0.00889139    -0.00296990     0.00341995    -0.00279060    -0.00470486    -0.00294091
428     0.00477603     0.00018531     0.00241862     0.00124058     0.00169667     0.00121428
429     0.00395199     0.00320507    -0.00853232     0.00134994     0.00249034     0.00216834
430     0.00208940    -0.00707329    -0.01464363    -0.00185349     0.00140556     0.00439878
431     0.00326104    -0.00081726     0.00076218     0.00057359    -0.00067812    -0.00188497
432    -0.00495834     0.00378421     0.01154620     0.00109977    -0.00105644    -0.00303563
433    -0.00614386    -0.00591063     0.00499584    -0.00057790     0.00077903    -0.00191375
434    -0.00599730     0.00587076     0.00077268     0.00023967    -0.00048561     0.00094660
435     0.01155621     0.00265441    -0.00390621     0.00037514    -0.00038681     0.00089146
436     0.01404444    -0.00228251     0.01409464    -0.00325654    -0.00204448    -0.00045819
437    -0.01692321     0.00476598    -0.01245165     0.00173950     0.00136056     0.00010396
438    -0.00187018    -0.00411543    -0.00281420     0.00203853     0.00097320     0.00026404
439    -0.00236673    -0.00333678    -0.00435795     0.00049125     0.00113217     0.00287388
440     0.00108687     0.00060127     0.00144408    -0.00035792    -0.00041891    -0.00143738
441     0.00077043     0.00325289     0.00025336    -0.00035616    -0.00070724    -0.00137173
442    -0.00066235    -0.01204786     0.00567660     0.00162802    -0.00161574    -0.00177502
443     0.00146000     0.00790556    -0.00396763    -0.00078876     0.00087709     0.00110912
444    -0.00125109     0.00576473    -0.00338638    -0.00092849     0.00068713     0.00088218
445    -0.00400245     0.00055164     0.01179966     0.00602825    -0.00035380    -0.00938357
446     0.00111550     0.00192479    -0.01144195    -0.00193893     0.00025148     0.00329045
447     0.00659272    -0.00231209     0.00175060    -0.00385515     0.00103030     0.00420246
448     0.00782555    -0.00536644    -0.00181880    -0.00117806     0.00168056    -0.00187743
449     0.00150451     0.00332187    -0.00039426     0.00060229    -0.00107937     0.00100118
450    -0.00276798     0.00238189    -0.00287015     0.00043667    -0.00075304     0.00093440
451     0.00912887    -0.00438333    -0.00402195    -0.00172772    -0.00102192     0.00142720
452    -0.00245068     0.00158259     0.00177031     0.00069326     0.00044051    -0.00063828
453    -0.00445788     0.00371343     0.00101120     0.00091860     0.00040207    -0.00066925
454     0.01439938     0.00485654     0.01283279    -0.00000514     0.00188005     0.00005358
455     0.00198156    -0.00524425    -0.00847764    -0.00000269    -0.00084223    -0.00008431
456    -0.01628975     0.00063756    -0.00737565     0.00008470    -0.00092917    -0.00000685
457    -0.01094211     0.01196133    -0.00497942     0.00320524     0.00120054     0.00087802
458     0.00773674    -0.00419301     0.00198097    -0.00146660    -0.00059019    -0.00022638
459     0.00271952    -0.00415112     0.00206305    -0.00163028    -0.00085363    -0.00053477
460     0.01067843    -0.00599524     0.00387978     0.00090996     0.00023850    -0.00234293
461    -0.00092108     0.00684557    -0.00228237    -0.00040840    -0.00024633     0.00119952
462    -0.00641939     0.00279673    -0.00102447    -0.00054557    -0.00012962     0.00106381
463     0.00472671    -0.00235140     0.00582640    -0.00213189     0.00013892     0.00148466
464     0.00167865     0.00473744    -0.00369622     0.00116737    -0.00015595    -0.00066883
465    -0.00394013    -0.00109366    -0.00173789     0.00113263    -0.00012857    -0.00094487
466     0.02080359     0.01087692    -0.00745563    -0.00261695     0.00073712    -0.00110505
467    -0.00574638    -0.00272594     0.00098359     0.00129802    -0.00046321     0.00041430
468    -0.01230544    -0.00683537     0.00198646     0.00119827    -0.00021682     0.00046201
469     0.00126641    -0.00480032    -0.00124179    -0.00491676     0.00043145    -0.00242754
470    -0.00883612     0.00705331    -0.00343203     0.00299133    -0.00054944     0.00180865
471     0.00750198    -0.00180773     0.00548647     0.00192557    -0.00035931     0.00094776
472    -0.00862849    -0.00245377     0.00369772    -0.00131348     0.00056332    -0.00073614
473     0.00277472     0.00469190     0.00081640     0.00064062    -0.00021050     0.00036314
474     0.00381312    -0.00191168    -0.00258258     0.00070335    -0.00032887     0.00045998
475     0.00026426     0.01289668    -0.01451473    -0.00198872     0.00010842    -0.00063319
476     0.00967167    -0.02135542     0.00602076     0.00108369     0.00003967     0.00031982
477    -0.01089914     0.00766488     0.01062562     0.00093713    -0.00007706     0.00021848
478     0.01461796    -0.00084266     0.00557112     0.00038771    -0.00009253    -0.00181928
479    -0.00783045    -0.00550835    -0.00849371    -0.00027975     0.00000004     0.00099944
480    -0.00856011     0.00718916     0.00500480    -0.00021078     0.00007765     0.00079734
481     0.00199604     0.00629377    -0.00636316     0.00192536    -0.00433859     0.00266111
482     0.00066017    -0.00215623     0.00410340    -0.00081651     0.00161423    -0.00121492
483    -0.00345308    -0.00376363     0.00125545    -0.00129357     0.00216032    -0.00105535
484    -0.00081812    -0.01046085    -0.01014488     0.00183270     0.00288185    -0.00034974
485     0.00658985     0.00513206     0.00591050    -0.00079977    -0.00137902    -0.00000871
486    -0.00929171     0.00951469     0.00469117    -0.00106813    -0.00128971     0.00016226
487    -0.00571663     0.00467155     0.00389675    -0.00304049    -0.00801729    -0.00058537
488    -0.00215003    -0.00166584    -0.00126690     0.00161108     0.00349405     0.00098936
489     0.00786911    -0.00009980    -0.00184578     0.00083105     0.00487893     0.00045504
490     0.02317837     0.01715775     0.01357041    -0.00360613     0.00091790     0.00022115
491    -0.00519798     0.00606203    -0.00691067     0.00154354    -0.00050147     0.00002917
492    -0.01458798    -0.02296185    -0.00482955     0.00169393    -0.00022824    -0.00008179
493     0.01063489    -0.00905292     0.00911966     0.00173936    -0.00123840     0.00220189
494    -0.01185482     0.00046777    -0.00384154    -0.00078562     0.00047586    -0.00088744
495     0.00252239     0.00823184    -0.00381590    -0.00115518     0.00064165    -0.00129128
496     0.00448729    -0.00329927    -0.01520435    -0.00139275     0.00114934     0.00028736
497     0.00179293    -0.00058408     0.00769213     0.00067955    -0.00059528    -0.00022381
498    -0.00716718     0.00330705     0.00529401     0.00075727    -0.00069361    -0.00010731
499    -0.02776617    -0.02391507    -0.00333780     0.00921100     0.01666997    -0.00176221
500     0.00461780     0.00535488     0.00627680    -0.00349220    -0.00562063    -0.00053715
501     0.02221462     0.01639735    -0.00186036    -0.00248948    -0.01042095    -0.00050049
502    -0.00040823    -0.00705398     0.00570728    -0.00187159    -0.00384674    -0.00620366
503    -0.00399578     0.00462939    -0.00512175     0.00114665     0.00129428     0.00302541
504     0.00549088     0.00308845    -0.00344520     0.00104403     0.00278034     0.00459747
505     0.00101471     0.00932919    -0.00473123    -0.00166534    -0.00204388     0.00054075
506     0.00099298    -0.01082883     0.00335116     0.00107445     0.00124978    -0.00026342
507     0.00169021     0.00313678    -0.00117867     0.00069538     0.00107555    -0.00024882
508     0.00460119     0.01281215    -0.00187259     0.00036410    -0.00162367     0.00169238
509    -0.00373449    -0.00306331    -0.00420674    -0.00016044     0.00095653    -0.00081994
510    -0.00090010    -0.00704558     0.00758763    -0.00012984     0.00067783    -0.00070534
511     0.00938054     0.00228182    -0.00034433    -0.00020387    -0.00297814    -0.00093987
512    -0.00315886    -0.00136704    -0.00050985     0.00018298     0.00166912     0.00033394
513    -0.00415471     0.00025936    -0.00345015    -0.00007877     0.00145847     0.00043454
514    -0.01556833    -0.00265738    -0.02052399     0.00721911    -0.00251640     0.00857516
515     0.00861286     0.00346351     0.00616763    -0.00476913     0.00018894    -0.00421123
516     0.01462435    -0.00041409     0.01656382    -0.00430366     0.00295299    -0.00556327
517    -0.01295333    -0.00740299    -0.01712492    -0.00167197    -0.00020327    -0.00555741
518     0.00445270    -0.00645590     0.01055936     0.00066444    -0.00013552     0.00218899
519     0.00635648     0.01119916     0.00432919     0.00097060    -0.00024929     0.00368042
520     0.01688816     0.00256906    -0.00249656    -0.00237841     0.00342935     0.00052554
521    -0.01209527    -0.00729454    -0.00072233     0.00091486    -0.00182417    -0.00026087
522    -0.00296971     0.00704667     0.00179127     0.00167677    -0.00224427    -0.00025964
523    -0.00596100    -0.00638643     0.00732308     0.00281559     0.00501728     0.00728071
524     0.00565572     0.00508008    -0.00672337    -0.00215809    -0.00329036    -0.00330730
525     0.00238572     0.00487310     0.00425032    -0.00088893    -0.00297732    -0.00512059
526    -0.01585394     0.00839500    -0.00156084     0.00076414    -0.00568846     0.00654719
527     0.00696016    -0.01145827     0.00075922    -0.00079105     0.00272823    -0.00247443
528     0.00884997     0.00139078     0.00140564     0.00025458     0.00244119    -0.00260230
529     0.00784424    -0.00637861    -0.00751103     0.00038446     0.00201904    -0.00075842
530    -0.00616048     0.00367764     0.00072887    -0.00016787    -0.00084318     0.00036458
531    -0.00165243     0.00064151     0.00580813    -0.00031515    -0.00106783     0.00043415
532     0.00007132    -0.01045898     0.01095601     0.00741452     0.00062074    -0.00188691
533     0.00722713     0.00237631    -0.00284644    -0.00550225    -0.00048048     0.00130290
534    -0.00306075     0.00826438    -0.00881462    -0.00337480     0.00016840     0.00047034
535     0.00333175    -0.00099863    -0.00965048     0.00041430    -0.00156167     0.00574988
536    -0.00531870    -0.00604194     0.00376662    -0.00038880     0.00142447    -0.00328924
537     0.00169060     0.00668936     0.00779262    -0.00059292     0.00046169    -0.00315216
538     0.00621880     0.01154296     0.01257300    -0.00313308    -0.00089849    -0.00225211
539    -0.00544767    -0.00025270    -0.00290199     0.00152423     0.00050634     0.00144739
540    -0.00301515    -0.00976636    -0.00861564     0.00194571     0.00029593     0.00121883
541    -0.01837372     0.01510635    -0.01079709     0.00979736    -0.01689987     0.01324328
542     0.00224901    -0.00872042     0.00581497    -0.00278120     0.01042014    -0.00733719
543     0.00518185    -0.00428357     0.00362566    -0.00162183     0.00584521    -0.00527730
544    -0.00112368     0.00827153     0.03319417    -0.00027204    -0.00713951    -0.02018658
545     0.00114880    -0.00508376    -0.02156857    -0.00008764     0.00576462     0.01140381
546    -0.00196421    -0.00379554    -0.00800162    -0.00210786     0.00157264     0.00810311
547    -0.00471685    -0.01834203    -0.00598819    -0.00150761     0.00612049     0.00305686
548    -0.00043623     0.00903649     0.00588738     0.00096988    -0.00243876    -0.00164539
549     0.00201604     0.01004521    -0.00070919     0.00127539    -0.00439578    -0.00215983
550     0.00333329     0.00232802     0.00362680    -0.00162672     0.00083354     0.00075856
551    -0.00024045     0.00257512    -0.00370180     0.00072879    -0.00035141    -0.00041152
552    -0.00489265    -0.00455252     0.00102921     0.00078031    -0.00050871    -0.00038673
553    -0.00873437     0.00111660     0.00960990     0.00034693     0.00172878    -0.00021330
554     0.00293700    -0.00485547    -0.00666843    -0.00017414    -0.00092097     0.00019231
555     0.00659262     0.00352497     0.00087751    -0.00010940    -0.00090620     0.00006890
556    -0.00177545    -0.00106167     0.01650974    -0.00177396     0.00081987    -0.00144364
557    -0.00284276    -0.00637347    -0.00821369     0.00081473    -0.00028701     0.00072049
558     0.00452788     0.00572661    -0.00542688     0.00105153    -0.00040262     0.00069230
559    -0.00308197    -0.01486869     0.00580718    -0.00081249     0.00147050     0.00100219
560     0.00128773     0.00551389     0.00524617     0.00052928    -0.00086876    -0.00055586
561     0.00252619     0.00791495    -0.01276634     0.00040210    -0.00066814    -0.00056581
562     0.00285676     0.00060331     0.00743085     0.00052919     0.00087721    -0.00232985
563    -0.00068436    -0.00014493    -0.01281633    -0.00014656    -0.00036650     0.00105906
564     0.00097045    -0.00157721     0.00413590    -0.00025298    -0.00053800     0.00145191
565    -0.00568232    -0.00672043     0.00809561    -0.00171564    -0.00119029     0.00457088
566    -0.00090311    -0.00344574     0.00473135     0.00055169     0.00072739    -0.00262205
567     0.00702613     0.00740436    -0.00897123     0.00068905     0.00060988    -0.00175504
568    -0.00774497    -0.01879988    -0.00395587     0.00140041     0.00031491    -0.00183334
569     0.00253342     0.00738944    -0.00274069    -0.00086845    -0.00010074     0.00103440
570     0.00236944     0.00806436     0.00640187    -0.00072441    -0.00026771     0.00088023
