 Number of water molecules:
         190

 Atomic and electronic energies:
    -3.38853079    -0.10176564

 Atomic coordinates:
  1    -8.43856037    14.33303749    -9.14030553
  2    -8.14795840    14.67788883    -7.27857354
  3    -9.35625933    12.64432409    -9.27558986
  4     7.30121056     6.83410756    12.61306045
  5     7.66019453     8.41243063    11.53993759
  6     8.45922966     5.49559308    11.86037504
  7    -6.64418241     9.29617029     7.48789811
  8    -5.21846710     8.20340869     8.14842355
  9    -6.29628490     9.35419994     5.57683256
 10    15.03038430    -7.59850543    -9.17836400
 11    16.88773376    -7.84367841    -9.33860479
 12    14.76443811    -7.37889102    -7.26299806
 13     1.86180376     5.56780058    11.27710214
 14     2.55397770     4.77020463    12.89538732
 15     3.17557532     5.06687035     9.94662466
 16    -9.65133649     9.00748015    -9.05591566
 17   -10.57882477     7.37232017    -9.41739424
 18    -7.94298005     8.88133037    -9.95974013
 19     1.95301183     2.99712081   -18.70645742
 20     2.00071513     1.08602800   -18.54128996
 21     0.20857335     3.69018707   -18.27425724
 22   -16.83549174     8.37031509     1.06469742
 23   -15.79904390     9.49593172     2.25038946
 24   -17.51053816     9.46828300    -0.34241603
 25     9.16657719     7.11454857   -12.82491701
 26     7.97332845     6.38524770   -14.18838972
 27     8.22551545     6.83043555   -11.19752357
 28    -5.19843769   -10.78460109    -9.60327595
 29    -4.93376215    -8.94366434    -9.89169064
 30    -6.83214030   -10.92414648    -8.60236092
 31   -12.45798740     2.01487826     6.93008942
 32   -13.31332933     3.70275054     7.34660499
 33   -11.98129843     2.06607294     5.02956776
 34    -0.94625778     9.23199631   -14.27613863
 35     0.61512689     8.68237599   -13.29996359
 36    -1.04427207    11.08618527   -13.74591737
 37     7.20408845     5.87845784    -8.23821748
 38     9.06949976     5.71067202    -7.66020717
 39     6.26962535     4.53836630    -7.20568286
 40     2.51607766    -4.88507983   -13.07124638
 41     1.16429222    -4.15861833   -11.91925003
 42     2.36042460    -6.80169313   -13.01663258
 43    -3.83605568     4.89181474     0.65872898
 44    -3.59313808     5.09216072    -1.20107887
 45    -5.02310281     3.35476628     1.06851994
 46     6.22678085    -1.09799064    10.79742768
 47     6.94256123    -2.25225708     9.38877842
 48     5.71143795     0.48086311     9.80130515
 49     2.45772797     6.92653726    -2.20984752
 50     3.66802779     5.61565439    -1.56400113
 51     3.44296130     8.57296776    -2.31432793
 52     1.98856323    -6.67701031    16.63076200
 53     0.76332046    -5.43612322    17.39371198
 54     2.55678709    -5.92774811    14.92774600
 55   -14.22054036    -9.78583029    -6.41066446
 56   -15.05938766   -11.32548120    -5.71290852
 57   -12.33395999   -10.24559658    -6.45215791
 58    -6.80397038     5.08302643    13.04268173
 59    -6.43095167     4.33889048    14.80949785
 60    -7.26944381     3.53502690    11.98798868
 61    11.99899591    -4.97814341     9.11205978
 62    10.16977751    -4.61558969     8.46107124
 63    12.83034386    -3.27245661     8.93622392
 64   -13.34220307    -5.80904235    10.03296506
 65   -13.78254561    -5.69924603     8.17026539
 66   -13.07659654    -3.98280769    10.62833653
 67     9.83522198   -13.23772550     2.81635898
 68     8.99297039   -14.77546873     2.00414174
 69    10.06435733   -11.93522777     1.46120456
 70     1.19892278     1.22501258    -7.67267392
 71     2.78395333     1.60363028    -6.62976433
 72    -0.33097272     1.38719466    -6.43817427
 73     0.41688516     2.57612309     2.48066583
 74     0.62793507     0.81908755     1.72472165
 75    -0.99206833     3.44778811     1.46700923
 76    -0.99708908   -12.97412681   -11.25286059
 77    -2.65520867   -12.11060664   -10.75002399
 78    -1.15489472   -14.76046787   -10.48247815
 79    -2.65322089    -3.14951747    -4.03891860
 80    -0.75578832    -3.33524721    -4.17634555
 81    -2.98039591    -1.46746013    -4.91593776
 82     0.69178924     0.53164428     7.29176007
 83     0.40588073     1.22460926     5.52019818
 84    -0.46551857    -1.03189182     7.37970238
 85    -4.06323085    -3.55847409     0.81424382
 86    -5.00670295    -1.85999980     0.99949032
 87    -3.43564230    -3.63484486    -1.03096084
 88    -1.07968457    11.62521548     3.18556495
 89    -0.62797822     9.94833149     4.00708458
 90     0.62185745    12.28862110     2.61975256
 91   -15.94039499     8.66466349    -4.96852664
 92   -15.59971679     7.06811507    -3.91095598
 93   -16.47231326     8.05573271    -6.73997889
 94     2.40311745   -13.12515861    -7.16070455
 95     1.16324824   -12.63332569    -8.54953668
 96     1.74421504   -14.64029511    -6.19663767
 97    -2.94837430    15.95581987    -3.99724636
 98    -2.88519266    17.08489727    -2.49122944
 99    -4.70002911    15.22752654    -4.07782543
100    -6.78084419    -0.78888449     6.74969021
101    -7.35968804    -0.42717052     8.55455898
102    -5.13720529    -1.82473294     6.93660816
103    -1.00475386     8.02187076    16.11680888
104     0.22258526     9.16474769    15.09850324
105    -2.69727707     8.90385279    16.05435764
106    -5.64197158     2.88220540    17.45402059
107    -3.77677908     2.65348049    17.54909800
108    -6.31242018     1.11618943    17.61217643
109   -14.72284677    -2.35676488     0.70457071
110   -14.78442336    -3.42009258     2.31447792
111   -14.66545499    -3.61873273    -0.72232472
112     3.54023518   -17.10196758     9.81276431
113     1.76713143   -16.84024212     9.11367745
114     4.61211666   -17.47464943     8.31644554
115    -6.12489393     3.33221725    -9.92530475
116    -8.02568445     3.40379457   -10.25124660
117    -5.45127377     5.00926053   -10.59024856
118     9.03359041   -12.83161463    10.91805872
119     7.74706616   -13.34884345    12.28515063
120    10.04128577   -11.38071751    11.72885507
121   -13.34816876    -6.05738654   -10.11082771
122   -14.05247388    -7.58423619    -9.17889427
123   -11.69556520    -5.66396431    -9.16531159
124   -18.37634241     0.79529187    -1.04884336
125   -17.04512050    -0.32642646    -0.18270391
126   -19.73270823     1.03032168     0.26753318
127    10.00977174    13.79468472     3.19232183
128     8.82695043    13.89143329     4.72458343
129     9.99285811    15.55882278     2.42376614
130    -9.13805715   -10.39111067    -6.24604303
131    -8.99329760    -8.50272039    -6.62450503
132    -9.12824553   -10.55100303    -4.29293656
133    12.13545821     4.97528685    -7.49116961
134    12.45213337     3.14283356    -6.92506073
135    12.76000876     4.92919933    -9.31803041
136    -5.98892687    -7.75634182     4.83798133
137    -7.37708291    -6.48795429     4.39539149
138    -4.35665472    -6.89673208     4.34020386
139    -4.92020597    -5.70463567   -10.85889265
140    -5.42942773    -5.72368821   -12.73619682
141    -3.54693572    -4.33136658   -10.69898961
142    -6.12835715     9.86058224    15.11474291
143    -6.41648687     8.18969355    14.16370440
144    -7.30699614     9.90073621    16.54947687
145    -6.60591321   -13.15148087    13.31736490
146    -7.78137040   -14.51342489    12.73275755
147    -5.96728509   -12.31598589    11.70219572
148    -5.34538153    16.66260336   -12.54925722
149    -6.05047198    18.38506900   -12.77400249
150    -6.56605494    15.70667757   -11.43151911
151    -7.86048613     5.33911626   -15.75381726
152    -8.52342027     6.90095261   -14.84391289
153    -9.27211212     4.02500308   -15.56545391
154     2.48869279    10.39646685    13.12862908
155     2.16751383     8.71490019    12.25425866
156     4.38192795    10.51469748    13.39056182
157     8.42031093    -7.84235168     1.31185927
158     9.81873068    -7.70286373     2.63570671
159     6.89075956    -7.09451379     2.24471312
160    13.18760104     0.03916383     8.03692116
161    11.76242424     0.26903851     6.70269432
162    14.74203533     0.75357849     7.20145795
163    -5.88746689    -5.92164291   -15.99080856
164    -4.82231419    -4.64497346   -16.92982690
165    -5.36928094    -7.60887395   -16.66577718
166     8.75081273    -0.14959027    15.20248609
167     9.00675704    -1.70630412    16.26833574
168     7.78228572    -0.68367457    13.61174686
169   -15.99648940    -1.55792627   -10.44262228
170   -15.25505692    -3.32941555   -10.44856219
171   -16.40844708    -1.21985926    -8.58148896
172    -1.15236750    13.84018903   -12.39632467
173    -0.50488433    14.19149655   -10.61521289
174    -2.58801315    15.13523541   -12.60048056
175   -17.73784800     0.04693308     5.22786278
176   -18.36327140     1.91804763     5.19706498
177   -15.98718995     0.13527431     5.94758066
178   -18.22260017     5.04456662     4.99137138
179   -16.95061007     5.49449396     6.35198519
180   -17.94251104     6.36066228     3.59433906
181     3.00443966   -10.40944232   -13.03799332
182     3.29592569   -11.05939987   -14.82042579
183     1.44794638   -11.38470794   -12.31585693
184    -2.84763829     6.53817708     9.57921422
185    -1.08615151     6.17648629    10.31248940
186    -4.02984238     5.58945771    10.72010776
187     2.56300043     7.32864584   -10.72384993
188     4.20990278     7.22233822    -9.72095114
189     2.25323446     5.52794324   -11.38422262
190   -14.95802510     4.59814703    -1.68582146
191   -15.52134133     6.01664185    -0.54420936
192   -16.38900530     3.31836145    -1.71480358
193    -3.85951080     1.43960325    -5.75572153
194    -3.36956374     3.15650218    -5.05040348
195    -4.65111803     1.81543311    -7.50653488
196    12.13815811    10.54585843   -10.15666803
197    10.96485025     9.30351988   -11.03344638
198    12.14498405    12.11513793   -11.12953569
199    14.37807956     7.37506543    12.28039290
200    13.68822444     5.58239286    12.11395493
201    14.48492755     7.68942694    14.14123268
202    -0.63479534   -11.27035397     9.66662217
203    -2.43456939   -10.60509544     9.82954177
204    -0.03096626   -11.62927609    11.43427901
205     8.09565642     5.25572082     4.14901991
206     6.86772344     6.74702897     3.98886773
207     9.85124157     6.07002163     4.14787483
208     8.81760298    -6.43612190    -3.81591170
209     7.88248233    -7.98460481    -4.42212648
210     8.77558539    -6.68597302    -1.92151977
211    13.49118108    10.34854402     8.32939597
212    14.06803493     9.21645970     9.79354437
213    14.63805819    11.88476945     8.43161687
214     7.49473301    -1.73288254     0.11801981
215     6.49820187    -0.12437068    -0.37633421
216     6.23532794    -3.00408340     0.78320158
217    16.25919092     1.82255135    -2.87610205
218    15.96611958     1.63480388    -4.74649957
219    14.91972914     0.76431168    -2.04542809
220     8.56948182    11.12395566    10.09706263
221    10.27830844    10.74525145     9.32510287
222     7.89166153    12.56496852     9.05138873
223    -1.03637530    -6.62707008     3.29391535
224    -1.98085227    -5.36458840     2.12671275
225    -0.93273057    -8.18123789     2.17802588
226     9.43836690   -14.01652824    -5.51052377
227     8.05606621   -12.71245777    -5.42004208
228    10.57998222   -13.48528435    -6.98223383
229   -11.27147138    10.38246499    -4.42793877
230   -13.15165238    10.03158259    -4.58751605
231   -10.55065333     9.67215187    -6.09360985
232    14.02301028    -6.88773401    -4.19880000
233    12.08180803    -6.82816224    -4.17487273
234    14.64571834    -6.40290396    -2.44596085
235    -9.76923624    11.47333900     0.72305716
236   -10.01202328    10.69351584    -0.98617848
237    -8.18038276    10.68095251     1.46485141
238    12.61605912    -7.71589357     4.73518535
239    12.54033943    -6.62025128     6.33564333
240    12.97561291    -9.49462390     5.41516783
241     9.51089527    12.36394414    -5.78038752
242    10.29492286    12.00682067    -4.08100228
243    10.40911921    11.31252336    -7.10551897
244    14.71218829     8.92780154    -5.48850168
245    14.53823595     9.81112607    -7.16431586
246    13.75436354     7.28570119    -5.84270509
247     5.46727618     2.23380646    -5.18840539
248     6.29763668     0.57563554    -5.69519683
249     5.45597671     2.33465529    -3.24225078
250     7.31631257   -17.28185539     0.86865347
251     6.98662119   -17.38701849    -1.06364787
252     8.20404027   -18.90694814     1.33902403
253    -6.46966594    -2.27163690    16.81527755
254    -7.06583846    -4.09990351    17.09208625
255    -4.57590063    -2.45967178    17.17253882
256    12.39044312     2.65063525    12.41499878
257    11.20821603     1.60598527    13.56699302
258    12.64371494     1.57971872    10.81823295
259    12.75272903     7.19623214     4.45407681
260    12.97970078     8.59517094     5.78061375
261    13.41120909     7.91178779     2.80249798
262    -6.73873838     0.95191971     1.86991146
263    -6.57167569     0.44008997     3.70660424
264    -8.62350170     1.27566783     1.67173790
265     1.48149063   -11.37615165    14.56095114
266     1.97190651    -9.84336136    15.58489368
267     3.11724596   -12.38474000    14.42802067
268    -2.76727682    -2.66356882   -18.42285703
269    -3.29738785    -2.19415328   -20.18120499
270    -0.78601882    -2.61283549   -18.42118356
271    14.83326855    -5.32000303     0.71226044
272    16.11617049    -4.10624838     1.47025851
273    14.04801253    -6.27641541     2.21455513
274   -14.29179923    -5.33209168    -3.44438903
275   -12.42729201    -5.14070746    -2.90916670
276   -14.40721413    -6.97945424    -4.42730438
277    -9.56540532    -4.82707229    -1.05564955
278    -9.30731472    -4.45611266     0.82341406
279    -8.77412028    -3.32736062    -1.90795867
280     2.20340310    -2.56485006   -17.85859545
281     3.87803208    -3.08920830   -18.72741190
282     2.36046513    -3.18642823   -16.04780629
283    -2.42732709    -3.49784810     7.42169670
284    -1.49097993    -4.65729383     6.13295823
285    -2.43372984    -4.43070885     9.08577563
286     9.59006210     0.35032422     4.37132872
287     9.21989956     2.23732802     4.25072890
288     9.20758471    -0.38487589     2.63471001
289     3.41228939    13.61412942     1.97602079
290     4.14955507    12.87394318     0.32871470
291     3.02068642    15.45421110     1.52014327
292     4.74729233     8.94971168     4.04799160
293     3.02957692     8.28376996     4.65545354
294     4.42197351    10.63829533     3.19989225
295    18.58723960     4.79765120     0.38336353
296    17.80931280     3.50024215    -0.83146691
297    20.30958211     5.22093787    -0.27392551
298    -5.81932120   -11.64029095     1.55162549
299    -3.91173088   -11.59375563     1.09444582
300    -6.03045521   -10.28423938     2.90874220
301    13.86120732     5.17646010   -12.55155946
302    15.15327997     6.43380766   -13.09788839
303    12.13185024     5.98171345   -12.97441585
304   -10.73950404    -4.16537984   -14.97171656
305    -9.05832344    -4.94975476   -15.39346807
306   -11.65436740    -5.35288094   -13.79003374
307    14.80649663     8.45046889    -0.27309270
308    16.20908347     7.19133091     0.05705592
309    14.93843843     8.80230274    -2.15706964
310    -1.16411091   -17.34293920    -8.78065429
311    -0.19938922   -17.58408084    -7.09639224
312    -2.73635877   -18.40027828    -8.68224454
313    -9.51960058    -4.27638651     3.99499151
314   -11.29238778    -4.57380316     4.67219247
315    -8.79848071    -2.81267882     5.03271801
316    -0.52500373   -15.65038786     6.70177262
317    -0.81333988   -13.97218463     7.56872306
318     0.98834356   -15.37327045     5.55193783
319     6.03110279   -10.16127531    -5.91563637
320     4.30023132   -11.07704802    -6.16532535
321     6.55647648    -9.62958909    -7.68582703
322   -13.30389882   -14.14046560     4.82324555
323   -13.29708759   -14.32190568     6.71189943
324   -11.63587328   -14.92978295     4.28618400
325     7.47392652    -3.79533800   -12.24084269
326     5.56613414    -4.05263789   -12.51465927
327     7.95006434    -2.62391479   -13.69522286
328    -3.47268935    -9.33125429    15.15738377
329    -1.75813209   -10.20658033    15.20497389
330    -4.78775534   -10.70685628    14.81514831
331   -10.17525233   -14.38079277     9.03696754
332    -9.14408651   -14.55799312     7.42310935
333   -10.17342043   -12.50468628     9.44721589
334    12.88714863   -12.35576580     6.99182196
335    11.80433198   -12.81489747     8.50766377
336    11.96448798   -13.04643190     5.42526122
337    -0.38212205     2.99884050    16.40952024
338    -0.73402572     4.88535114    16.39854427
339     1.53056377     2.95804836    16.32478331
340    13.17607664     0.05202856    -6.67311715
341    12.67436273    -1.24276013    -8.03942887
342    12.55077196    -0.60089181    -4.98128238
343    -2.12746564     5.80650877    -4.06612982
344    -2.12699465     7.20520850    -5.41182042
345    -0.49677722     6.10090843    -3.09134014
346   -11.37105410    10.84094863     8.24325641
347   -11.17207450    12.30300425     9.46333515
348    -9.54086151    10.17947877     8.00242422
349     7.30596230    -8.97367979   -10.74425366
350     5.62429368    -9.66713479   -11.52270750
351     7.49585936    -7.29799638   -11.64493072
352     0.45904175    14.31319041    -7.47956068
353     2.23009923    14.51630406    -6.76065733
354    -0.72521346    15.12540549    -6.17984364
355    -3.98202369   -17.97587516     3.66319855
356    -2.96612729   -17.61701062     2.09140193
357    -2.89652948   -17.48261750     5.17493138
358    -7.07859111    -0.11442345    12.20375323
359    -7.29927356    -1.03222786    13.87421896
360    -5.16793179     0.15196027    11.98236176
361    -5.63088701    -9.77559727     9.54179662
362    -5.70271058    -9.11501588     7.68705793
363    -7.30301198    -9.25365815    10.25535122
364    -1.98473028     0.47971257   -14.50625441
365    -2.56548636    -0.67155833   -15.91541974
366    -2.48675657     2.23508029   -15.11016656
367    -7.90433731    14.27637409    -3.65497523
368    -8.19251275    14.44247002    -1.77927245
369    -9.06634685    12.81656931    -4.20449022
370     6.12852090    14.33874732     6.65745332
371     5.26532341    14.08794482     4.94909719
372     4.69475260    14.53144558     7.93077674
373   -13.79230679    -9.66589749     2.50417954
374   -13.93851419   -11.39827470     3.31710523
375   -12.56071735    -9.86296814     1.05895353
376    -0.11025572   -16.13856748     0.28362243
377     1.24246317   -15.87962572     1.61947614
378    -0.74542647   -14.33580834     0.04097035
379    12.34062972    -3.23855359   -10.49479365
380    13.22731454    -4.81938985    -9.94674643
381    10.63131703    -3.81894067   -11.12641544
382    -2.78478178    18.67245069     0.63279467
383    -2.88063564    17.88783602     2.44354126
384    -3.94270080    20.18785744     0.69897473
385    -1.32205434    -2.27118473    16.65880718
386    -1.64770479    -2.73308143    14.79208903
387    -0.80667249    -0.41732402    16.67574185
388    17.50384209    -1.88733763     3.11878647
389    16.50275771    -0.29326745     3.59633249
390    19.11080699    -1.94858829     4.05343580
391    -1.44796283     9.37910525    -7.61978697
392     0.02352208     8.63940860    -8.56729128
393    -0.99005630    11.24440039    -7.35894512
394     5.33534650    11.19413669    -1.98238495
395     5.29987174    11.89534474    -3.78959307
396     7.26194556    11.01751836    -1.62752442
397     2.30925170     2.47366431   -12.34545583
398     0.90812716     1.56378500   -13.38557679
399     2.07078781     1.87072913   -10.52984351
400   -14.61803139    -5.35279518     4.97338840
401   -16.52057365    -5.22345979     5.29909437
402   -14.34368762    -7.06200007     4.08686526
403     4.05840185   -10.43590483    -0.87596977
404     4.44377946   -10.30986073    -2.76162072
405     5.47904559    -9.59184748    -0.01008202
406     3.62869481   -15.18075004     3.73189966
407     4.54406451   -13.90828906     4.83753286
408     5.01332451   -15.92468096     2.57449361
409    10.22055877    18.46198742     1.03962701
410    11.03185019    20.11833784     1.17011427
411     8.83723437    18.64096863    -0.32005930
412   -12.46415742     0.53917217   -13.46541766
413   -14.04412236    -0.19214192   -12.60040943
414   -11.70477100    -1.02271730   -14.32891087
415     6.81171626   -18.07862929    -4.15195908
416     7.85350549   -16.53717754    -4.71237880
417     6.90039255   -19.24048771    -5.63416648
418    -2.67057233    16.35880208     5.00785863
419    -2.32353529    14.52979314     4.54154456
420    -2.73240892    16.40504060     6.94106226
421     2.17520109    14.47479073     9.81916360
422     2.15019668    12.97723892    11.04993484
423     0.40344881    15.23538018     9.95282696
424    -2.52503379    16.54364851    10.18744236
425    -2.77705283    18.15313448    11.16843038
426    -3.94637070    15.31964555    10.65029451
427    -2.40635906   -10.90731244    -4.74855828
428    -3.82964950   -11.48124139    -5.89135802
429    -1.46589886    -9.50976717    -5.75753460
430    -2.19093718     1.23671431    11.79533864
431    -1.33966937     2.14511428    13.21144329
432    -0.99709210     1.27062647    10.29160657
433    -2.80106379     5.04015272   -16.77765941
434    -2.01605418     6.68619597   -16.13235053
435    -4.69213153     5.27403670   -16.59484943
436    -9.76506198    -9.88576800    -1.09872008
437    -8.27755172   -10.74977336    -0.11669767
438    -9.36483618    -8.00505266    -1.03111667
439     4.65163302     3.50410899    15.49784250
440     5.96957860     2.11056193    15.77188002
441     5.61172899     5.00386555    14.72663144
442    11.76301911   -11.55727639    -9.77907561
443    10.16819229   -10.71339320   -10.41091179
444    13.08726711   -10.17654155    -9.58690085
445     7.11923744    -2.44069496    -6.83001265
446     7.27391170    -2.92375528    -8.67423222
447     7.99251241    -3.79701355    -5.76351121
448    -4.98514680     8.26151181   -11.25225447
449    -3.78612739     8.72115301    -9.76173397
450    -3.81664150     8.68038833   -12.75477855
451   -10.48302064    -9.68340101    11.06975210
452   -10.92628902   -10.11180941    12.89351214
453   -11.65418535    -8.15982441    10.59799697
454     2.34289218    18.54780868     1.09620475
455     2.41545175    19.69438456     2.61581936
456     0.48492305    18.52687390     0.50697994
457    16.03799593     2.99245698     4.56014230
458    17.08492314     3.69079029     3.08685604
459    14.72069631     4.39991076     4.78022109
460     8.85181726    -0.38092912   -16.13698865
461     8.18773318     1.39967214   -16.02257896
462    10.70545456    -0.24821374   -15.66698015
463   -12.15231090    -0.97514624    10.80067541
464   -12.31113591     0.18731703     9.27251830
465   -10.38656784    -0.66570452    11.47975754
466   -12.24672906     2.23308233    -5.43802833
467   -12.95696308     3.39808772    -4.13003898
468   -13.62552426     0.91846217    -5.66604470
469    -8.27463155    -1.06255899    -4.49612224
470    -6.58722201    -0.19814934    -4.64866482
471    -9.63710058     0.19909612    -4.90724278
472   -16.31150924     6.06026197    -9.49591565
473   -17.38341777     4.97162359   -10.59926515
474   -14.51541360     5.49570895    -9.81198683
475   -16.35514592    -0.99790412    -5.36168783
476   -15.73521486    -2.71130594    -4.76499890
477   -17.57550005    -0.44131712    -3.96387753
478     6.82179735    -3.37797309   -19.78723431
479     7.71141765    -2.20237161   -18.48556351
480     7.92558546    -3.58761736   -21.29333574
481     6.55372119   -11.99851177     6.53155815
482     7.40006978   -12.33149407     8.26798685
483     7.93465850   -12.28020809     5.23132178
484    10.38168348    10.98677227    -0.90102638
485    10.27721415    11.99146335     0.75284990
486    11.97359929     9.93860847    -0.67300595
487    -0.85250393   -10.97049771     0.09545214
488    -1.54145082   -10.78347710    -1.72854943
489     1.06278275   -10.76674316    -0.04259786
490   -11.76348149     1.74320418     1.90173642
491   -12.63122176     3.14071543     0.89091295
492   -12.58601640     0.09926460     1.36301911
493    11.70956375    -8.92156052    12.47899258
494    12.87671876    -8.49987283    13.95346334
495    11.90643394    -7.53883928    11.17960538
496   -13.87935598    11.32574943     3.86647517
497   -13.11322520    11.15534611     5.66012239
498   -12.37545386    11.49083984     2.64542943
499     5.18512535     3.11043730     0.14752911
500     6.28642453     4.05547970     1.38844205
501     3.50259310     2.77080672     1.04692500
502    -0.18791784    -7.23471137    -7.62691874
503    -1.28054903    -5.95368192    -8.55467914
504     0.94643860    -6.09361569    -6.49489193
505    -8.27883160   -15.34692751     4.13488737
506    -7.51307939   -14.04380322     2.94027813
507    -6.98714789   -16.73629408     4.08226085
508     5.36675682   -14.90709040    13.97624329
509     4.75698272   -15.73816358    12.33586900
510     4.76471932   -15.99000639    15.38159151
511     1.45792593   -17.60088354    -4.33439322
512     0.75353266   -17.22359912    -2.57459928
513     3.38187598   -17.72307823    -4.18003110
514     7.67689798    -3.75721794     6.88676846
515     8.21275569    -2.17127752     5.85689953
516     6.29667947    -4.56998524     5.82654043
517    -1.12560956    -2.40047078   -10.39973257
518    -1.57684295    -1.18829173   -11.87655537
519    -0.12802693    -1.35638339    -9.16882263
520    -5.42466632     9.37898082     2.53440243
521    -3.76801795    10.39065870     2.60742234
522    -4.83663759     7.64411470     1.87289112
523     5.11357975     3.10156738     7.92177832
524     6.08381510     3.91072467     6.46802261
525     3.57883925     2.14783084     7.22996496
526     3.24903761    -8.37396890     7.92461821
527     4.49648561    -9.75679326     7.40592945
528     1.65108535    -9.40370266     8.44386178
529     5.43774633    15.50585151    -6.12703732
530     5.40657009    16.26901552    -7.89802849
531     7.04356841    14.46665179    -6.05868604
532    12.29256801    -1.26848343    -1.60363799
533    10.46405480    -1.31576063    -0.92443645
534    13.16076829    -2.75223081    -0.80307306
535     3.13763196    -5.17736730    11.88033447
536     3.27159209    -6.28373020    10.30524198
537     4.14220028    -3.60957601    11.50546278
538    -8.80050471    -5.49443701    -7.48296421
539    -7.24390468    -5.56046827    -8.64342797
540    -8.57233416    -3.94550061    -6.37039802
541     4.36918736    -5.90917847     3.63289986
542     2.87989408    -5.07054826     2.73973775
543     3.60216714    -6.88984586     5.11209632
544     2.44147076    -3.91710531    -4.91752798
545     2.61584965    -3.74235189    -3.05973297
546     4.16494347    -3.40162150    -5.56675311
547     0.07163603     7.14940324     5.16944720
548    -1.09582274     6.91115261     6.67582324
549    -0.01685277     5.53902743     4.11751915
550   -14.59273472     6.56165988     8.49091961
551   -14.60216077     6.13550133    10.32197288
552   -13.58139573     8.17544835     8.40536465
553     6.39062543    18.81372517    -2.21905896
554     5.96330468    17.68737611    -3.72366206
555     4.82903458    18.67976129    -1.06500932
556   -11.48292142     4.17754135   -10.16355126
557   -11.78211667     2.76101446   -11.47230277
558   -11.70634795     3.38157836    -8.38667834
559    -6.22543263    13.11938777    11.11203314
560    -6.26474773    12.00905400     9.54993803
561    -6.10598341    11.92649765    12.64866223
562     6.07643209     4.19516493   -15.66751539
563     4.86929870     4.24931718   -17.15877579
564     4.97189816     3.48664822   -14.26370375
565    -2.13936904    -5.12656434    12.19924315
566    -0.24897518    -5.40776097    12.10269545
567    -2.83783588    -6.59902491    13.23223076
568    13.48566155     0.13496043   -14.19789662
569    13.33354030    -1.00534723   -12.65837198
570    13.82398837     1.90996412   -13.58745670

 Atomic and electronic forces:
  1    -0.00290660    -0.00469380    -0.00066292    -0.00088353     0.00131686    -0.00077571
  2    -0.00102353    -0.00097675    -0.00102484     0.00047094    -0.00073715     0.00034134
  3     0.00472598     0.00565720     0.00211152     0.00052839    -0.00064877     0.00043336
  4     0.00758079    -0.00640807    -0.01216913     0.00103806     0.00180450     0.00255902
  5    -0.00042701     0.00178220     0.00686803    -0.00053311    -0.00102155    -0.00111574
  6    -0.00451011     0.00626293     0.00684125    -0.00076386    -0.00090768    -0.00142901
  7     0.00186992     0.00522548    -0.01247033    -0.00181805     0.00222840     0.00144242
  8     0.00452714    -0.00467976     0.01047380     0.00097236    -0.00127660    -0.00100033
  9    -0.00589855     0.00286232     0.00329613     0.00104961    -0.00134709    -0.00063622
 10    -0.00967777     0.00417474     0.01426050     0.00215450    -0.00097961    -0.00160933
 11     0.01162974    -0.00196945    -0.00668183    -0.00094489     0.00039127     0.00062650
 12    -0.00303002    -0.00004024    -0.00232392    -0.00134515     0.00059964     0.00081838
 13     0.00880496    -0.00794072     0.00113569    -0.00018873     0.00263712     0.00391137
 14    -0.00325803     0.00400596    -0.00292937    -0.00002433    -0.00095622    -0.00183021
 15    -0.00361604     0.00179015     0.00242574    -0.00019782    -0.00172415    -0.00240085
 16     0.00535103     0.00476696     0.00056169    -0.00152033     0.00135647    -0.00118709
 17     0.00056107    -0.00439208    -0.00426406     0.00083047    -0.00058174     0.00062474
 18    -0.00322759    -0.00134431     0.00156604     0.00072523    -0.00074630     0.00072440
 19     0.00165599     0.00104997     0.00252570    -0.00004158     0.00051330    -0.00206165
 20    -0.00640619     0.00574558     0.00011474     0.00002024    -0.00016700     0.00111385
 21     0.00413426    -0.00716149    -0.00170977     0.00011797    -0.00030041     0.00103020
 22    -0.00359021    -0.00824093    -0.00072273    -0.00153810     0.00080587     0.00005905
 23     0.00061314     0.00705820    -0.00119428     0.00075715    -0.00046651    -0.00008008
 24     0.00204334     0.00354856     0.00313188     0.00068655    -0.00038558     0.00002309
 25     0.00037299     0.00274752    -0.01782130     0.00108599     0.00140417    -0.00207762
 26     0.00843665     0.00186363     0.00522231    -0.00042823    -0.00061523     0.00109527
 27    -0.00721971    -0.00442728     0.01392140    -0.00064792    -0.00093827     0.00125604
 28    -0.00253533    -0.01862756     0.00694911    -0.00169434    -0.00200003    -0.00220043
 29     0.00236583     0.02142724    -0.00688245     0.00099102     0.00096576     0.00137259
 30    -0.00280976    -0.00249102     0.00048233     0.00096469     0.00095319     0.00092726
 31    -0.00228296     0.00864711    -0.01612650    -0.00262085     0.00065041     0.00116128
 32     0.00559003    -0.00464789    -0.00383126     0.00110093    -0.00037750    -0.00049082
 33    -0.00582385     0.00047941     0.01580397     0.00155991    -0.00040443    -0.00050859
 34     0.00797193    -0.00654367     0.00541265    -0.00041809     0.00140505    -0.00187054
 35     0.00035405    -0.00751596    -0.00230968     0.00013554    -0.00083556     0.00109220
 36    -0.00694572     0.01173437    -0.00485896     0.00019078    -0.00072847     0.00079908
 37     0.00718147     0.00113165     0.00236861     0.00205590     0.00318702    -0.00355807
 38    -0.01212148     0.00166863    -0.00555183    -0.00130199    -0.00143689     0.00152858
 39     0.00269910     0.00179241     0.00119369    -0.00137313    -0.00215698     0.00256181
 40     0.00770496    -0.00149790    -0.00326200     0.00004144    -0.00097360    -0.00418293
 41    -0.00398139    -0.00153124     0.00063805     0.00025418     0.00050007     0.00253965
 42    -0.00172929     0.00088269     0.00163991     0.00000496     0.00070947     0.00188600
 43    -0.00695961    -0.02302419     0.03648592    -0.00668422     0.00721854     0.00046831
 44    -0.00459827     0.00082528    -0.02248051     0.00312093    -0.00360645     0.00075759
 45     0.01137611     0.02183623    -0.01375752     0.00409653    -0.00279786    -0.00044492
 46     0.00194481    -0.00238538    -0.01664738     0.00230432     0.00036594     0.00619816
 47    -0.00272143     0.00263806     0.01278685    -0.00183010     0.00022931    -0.00355934
 48     0.00071362     0.00289768     0.01061268    -0.00128376    -0.00085836    -0.00361323
 49    -0.00939883    -0.00397765    -0.00197457     0.00028738     0.00938385    -0.00265434
 50     0.00697860    -0.00072653     0.00237001    -0.00121161    -0.00602489     0.00148392
 51     0.00166667     0.00396939     0.00310526    -0.00039462    -0.00339277     0.00085535
 52     0.00789274    -0.00086438    -0.01004246    -0.00006898    -0.00082774     0.00270093
 53    -0.00296075     0.00460860     0.00040846     0.00012587     0.00028620    -0.00130335
 54    -0.00247541    -0.00430246     0.00995858    -0.00001790     0.00050074    -0.00171756
 55     0.01343354     0.00197444    -0.00099385    -0.00178549    -0.00086555    -0.00072141
 56    -0.00808478    -0.00506760     0.00247308     0.00079254     0.00043538     0.00027327
 57    -0.00552183     0.00344752    -0.00133222     0.00098162     0.00056648     0.00044970
 58     0.00308165    -0.00576135     0.00009329    -0.00150906     0.00111633     0.00208137
 59    -0.00195026     0.00351131    -0.00502218     0.00062339    -0.00042782    -0.00102035
 60    -0.00055278     0.00571663     0.00732208     0.00096844    -0.00052512    -0.00116486
 61    -0.02679323     0.00043864    -0.00991824     0.00325932    -0.00109657     0.00293444
 62     0.01904039    -0.01001606     0.00777768    -0.00205248     0.00076261    -0.00210512
 63     0.01008992     0.00926939     0.00256181    -0.00170731     0.00024955    -0.00138311
 64     0.00102851     0.00034032     0.00050723    -0.00189344    -0.00049534     0.00116290
 65    -0.00217811     0.00222635    -0.00004016     0.00106085     0.00026298    -0.00051211
 66    -0.00090481    -0.00116468    -0.00267395     0.00096703     0.00014359    -0.00064120
 67    -0.00136293    -0.00491434     0.00889562     0.00226042    -0.00346256     0.00076570
 68     0.00202993     0.00166298    -0.00211170    -0.00085799     0.00168279    -0.00022356
 69     0.00083253     0.00342603    -0.00716701    -0.00151044     0.00198236    -0.00023245
 70    -0.02352311    -0.00436475     0.02847999    -0.00135749     0.00365281    -0.01020350
 71    -0.00087500     0.00412661    -0.00256085    -0.00046208    -0.00277489     0.00582516
 72     0.02206097     0.00228129    -0.02363027     0.00209849    -0.00239664     0.00541197
 73     0.00701797    -0.01677429    -0.01168877    -0.00841518     0.01998036     0.00981328
 74    -0.00963032     0.01173279     0.00394613     0.00615784    -0.00969988    -0.00518818
 75    -0.00166507     0.00035071     0.00543301     0.00443156    -0.00718550    -0.00174715
 76     0.00190776    -0.00354742     0.00408006    -0.00062642    -0.00204708    -0.00211836
 77    -0.00189248     0.00081457    -0.00104660     0.00051182     0.00103880     0.00111358
 78     0.00375370     0.00371259    -0.00469986     0.00028574     0.00103494     0.00086160
 79     0.01543612     0.00626290     0.00671576    -0.01211364    -0.00358776    -0.01021625
 80    -0.00053299    -0.00970717    -0.00682620     0.00542490     0.00274581     0.00759149
 81    -0.01377296     0.00110031    -0.00124926     0.00485347    -0.00006222     0.00466798
 82    -0.00456429    -0.00821907    -0.01344689    -0.00331674     0.00437919     0.01303850
 83    -0.00162446     0.00552720     0.00532741     0.00277083    -0.00423217    -0.00707995
 84     0.00264877     0.00545855     0.00702161     0.00253860    -0.00060568    -0.00611105
 85     0.00931670     0.01713539    -0.00488585    -0.01563601    -0.00467389     0.00116009
 86     0.00282825    -0.01498271    -0.00268688     0.00673661     0.00030431    -0.00059874
 87    -0.01413819     0.00232827     0.00356036     0.00797416     0.00265060     0.00177465
 88    -0.00316659    -0.00142837     0.00331907    -0.00098427     0.00388546     0.00082653
 89    -0.00170857    -0.00548805     0.00494713     0.00059903    -0.00238414    -0.00074488
 90     0.00604837     0.01232604    -0.00489635     0.00023414    -0.00195492    -0.00031651
 91    -0.00273463    -0.01599749     0.00044850    -0.00146750     0.00083024    -0.00042388
 92    -0.00430795     0.01186628    -0.01132685     0.00086350    -0.00042059     0.00020323
 93     0.00427347     0.00071455     0.01018330     0.00069099    -0.00035753     0.00025890
 94     0.00088633     0.00856079     0.00142578    -0.00000861    -0.00369310    -0.00244138
 95    -0.00026524    -0.00961343     0.00530083     0.00018794     0.00159907     0.00131127
 96    -0.00516799    -0.00080843    -0.00484587     0.00009439     0.00176154     0.00089185
 97     0.01607956    -0.00591651    -0.01642691    -0.00063018     0.00212148    -0.00051725
 98    -0.00097509     0.00882246     0.01635792     0.00027721    -0.00100423     0.00015013
 99    -0.01317659    -0.00317021     0.00139148     0.00042752    -0.00103399     0.00026776
100     0.00977520    -0.00646660     0.00206754    -0.00526743     0.00048153     0.00364727
101     0.00268475    -0.00083013    -0.00443690     0.00190682    -0.00023980    -0.00159580
102    -0.00937346     0.00519524     0.00328066     0.00306038     0.00008148    -0.00264682
103     0.01162702     0.01044208    -0.01337184    -0.00041414     0.00119636     0.00192800
104    -0.01123353    -0.01048657     0.01320618     0.00014030    -0.00071326    -0.00096158
105    -0.00336670     0.00151615     0.00004051     0.00027551    -0.00057824    -0.00085180
106    -0.00906457     0.00595533    -0.00205870    -0.00089593     0.00051252     0.00190410
107     0.01962194     0.00633419     0.00098478     0.00038317    -0.00027143    -0.00106597
108    -0.01064305    -0.01078989     0.00056398     0.00048028    -0.00015575    -0.00095031
109     0.00129714     0.00677049     0.01119522    -0.00277225    -0.00011195     0.00006111
110    -0.00023484     0.00351406    -0.00079669     0.00133862     0.00013624    -0.00015431
111    -0.00029455    -0.00814976    -0.01041564     0.00137105     0.00015641     0.00008390
112    -0.00927851     0.00531621     0.00403084     0.00015659    -0.00211890     0.00130861
113     0.00085945    -0.00160126     0.00255060     0.00004955     0.00115788    -0.00067418
114     0.00789281    -0.00421085    -0.00785824    -0.00016112     0.00114647    -0.00058325
115    -0.00658846    -0.00013684     0.00087049    -0.00240923     0.00141798    -0.00290672
116     0.00807411    -0.00045646     0.00142816     0.00110853    -0.00054089     0.00112681
117    -0.00135045     0.00008918    -0.00096086     0.00095076    -0.00081578     0.00132964
118    -0.01001452     0.00030792     0.00561478     0.00116397    -0.00194138     0.00184808
119     0.00795482    -0.00260011    -0.00729008    -0.00041025     0.00088923    -0.00091281
120     0.00177338     0.00014489    -0.00251325    -0.00066674     0.00083925    -0.00098799
121     0.01248041    -0.00016266     0.00806441    -0.00176724    -0.00048818    -0.00116910
122    -0.00270125     0.00132377    -0.00095820     0.00085764     0.00030594     0.00049443
123    -0.00798562    -0.00029497    -0.00683344     0.00108793     0.00030565     0.00073070
124     0.00438135    -0.00286931     0.00643057    -0.00184442     0.00021975    -0.00012202
125    -0.00366087     0.00153686    -0.00145648     0.00107567    -0.00007451     0.00002813
126    -0.00194769     0.00067263     0.00036822     0.00081902    -0.00010049     0.00000225
127    -0.00958444    -0.00486957     0.01055007     0.00115456     0.00233469     0.00042182
128     0.00647795     0.00102223    -0.00642613    -0.00049737    -0.00119653    -0.00033144
129     0.00473835     0.00602920    -0.00152688    -0.00045459    -0.00102549    -0.00012153
130     0.00199373    -0.00476821     0.01619164    -0.00236193    -0.00176334    -0.00133652
131    -0.00086490     0.00318586     0.00164797     0.00139127     0.00082372     0.00084347
132    -0.00256267     0.00279170    -0.01564704     0.00133637     0.00101618     0.00053057
133     0.00321754    -0.01406341    -0.00460932     0.00275702     0.00189320    -0.00218774
134    -0.00062658     0.00434044     0.00168233    -0.00172301    -0.00083611     0.00122768
135     0.00102698     0.00643999     0.00098926    -0.00110233    -0.00070705     0.00101521
136     0.00266840    -0.00323680    -0.00086250    -0.00468435    -0.00336083     0.00249137
137    -0.00474336     0.00057629     0.00207811     0.00252325     0.00123596    -0.00103814
138     0.00242864    -0.00099651     0.00116622     0.00322356     0.00246059    -0.00188393
139     0.00390628     0.00429750    -0.00363686    -0.00219740    -0.00119242    -0.00334546
140     0.00221716     0.00074261     0.00697530     0.00082340     0.00042027     0.00137118
141    -0.00850040    -0.00481309    -0.00316971     0.00116357     0.00051243     0.00215118
142     0.01645245    -0.00822352    -0.02544767    -0.00079597     0.00108549     0.00138099
143    -0.00061053     0.00496608     0.00624325     0.00051495    -0.00058083    -0.00080804
144    -0.01478505    -0.00133698     0.01780831     0.00036499    -0.00043842    -0.00061016
145     0.01051751     0.00390558    -0.00073498    -0.00099455    -0.00126023     0.00142799
146    -0.00645927    -0.00560371    -0.00158871     0.00048386     0.00060687    -0.00058732
147    -0.00377601     0.00126139     0.00425228     0.00062517     0.00078980    -0.00084494
148     0.01033534    -0.00190943    -0.00480711    -0.00047012     0.00112722    -0.00078864
149    -0.00453921     0.00906267    -0.00141830     0.00020895    -0.00050166     0.00032657
150    -0.00654747    -0.00550325     0.00782613     0.00030640    -0.00060060     0.00040478
151    -0.02301055    -0.00145389     0.01145406    -0.00099751     0.00068779    -0.00156933
152     0.00805839    -0.00781677    -0.00693631     0.00051379    -0.00040654     0.00071627
153     0.01481318     0.00863479    -0.00439519     0.00055317    -0.00027221     0.00075511
154     0.00172636     0.00262399    -0.00167548     0.00001938     0.00181888     0.00190570
155     0.00294633    -0.00199328    -0.00147724     0.00002054    -0.00108450    -0.00122731
156    -0.00305659    -0.00133278    -0.00019330    -0.00014272    -0.00086457    -0.00091504
157    -0.00721869     0.00885580     0.00768705     0.00759265    -0.00747008     0.00134455
158     0.00684109    -0.00450415    -0.00531440    -0.00319522     0.00251894    -0.00099178
159     0.00221984    -0.00542076    -0.00254267    -0.00443054     0.00516942    -0.00198660
160    -0.02250300    -0.00330112    -0.01031784     0.00368283     0.00060695     0.00256947
161     0.01530738    -0.00307313     0.01250454    -0.00253036    -0.00054114    -0.00166413
162     0.00700226     0.00643162    -0.00330275    -0.00171299    -0.00034661    -0.00093247
163    -0.00567801    -0.00492876     0.01079013    -0.00102397    -0.00051821    -0.00201620
164     0.00619933     0.01038083    -0.00577176     0.00043627     0.00017648     0.00104385
165    -0.00029550    -0.00657977    -0.00237323     0.00042437     0.00032066     0.00092802
166    -0.00254406    -0.00039492    -0.00514126     0.00122793     0.00030380     0.00284264
167    -0.00109851     0.00151368    -0.00150722    -0.00053526    -0.00000149    -0.00127827
168     0.00135526     0.00006126     0.00304398    -0.00075972    -0.00014582    -0.00185007
169    -0.00042538     0.00208345     0.00634395    -0.00155524     0.00001130    -0.00090990
170     0.00159572    -0.00356022    -0.00281422     0.00081121     0.00007511     0.00049461
171    -0.00038627     0.00101064    -0.00533673     0.00085574    -0.00002122     0.00040496
172    -0.00115159     0.00928470     0.00653036    -0.00033338     0.00149949    -0.00122366
173     0.00260612    -0.00354635    -0.00056785     0.00015473    -0.00087750     0.00060195
174    -0.00068150    -0.00701304    -0.00452699     0.00019386    -0.00066675     0.00051054
175    -0.00957531     0.01969133    -0.00211716    -0.00183210     0.00015726     0.00044489
176     0.00707842    -0.02147329    -0.00107024     0.00084218    -0.00014617    -0.00019718
177     0.00378303    -0.00158339     0.00240806     0.00104741    -0.00010320    -0.00031935
178     0.00415958     0.00824166    -0.01069540    -0.00154651     0.00050539     0.00034936
179    -0.00017545     0.00453920     0.00432512     0.00079926    -0.00029703    -0.00024857
180    -0.00412018    -0.00740553     0.00560788     0.00077170    -0.00030572    -0.00012384
181    -0.01061358    -0.00245024    -0.00192068     0.00012224    -0.00174255    -0.00270433
182    -0.00446071    -0.00061236     0.00970514    -0.00006591     0.00067590     0.00110431
183     0.01362606     0.00606162    -0.00942996     0.00009844     0.00097818     0.00128976
184     0.01415741     0.00024482    -0.01056119    -0.00174773     0.00277845     0.00308584
185    -0.00290623     0.00363703    -0.00039081     0.00062158    -0.00142419    -0.00178185
186    -0.01067287    -0.00273395     0.00924082     0.00091704    -0.00104838    -0.00148145
187     0.00162798    -0.00677947     0.00616671     0.00007945     0.00253306    -0.00308150
188    -0.00480270     0.00067903    -0.00471650    -0.00031709    -0.00146379     0.00163523
189     0.00326352     0.00702731     0.00030507     0.00000520    -0.00114054     0.00183811
190     0.01491953    -0.00867401    -0.01341322    -0.00221993     0.00080281    -0.00025672
191    -0.00832423     0.01089505     0.01198338     0.00098904    -0.00042533     0.00004787
192    -0.00597061    -0.00348588     0.00358776     0.00103256    -0.00027454     0.00011200
193     0.00079517    -0.01417504    -0.01057788    -0.00645868     0.00309947    -0.00626738
194    -0.00032109     0.01289551     0.00090301     0.00298354    -0.00249516     0.00279104
195     0.00098090     0.00396828     0.00715815     0.00212353    -0.00103647     0.00236229
196    -0.00009686    -0.02410231     0.01998809     0.00118548     0.00148383    -0.00126294
197     0.00077650     0.00210604    -0.00390064    -0.00060203    -0.00076902     0.00078855
198    -0.00054452     0.02311402    -0.01635770    -0.00046757    -0.00065943     0.00054421
199     0.00069947     0.00028881    -0.00308473     0.00138587     0.00105109     0.00136535
200    -0.00034267    -0.00335009     0.00111637    -0.00081439    -0.00052648    -0.00083855
201     0.00081743     0.00180082     0.00400566    -0.00056726    -0.00044116    -0.00064132
202     0.00038521     0.00331363    -0.01508718    -0.00096919    -0.00302415     0.00294333
203    -0.00404275    -0.00048568     0.00044139     0.00074600     0.00136335    -0.00144905
204     0.00346141    -0.00105727     0.01382516     0.00029360     0.00118806    -0.00132515
205    -0.00736321    -0.01361422    -0.00923773     0.00489583     0.00595883     0.00307914
206     0.00016135     0.00993429     0.00474690    -0.00168625    -0.00315951    -0.00130099
207     0.00456046     0.00357066     0.00410210    -0.00201960    -0.00210296    -0.00098806
208    -0.00133831     0.00569621     0.00662146     0.00735681    -0.00505538    -0.00460067
209    -0.00481155    -0.00864323    -0.01603653    -0.00262307     0.00286162     0.00222127
210     0.00701565     0.00367484     0.00972211    -0.00439449     0.00321008     0.00147268
211     0.00933490     0.01230701     0.00128199     0.00149206     0.00161892     0.00105824
212    -0.00396772    -0.00420798     0.00243085    -0.00074604    -0.00069781    -0.00059607
213    -0.00752946    -0.00614655    -0.00321247    -0.00062504    -0.00069295    -0.00040773
214    -0.02041140     0.01889431    -0.00318775     0.02361009     0.00069024    -0.00108704
215     0.01380449    -0.01502763     0.00767371    -0.01057982    -0.00419187     0.00168357
216     0.00686319    -0.00020294    -0.00105463    -0.01175984     0.00315702    -0.00127245
217     0.01357672     0.01069955     0.00326574     0.00352171     0.00090969    -0.00081287
218    -0.00187089    -0.00289947    -0.00442692    -0.00166636    -0.00041729     0.00061909
219    -0.00928435    -0.00826452     0.00326322    -0.00229451    -0.00046329     0.00043489
220     0.00053364    -0.00732594     0.00229593     0.00098429     0.00203580     0.00152944
221     0.00640095    -0.00087397     0.00051818    -0.00062931    -0.00099092    -0.00070556
222    -0.00809742     0.00550956    -0.00452808    -0.00041513    -0.00107037    -0.00064580
223    -0.00241476     0.01818455    -0.01840495    -0.00877331    -0.01215805     0.00745574
224    -0.00231168    -0.00421360     0.01403481     0.00678756     0.00551266    -0.00276544
225     0.00254592    -0.01259760     0.00492859     0.00307292     0.00570184    -0.00177166
226     0.01057341    -0.00693195    -0.00578576     0.00162544    -0.00280129    -0.00133434
227    -0.00456723     0.00910710    -0.00322393    -0.00093873     0.00179515     0.00094318
228    -0.00420655    -0.00081752     0.00505962    -0.00081915     0.00116139     0.00072579
229     0.01966402    -0.00274544    -0.00775148    -0.00167034     0.00148183    -0.00058139
230    -0.01035312     0.00006592     0.00260771     0.00078821    -0.00059611     0.00024922
231    -0.00177269     0.00588918     0.00650301     0.00085574    -0.00075432     0.00042492
232    -0.01076625    -0.00108726    -0.00966125     0.00383927    -0.00165238    -0.00147681
233     0.01351480     0.00169982     0.00432444    -0.00240174     0.00121749     0.00109755
234    -0.00263818    -0.00020802     0.00287387    -0.00207639     0.00076791     0.00046535
235     0.00053685     0.00250206     0.01043054    -0.00172123     0.00187408     0.00005746
236    -0.00542464    -0.00327334    -0.01156066     0.00093621    -0.00093969     0.00009843
237     0.00270756     0.00019471     0.00067165     0.00099543    -0.00117363    -0.00010869
238    -0.00533567     0.00361080     0.00448771     0.00411143    -0.00237597     0.00174877
239     0.00193751    -0.00501406    -0.00467978    -0.00200127     0.00095430    -0.00116666
240     0.00160911     0.00191257     0.00063459    -0.00155810     0.00113171    -0.00074253
241    -0.01271953     0.00640104    -0.01528709     0.00119809     0.00234552    -0.00101410
242     0.00583759    -0.00487271     0.00836669    -0.00072557    -0.00124959     0.00040083
243     0.00393288     0.00125496     0.00366047    -0.00066601    -0.00107345     0.00060986
244    -0.00733792    -0.00921024    -0.00202917     0.00192540     0.00166043    -0.00090421
245     0.00291950     0.00947914    -0.00182107    -0.00079974    -0.00075712     0.00049012
246     0.00307886     0.00036345     0.00472242    -0.00117696    -0.00093111     0.00063451
247    -0.00764110    -0.00256620     0.02417633     0.00597863     0.00746769    -0.01008973
248     0.00591423    -0.00363098    -0.00227785    -0.00350426    -0.00208039     0.00521205
249     0.00490055     0.00368124    -0.01979540    -0.00440721    -0.00567170     0.00472418
250    -0.00034963     0.00092997    -0.01065397     0.00093253    -0.00293280     0.00011091
251     0.00384495    -0.00387578     0.01385058    -0.00043376     0.00147190     0.00012701
252    -0.00238067     0.00161320    -0.00310419    -0.00040093     0.00118016    -0.00007205
253     0.00346823    -0.03348158     0.00962014    -0.00111076    -0.00007156     0.00205653
254    -0.00395333     0.02082188    -0.00417231     0.00053491     0.00013555    -0.00094356
255     0.00011411     0.00937759    -0.00343768     0.00047484     0.00005151    -0.00114138
256    -0.01543029    -0.01293968     0.00299981     0.00190888     0.00083552     0.00227556
257     0.01097024     0.01047504    -0.00774979    -0.00085387    -0.00032263    -0.00126604
258     0.00201258     0.00353868     0.00546512    -0.00124991    -0.00040331    -0.00125745
259    -0.00172285    -0.00518854    -0.00047518     0.00287513     0.00247029     0.00111071
260     0.00038951    -0.00197325     0.00002106    -0.00110522    -0.00107455    -0.00055586
261     0.00313588     0.00414183    -0.00377339    -0.00136658    -0.00119234    -0.00029562
262     0.01212853    -0.00292899    -0.00718524    -0.00828374     0.00230089     0.00139913
263    -0.00121590    -0.00165032     0.01182310     0.00385664    -0.00088037    -0.00143582
264    -0.00815320     0.00289547    -0.00196325     0.00297839    -0.00078077    -0.00036487
265     0.00363194    -0.00962093    -0.00787979    -0.00014871    -0.00155170     0.00227656
266    -0.00218623     0.01374739     0.00728773     0.00003458     0.00064972    -0.00121328
267    -0.00490758    -0.00333959    -0.00139721    -0.00005312     0.00079315    -0.00104487
268     0.01990767    -0.00114599     0.00112806    -0.00057014    -0.00010336    -0.00207940
269    -0.00098198     0.00188852    -0.00470472     0.00024119     0.00001962     0.00087267
270    -0.02048273    -0.00283659     0.00035505     0.00018766     0.00005203     0.00111553
271    -0.01749282    -0.01003200    -0.00369411     0.00460833    -0.00128833     0.00013070
272     0.00567492     0.00479482     0.00687255    -0.00204084     0.00034062    -0.00016243
273     0.00710924     0.00333347    -0.00580301    -0.00234530     0.00089306    -0.00037034
274     0.01459903     0.00545513     0.00275881    -0.00254084    -0.00055462    -0.00057190
275    -0.01162636    -0.00587869    -0.00275363     0.00160736     0.00037481     0.00034889
276    -0.00017044    -0.00176134    -0.00074213     0.00113273     0.00035552     0.00031923
277     0.00088587    -0.00252920     0.00667137    -0.00498912    -0.00131522    -0.00056899
278    -0.00601606    -0.00576367     0.00283180     0.00271682     0.00064944    -0.00011522
279     0.00302332     0.00854184    -0.01487406     0.00296711     0.00044993     0.00058742
280     0.00740149     0.00003772    -0.00404014    -0.00002107    -0.00011028    -0.00246313
281    -0.00820628     0.00492977     0.00339071    -0.00008876     0.00007753     0.00111079
282     0.00120672    -0.00293556     0.00033312     0.00000028     0.00013241     0.00151205
283     0.01903324    -0.00563608    -0.04312613    -0.00587915    -0.00224146     0.00839312
284    -0.01726834     0.00987067     0.02009459     0.00347844     0.00266476    -0.00498270
285    -0.00299727    -0.00454206     0.01754560     0.00180092     0.00102016    -0.00318832
286    -0.00492466    -0.00619885     0.00010712     0.00936018     0.00268864     0.00487437
287     0.00074064     0.00353228     0.00095705    -0.00397233    -0.00229100    -0.00212743
288     0.00311588     0.00197867     0.00129835    -0.00638321    -0.00127602    -0.00193056
289     0.00605016    -0.00225057    -0.00773948     0.00024250     0.00336187     0.00035431
290    -0.00142614    -0.00058926     0.00539442    -0.00023672    -0.00186587     0.00000232
291    -0.00047647     0.00168194     0.00468871    -0.00005689    -0.00137016    -0.00009320
292    -0.00615875    -0.01120989    -0.00177712     0.00126111     0.00557367     0.00188458
293     0.00566377     0.00715599    -0.00128894    -0.00021483    -0.00311926    -0.00131405
294    -0.00050279     0.00154537     0.00242325    -0.00040255    -0.00236288    -0.00053571
295    -0.00692284     0.00208036     0.00815196     0.00245626     0.00099178     0.00000153
296     0.00107449     0.00057053    -0.00477650    -0.00143478    -0.00048844     0.00011083
297     0.00390889    -0.00075148    -0.00284627    -0.00102326    -0.00039778     0.00003644
298     0.02101973     0.00251727    -0.00596003    -0.00308913    -0.00368275     0.00047219
299    -0.02042605    -0.00232747     0.00375846     0.00161165     0.00247553    -0.00020988
300    -0.00037426     0.00039496     0.00336631     0.00185290     0.00186207    -0.00056931
301    -0.01816608    -0.00104092     0.00091670     0.00145711     0.00087695    -0.00162318
302     0.00823997     0.00494047    -0.00233600    -0.00062865    -0.00040179     0.00065689
303     0.00839100    -0.00697741     0.00283027    -0.00066180    -0.00052226     0.00089514
304    -0.00841202     0.00408266     0.00431110    -0.00128304    -0.00023983    -0.00149343
305     0.00766749    -0.00261601    -0.00255974     0.00061334     0.00017314     0.00084123
306    -0.00054434     0.00132170     0.00042368     0.00069472     0.00018001     0.00069720
307    -0.00413983    -0.00203325     0.00327362     0.00241382     0.00197440    -0.00012438
308     0.00531312    -0.00317959     0.00239656    -0.00125795    -0.00081122     0.00002866
309     0.00036098     0.00300999    -0.00752028    -0.00111833    -0.00093623     0.00022260
310     0.00449224    -0.00087559     0.01289404    -0.00047258    -0.00204843    -0.00119678
311    -0.00785640    -0.00159090    -0.01203483     0.00019607     0.00117934     0.00055247
312     0.00090044    -0.00192164     0.00150418     0.00028137     0.00090610     0.00049009
313     0.00389918     0.00785201     0.00322107    -0.00465297    -0.00102358     0.00141832
314    -0.00366686    -0.00099736    -0.00090844     0.00177806     0.00037747    -0.00056060
315    -0.00165064    -0.00291639    -0.00023981     0.00251766     0.00026496    -0.00104679
316     0.00273160    -0.00113682     0.00176373    -0.00063584    -0.00299162     0.00137595
317    -0.00312297     0.00473209     0.00610732     0.00042831     0.00161404    -0.00095645
318     0.00128693    -0.00312104    -0.00396976     0.00018681     0.00176754    -0.00068263
319    -0.01280532     0.00407353     0.01919220     0.00222207    -0.00505428    -0.00379561
320     0.01582992    -0.00090663    -0.00864189    -0.00051603     0.00252535     0.00177382
321     0.00157197    -0.00083205    -0.00958172    -0.00100969     0.00187861     0.00193545
322    -0.00230923    -0.00132358    -0.00728709    -0.00148492    -0.00117220     0.00042447
323    -0.00049722    -0.00068495     0.00732526     0.00068294     0.00054742    -0.00027716
324     0.00140512     0.00040216    -0.00237825     0.00075516     0.00070862    -0.00021282
325    -0.01152228     0.00005480    -0.00067923     0.00161703    -0.00062896    -0.00395717
326     0.00436533    -0.00207763     0.00157756    -0.00054294     0.00038333     0.00217248
327     0.00507536     0.00201751    -0.00166652    -0.00066570     0.00009926     0.00166139
328     0.00151425    -0.00153172    -0.00500249    -0.00087496    -0.00113334     0.00219485
329    -0.00500592     0.00005514     0.00201010     0.00031394     0.00063959    -0.00111510
330     0.00428743     0.00198108     0.00206718     0.00046767     0.00058418    -0.00093729
331     0.00761233     0.00065506    -0.00286534    -0.00131352    -0.00131963     0.00090677
332    -0.00347911    -0.00495298     0.00080361     0.00072796     0.00080693    -0.00044602
333    -0.00338164     0.00110364     0.00553977     0.00076222     0.00065283    -0.00055066
334    -0.01221467    -0.00401154    -0.01266513     0.00196391    -0.00197560     0.00124085
335     0.00278744     0.00034359     0.00023746    -0.00083383     0.00097726    -0.00072128
336     0.00747869     0.00292782     0.01094341    -0.00102365     0.00120147    -0.00054394
337    -0.00195381    -0.01172742    -0.00406817    -0.00046670     0.00079490     0.00269348
338    -0.00671164     0.01394934     0.00329136     0.00023452    -0.00049746    -0.00120327
339     0.01141201    -0.00249096     0.00295091     0.00007672    -0.00041841    -0.00142054
340    -0.00807863     0.00023831    -0.00837413     0.00396227     0.00067404    -0.00254090
341     0.00610277     0.00574867     0.00758674    -0.00179407    -0.00009794     0.00144275
342     0.00176695    -0.00511623     0.00056475    -0.00267557    -0.00031374     0.00137543
343    -0.00612700    -0.00594855    -0.00179596    -0.00386376     0.00661936    -0.00379828
344    -0.00063000     0.00065291     0.00162096     0.00119472    -0.00242265     0.00154252
345     0.00896038     0.00794901    -0.00100407     0.00151325    -0.00437602     0.00185226
346     0.01151156    -0.00072855     0.00913327    -0.00135915     0.00124259     0.00078162
347    -0.00274204    -0.00260575    -0.00369108     0.00055706    -0.00057722    -0.00037520
348    -0.01172226     0.00061634    -0.00216350     0.00077206    -0.00077190    -0.00049667
349    -0.02537167    -0.00437634    -0.01195477     0.00144151    -0.00208680    -0.00323193
350     0.01844753     0.00066116     0.00998698    -0.00042818     0.00103803     0.00156712
351     0.00722596     0.00548274     0.00204099    -0.00074571     0.00079565     0.00173830
352     0.00265151    -0.00339078     0.00388906    -0.00025935     0.00226933    -0.00110094
353    -0.00225891     0.00296367    -0.00078956     0.00000442    -0.00119430     0.00051938
354    -0.00318881     0.00028877    -0.00024933     0.00020130    -0.00112305     0.00043226
355    -0.00489698    -0.00346694     0.00272748    -0.00093459    -0.00236206     0.00048964
356     0.00543646    -0.00032103     0.00008938     0.00046342     0.00135915    -0.00015434
357     0.00217553     0.00145778    -0.00479371     0.00042133     0.00124340    -0.00038505
358    -0.00485730     0.00187570    -0.01762675    -0.00218221     0.00036138     0.00272051
359     0.00589971    -0.00184920     0.00693444     0.00086390    -0.00005856    -0.00120090
360    -0.00206080    -0.00046449     0.00469288     0.00113724    -0.00027649    -0.00174094
361     0.02327905     0.00470760    -0.03429096    -0.00208755    -0.00208945     0.00237396
362     0.00076007    -0.00748301     0.01913757     0.00143771     0.00130862    -0.00129237
363    -0.02014006     0.00126711     0.01055998     0.00101045     0.00078449    -0.00102644
364     0.00631326     0.00271762     0.01206289    -0.00093133     0.00046925    -0.00318093
365    -0.00275993    -0.00803004    -0.00740064     0.00041138    -0.00008717     0.00135460
366    -0.00184107     0.00652298    -0.00172624     0.00042988    -0.00035058     0.00137190
367    -0.00254693    -0.00834745    -0.00924154    -0.00114443     0.00178959    -0.00044403
368    -0.00226645    -0.00025316     0.00250863     0.00059028    -0.00090694     0.00011765
369     0.00261834     0.00770985     0.00582433     0.00067952    -0.00086624     0.00026926
370     0.00498730    -0.00309181    -0.01306752     0.00056025     0.00237236     0.00092373
371    -0.00012468     0.00257158     0.00815498    -0.00025647    -0.00137994    -0.00039772
372    -0.00594060     0.00154909     0.00366958    -0.00016306    -0.00112411    -0.00052052
373    -0.00336630     0.01303314    -0.00143033    -0.00219843    -0.00107892     0.00029523
374     0.00177089    -0.00835232     0.00388627     0.00094072     0.00055670    -0.00017192
375     0.00321536    -0.00201453    -0.00361118     0.00123304     0.00067027    -0.00006082
376    -0.00281327     0.01272417     0.00147089    -0.00066932    -0.00376736     0.00000326
377     0.00581606    -0.00828659     0.00373273     0.00016975     0.00201076    -0.00019278
378    -0.00329373    -0.00454414    -0.00407432     0.00060317     0.00236430     0.00004088
379    -0.00791676     0.01024069     0.00342277     0.00251227    -0.00035734    -0.00270765
380     0.01367268    -0.01503497     0.00162367    -0.00125467     0.00034493     0.00117957
381    -0.00503755     0.00200059    -0.00445634    -0.00116875     0.00028207     0.00160922
382    -0.00404462     0.00290090     0.01170527    -0.00044774     0.00179069     0.00002612
383     0.00230379     0.00100466    -0.01540407     0.00025052    -0.00094526    -0.00010131
384     0.00166020    -0.00333303    -0.00172715     0.00021647    -0.00075737    -0.00001254
385    -0.00279842    -0.00054858    -0.01635030    -0.00065360    -0.00009904     0.00284926
386     0.00298388     0.00232175     0.01517954     0.00049436     0.00012574    -0.00174976
387    -0.00029306    -0.00167584     0.00080306     0.00028532    -0.00011516    -0.00144663
388    -0.02805621     0.00670781    -0.00923896     0.00336323    -0.00002311     0.00060443
389     0.01642355    -0.00709607    -0.00037759    -0.00185758    -0.00019422    -0.00041782
390     0.01569919     0.00518792     0.01160093    -0.00135462     0.00001372    -0.00029591
391    -0.00535265     0.00755756     0.00497959    -0.00107366     0.00319526    -0.00227569
392     0.01053890    -0.00327954    -0.00851579     0.00034912    -0.00160749     0.00137337
393    -0.00210457    -0.00472918    -0.00248123     0.00036579    -0.00144947     0.00085491
394     0.01962122     0.00329147    -0.01926371     0.00100427     0.00425933    -0.00075973
395    -0.00192691    -0.00278150     0.01395374    -0.00039925    -0.00180434     0.00054262
396    -0.01453990     0.00043922     0.00219098    -0.00076395    -0.00196425     0.00030264
397    -0.00953621    -0.00992472    -0.01896087    -0.00000131     0.00143669    -0.00433280
398     0.01424048     0.01312777     0.01126712     0.00020527    -0.00047310     0.00197629
399    -0.00333062     0.00009788     0.00275935     0.00006373    -0.00098019     0.00296972
400    -0.01164936     0.00214642     0.00263097    -0.00237340    -0.00051166     0.00064558
401     0.01254273    -0.00012897    -0.00170616     0.00098690     0.00018442    -0.00025857
402    -0.00104517    -0.00334211    -0.00132113     0.00117860     0.00037777    -0.00026375
403    -0.01592147     0.00009660    -0.02015948     0.00191112    -0.01007204    -0.00123408
404     0.00017380    -0.00498967     0.00701558    -0.00104464     0.00436014     0.00154544
405     0.02103886     0.00578077     0.01314192    -0.00208892     0.00524098     0.00012300
406     0.00400087    -0.00560879    -0.00748060     0.00036754    -0.00405756     0.00104647
407     0.00374840     0.00463835     0.00299290    -0.00038526     0.00218783    -0.00082167
408    -0.00792726     0.00128206     0.00558486    -0.00034573     0.00187479    -0.00030520
409    -0.01697980    -0.02078968    -0.00593382     0.00063089     0.00161378     0.00005427
410     0.01178140     0.02162772     0.00210995    -0.00027310    -0.00068565    -0.00002543
411     0.00434529    -0.00163929     0.00452364    -0.00027187    -0.00084994     0.00002804
412    -0.00132592    -0.01024682    -0.00151740    -0.00143402     0.00021558    -0.00133112
413     0.00267482     0.00503193     0.00055151     0.00073214    -0.00006685     0.00057554
414     0.00071099     0.00467387     0.00100857     0.00068702    -0.00003292     0.00071403
415    -0.00327095     0.00894403     0.00280808     0.00067907    -0.00250123    -0.00068287
416     0.00227184     0.00148591     0.00275844    -0.00049970     0.00134547     0.00045719
417    -0.00015373    -0.00939941    -0.00582442    -0.00027058     0.00104671     0.00035604
418    -0.00294593    -0.00078006     0.00769793    -0.00056360     0.00204148     0.00052541
419     0.00209760    -0.00095119    -0.00206479     0.00035903    -0.00125763    -0.00032409
420     0.00245214     0.00184769    -0.00501637     0.00026105    -0.00093525    -0.00033935
421    -0.00659317    -0.00969136     0.00708892    -0.00002034     0.00200280     0.00116447
422     0.00286561     0.00676606    -0.00400030     0.00001340    -0.00100359    -0.00072618
423     0.00418494     0.00247741    -0.00191810     0.00010550    -0.00092499    -0.00052156
424     0.00277431     0.00015007    -0.00353519    -0.00041064     0.00154269     0.00082863
425    -0.00272920    -0.00301088     0.00111540     0.00016783    -0.00065199    -0.00035407
426    -0.00338192     0.00113389     0.00326533     0.00028284    -0.00076677    -0.00046232
427     0.00615351     0.01699547    -0.00436376    -0.00261131    -0.00485201    -0.00269757
428     0.00356590     0.00036034    -0.00009680     0.00114468     0.00175994     0.00112663
429    -0.00905647    -0.01471304     0.00460671     0.00136654     0.00265219     0.00210508
430    -0.00644024    -0.00950369    -0.01838797    -0.00184585     0.00118485     0.00457735
431     0.00686698     0.00742011     0.01475486     0.00057110    -0.00059036    -0.00195511
432    -0.00055178    -0.00004190     0.00339213     0.00107710    -0.00094818    -0.00312654
433     0.01516731    -0.00099697     0.00234647    -0.00060380     0.00079375    -0.00200801
434    -0.00203602    -0.00091566    -0.00125698     0.00026059    -0.00050409     0.00098632
435    -0.01128626     0.00034068    -0.00010537     0.00038271    -0.00037993     0.00091977
436     0.02315651    -0.01710163     0.01121658    -0.00309537    -0.00206597    -0.00035576
437    -0.01999949     0.00850252    -0.01265372     0.00159582     0.00133799     0.00006166
438    -0.00538743     0.00605128    -0.00106238     0.00198651     0.00105668     0.00022479
439     0.00345161    -0.00578899    -0.00438585     0.00044088     0.00101798     0.00292777
440    -0.00405039     0.01038692    -0.00124872    -0.00034392    -0.00036827    -0.00147017
441     0.00240093    -0.00438538     0.00334773    -0.00031491    -0.00065641    -0.00139103
442     0.00053317    -0.00453308     0.00668586     0.00159351    -0.00164752    -0.00170798
443    -0.00290488     0.00241592    -0.00129584    -0.00078565     0.00089351     0.00107831
444    -0.00061008     0.00005879    -0.00274570    -0.00092345     0.00071745     0.00085035
445    -0.00791487     0.00136771     0.01348718     0.00597588    -0.00075474    -0.00889029
446     0.00472663    -0.00268246    -0.00308315    -0.00182556     0.00040638     0.00331739
447     0.00331410    -0.00090252    -0.00700436    -0.00362068     0.00121827     0.00385398
448     0.02756059     0.00718358     0.00973628    -0.00122993     0.00167649    -0.00194480
449    -0.01771591    -0.00335574    -0.00777807     0.00064242    -0.00109882     0.00106026
450    -0.01168116    -0.00353015     0.00223184     0.00044688    -0.00075650     0.00095104
451    -0.01276851     0.01394207     0.00704392    -0.00164455    -0.00101735     0.00136511
452     0.00298815     0.00165023    -0.01130619     0.00066886     0.00042149    -0.00062830
453     0.00885473    -0.01310529     0.00522895     0.00090115     0.00041402    -0.00065568
454    -0.00602813    -0.00249776    -0.00721616     0.00000289     0.00197966     0.00007319
455    -0.00119304    -0.00076659    -0.00072920    -0.00000395    -0.00087650    -0.00009257
456     0.00769376     0.00197933     0.00651016     0.00008881    -0.00098483    -0.00000813
457    -0.00956853     0.01213932    -0.00891950     0.00323742     0.00112294     0.00097788
458     0.00498874    -0.00608812     0.00374932    -0.00148293    -0.00054826    -0.00026996
459     0.00343082    -0.00674841     0.00512771    -0.00165630    -0.00082322    -0.00058145
460    -0.00858037    -0.01118646    -0.00077427     0.00095144     0.00020329    -0.00239999
461    -0.00659079     0.00975714    -0.00142019    -0.00043746    -0.00023629     0.00121876
462     0.01225976     0.00037263     0.00229310    -0.00057810    -0.00010569     0.00110251
463     0.00660750    -0.00590115     0.00939795    -0.00206302     0.00009991     0.00147938
464    -0.00295572     0.00395061    -0.00508381     0.00116401    -0.00014735    -0.00070527
465    -0.00102858     0.00012837     0.00172642     0.00107189    -0.00008500    -0.00093107
466     0.01079184    -0.01027588    -0.01529198    -0.00280840     0.00074579    -0.00110358
467    -0.00584000     0.01279705     0.01493238     0.00133744    -0.00044085     0.00038739
468    -0.00593499    -0.00461274    -0.00109204     0.00126990    -0.00020447     0.00047411
469     0.00043567    -0.01997290     0.00635327    -0.00535584     0.00026911    -0.00240861
470     0.00399049     0.00823169    -0.00409123     0.00328431    -0.00050038     0.00181040
471    -0.00703864     0.01153944    -0.00261716     0.00212133    -0.00032040     0.00091933
472     0.00072077     0.00325977     0.00513953    -0.00134478     0.00055796    -0.00070639
473    -0.00720605    -0.00313161    -0.00374691     0.00062101    -0.00020950     0.00034316
474     0.00521982     0.00060203    -0.00119749     0.00075153    -0.00031967     0.00045076
475    -0.00336761     0.00346699     0.00197412    -0.00203411     0.00007368    -0.00061607
476     0.00399665    -0.00811810     0.00036790     0.00110750     0.00006311     0.00031030
477     0.00262792     0.00396234    -0.00454939     0.00095559    -0.00005921     0.00020500
478    -0.00279832     0.00986009     0.02249221     0.00041452    -0.00014911    -0.00186363
479    -0.00526499    -0.01177224    -0.01588343    -0.00029400     0.00002360     0.00102970
480     0.00838139     0.00180143    -0.00486870    -0.00020349     0.00006632     0.00078861
481    -0.00306547     0.00027750     0.01571955     0.00164964    -0.00406090     0.00246553
482    -0.00287637     0.00119362    -0.01006716    -0.00072396     0.00152974    -0.00114569
483     0.00555312    -0.00131287    -0.00450102    -0.00106465     0.00201498    -0.00094605
484    -0.00430261    -0.00477594    -0.00096616     0.00188946     0.00298361    -0.00029483
485    -0.00137888     0.00614137     0.00220977    -0.00081102    -0.00140021    -0.00003877
486     0.00490385    -0.00182115    -0.00147520    -0.00112238    -0.00135957     0.00012056
487    -0.01334815     0.00832198    -0.00233255    -0.00290127    -0.00795979    -0.00009931
488     0.00540526    -0.00484348     0.00419463     0.00162418     0.00360586     0.00079385
489     0.00539856    -0.00376206    -0.00530432     0.00075451     0.00481519     0.00012889
490     0.00478289     0.01401894    -0.00435255    -0.00366956     0.00087834     0.00040831
491     0.00108424    -0.00785954     0.00158814     0.00156758    -0.00050065    -0.00005948
492    -0.00927965    -0.00539494    -0.00234964     0.00177495    -0.00020654    -0.00012268
493     0.00796306    -0.00345869     0.02205371     0.00158075    -0.00121651     0.00204549
494    -0.00932772    -0.00282712    -0.01424186    -0.00068573     0.00044133    -0.00088473
495     0.00248174     0.00896648    -0.00614216    -0.00104322     0.00063477    -0.00117818
496     0.00853649    -0.00462880     0.00690165    -0.00140948     0.00113110     0.00030673
497    -0.00301571     0.00390581    -0.01701773     0.00070323    -0.00058462    -0.00024190
498    -0.00382111     0.00220623     0.00667918     0.00076445    -0.00068500    -0.00012027
499    -0.01563595    -0.02027658    -0.00536346     0.01076061     0.01790646    -0.00086883
500     0.00636354     0.00675418     0.00640725    -0.00396877    -0.00581376    -0.00088199
501     0.00944766     0.01236812    -0.00021271    -0.00295550    -0.01069806    -0.00151393
502     0.00663167     0.02277263     0.01176420    -0.00212888    -0.00434684    -0.00642283
503     0.00134912    -0.01011805     0.00036511     0.00130248     0.00146678     0.00311265
504    -0.00842225    -0.01594300    -0.01312232     0.00106482     0.00298761     0.00484927
505    -0.01085277     0.01512488    -0.00212362    -0.00156813    -0.00199064     0.00055910
506    -0.00255864     0.00290966     0.00169604     0.00098838     0.00122020    -0.00026146
507     0.01169208    -0.01627279     0.00232913     0.00065111     0.00103549    -0.00026063
508     0.00434022     0.01537636    -0.01015328     0.00034379    -0.00152464     0.00157571
509    -0.00216298    -0.00379872     0.00077925    -0.00015049     0.00089371    -0.00076512
510    -0.00356806    -0.01039157     0.01023249    -0.00010709     0.00064465    -0.00067925
511     0.00705963     0.00368511    -0.00827926    -0.00017543    -0.00286917    -0.00083928
512     0.00218555    -0.00166446     0.00190081     0.00017476     0.00160746     0.00029744
513    -0.00842119    -0.00171293     0.00393908    -0.00008717     0.00143392     0.00040230
514     0.00258027     0.02331709    -0.01582306     0.00667500    -0.00265376     0.00801467
515     0.00201999    -0.01470558     0.01234108    -0.00447847     0.00035994    -0.00404706
516     0.00022423    -0.00717499     0.00053787    -0.00378567     0.00284000    -0.00516579
517    -0.01031219    -0.00777539    -0.01892942    -0.00196383    -0.00039954    -0.00599917
518     0.00101095    -0.00613541     0.00897334     0.00076498    -0.00009729     0.00236462
519     0.00653927     0.01358919     0.00779097     0.00106163    -0.00013118     0.00405260
520     0.00564273    -0.01330025    -0.00301964    -0.00243472     0.00349190     0.00069707
521    -0.00453985     0.00636218    -0.00014318     0.00095505    -0.00190571    -0.00035922
522    -0.00753674     0.00591173     0.00063540     0.00173589    -0.00227577    -0.00038216
523    -0.00296711    -0.00529655    -0.00365426     0.00270608     0.00487465     0.00743705
524    -0.00125992    -0.00013102     0.00346211    -0.00200142    -0.00306087    -0.00319853
525     0.00438835     0.00637922     0.00522635    -0.00088183    -0.00306608    -0.00527329
526    -0.02168621    -0.01156568    -0.00014859     0.00065674    -0.00518981     0.00582450
527     0.00565594    -0.00041145     0.00117115    -0.00065621     0.00251821    -0.00220920
528     0.01323214     0.00997510    -0.00194413     0.00022303     0.00223997    -0.00234206
529    -0.00955532     0.00718146    -0.01589838     0.00039297     0.00215821    -0.00080654
530    -0.00010030    -0.00320532     0.01238324    -0.00015801    -0.00091629     0.00041796
531     0.01196172    -0.00675528     0.00214633    -0.00032985    -0.00112664     0.00044326
532    -0.02364899     0.01208329     0.00018497     0.00751581     0.00040224    -0.00145020
533     0.01468788    -0.00305909    -0.00806464    -0.00553388    -0.00033818     0.00084299
534     0.01015166    -0.01357561     0.00556870    -0.00333872     0.00028336     0.00035431
535    -0.01226769    -0.00611761     0.00008718     0.00034176    -0.00164334     0.00536873
536     0.00292888    -0.00408804     0.00138916    -0.00026930     0.00143973    -0.00306753
537     0.00826862     0.01109705     0.00085985    -0.00048325     0.00053558    -0.00307299
538     0.00422426    -0.00276238    -0.00367838    -0.00319818    -0.00108137    -0.00221888
539    -0.00587719     0.00384508     0.00170078     0.00152916     0.00060933     0.00141519
540     0.00058940     0.00299616     0.00131566     0.00201671     0.00041774     0.00122426
541    -0.00593963     0.02090760    -0.01691403     0.00751189    -0.01582208     0.01257091
542     0.00358924    -0.01463079     0.01186191    -0.00148281     0.00986415    -0.00729010
543    -0.00109639    -0.00467446     0.00423049    -0.00123613     0.00524744    -0.00477870
544    -0.00028120     0.00479141     0.00708564    -0.00010157    -0.00794978    -0.02043191
545    -0.00067964    -0.00434900     0.01190233    -0.00054894     0.00596797     0.01102773
546     0.00573389     0.00063603    -0.01500553    -0.00232864     0.00211632     0.00796203
547     0.00244963    -0.00511195    -0.00552994    -0.00163048     0.00641311     0.00343560
548    -0.00170613    -0.00105413     0.00388926     0.00098190    -0.00247789    -0.00179462
549    -0.00099566     0.00378494     0.00607266     0.00146662    -0.00457607    -0.00233982
550     0.00050310    -0.00598128    -0.00615172    -0.00159737     0.00077720     0.00076662
551    -0.00420619    -0.00573242     0.01205368     0.00073111    -0.00033722    -0.00042927
552     0.00534929     0.00988306    -0.00696005     0.00076777    -0.00047532    -0.00038787
553    -0.01565860    -0.00695385     0.00528357     0.00035407     0.00178400    -0.00022215
554     0.00362105     0.00215203     0.00012815    -0.00018211    -0.00096737     0.00020197
555     0.00989087     0.00547777    -0.00437552    -0.00011754    -0.00095298     0.00006567
556     0.00280242    -0.00292159     0.01247948    -0.00183675     0.00077632    -0.00138909
557    -0.00220885     0.00093046     0.00383154     0.00085263    -0.00026753     0.00070982
558     0.00094067     0.00184311    -0.01356962     0.00111350    -0.00039916     0.00068782
559     0.00293035    -0.00222790     0.00696305    -0.00084534     0.00146348     0.00105926
560    -0.00081260    -0.00474566     0.00189193     0.00054497    -0.00086918    -0.00058135
561    -0.00123852     0.00675959    -0.00839452     0.00041932    -0.00067653    -0.00060837
562     0.00009509    -0.00260435     0.00408610     0.00057636     0.00091167    -0.00244903
563    -0.00157278     0.00010177    -0.00616360    -0.00016091    -0.00037892     0.00110393
564    -0.00194510    -0.00005157     0.00226719    -0.00028079    -0.00055276     0.00153893
565    -0.00052300    -0.00302505     0.00058469    -0.00164763    -0.00124034     0.00424560
566     0.00486725     0.00028559     0.00254376     0.00055379     0.00077003    -0.00241305
567    -0.00179041    -0.00111418     0.00152916     0.00067620     0.00063071    -0.00164806
568    -0.00333066    -0.00254643    -0.00521841     0.00146080     0.00025137    -0.00189860
569     0.00201989    -0.00055256     0.00083624    -0.00091287    -0.00006537     0.00107488
570     0.00286892     0.00534636     0.00428810    -0.00075438    -0.00024206     0.00091125
