 Number of water molecules:
          76

 Atomic and electronic energies:
    -0.98242663    -0.11334985

 Atomic coordinates:
  1    -4.11425542    12.80118397     7.53566700
  2    -3.52379097    11.29061421     8.51728501
  3    -5.06437639    12.24884844     5.94099892
  4     1.06127348     5.06215002    13.04225268
  5     1.39875099     5.36985945    14.83422666
  6     2.48455259     4.19548191    12.09190168
  7   -10.86988502    -0.43794286     5.57993289
  8   -10.97726881    -0.15790738     7.49734153
  9   -12.28851000     0.55553654     4.68053943
 10     7.08415218     7.20290583    -7.38927096
 11     8.70507117     6.14429907    -7.56295201
 12     6.52289329     7.06356810    -5.52938489
 13     4.59985733    -6.22787454   -14.17008458
 14     3.06272263    -4.99093532   -14.05262225
 15     3.83502560    -7.85154071   -14.96039699
 16    -4.54647240     6.80334525     1.16082933
 17    -3.84749916     6.17629772    -0.51241271
 18    -6.07143892     5.71345081     1.60076370
 19     6.64796081    -1.19955356    12.51132452
 20     8.09707321    -1.49159865    11.34907166
 21     5.87495462     0.43287872    11.90353606
 22     4.64450287     8.24663308    -2.82884925
 23     3.14067661     7.22118066    -3.48836643
 24     4.65768178     8.17539744    -0.90324666
 25     2.19121834     0.69721099    -9.45342219
 26     3.82457317     0.70548615    -8.53277921
 27     0.77111730     0.72057151    -8.10579704
 28    -0.13592982     1.56378266     3.35325304
 29    -0.33720924     2.97707228     2.14720662
 30    -1.95282364     1.03179864     3.71406984
 31    -0.66184257    -3.42382451    -4.58368784
 32     1.27984824    -3.13057581    -4.69153656
 33    -1.22527819    -1.71056869    -5.24452015
 34     1.56579133     0.93411976     8.43399708
 35     1.42563812     1.56236019     6.66026749
 36     0.28367024    -0.44527871     8.33121095
 37    -3.31277857    -2.05373025    -0.08224172
 38    -2.17361145    -0.65382179     0.13740499
 39    -2.77207608    -2.81893530    -1.70728134
 40    -0.31289790    13.18366742     3.53341159
 41    -0.91651375    13.82093150     5.18568697
 42    -0.40483142    11.25244288     3.47245300
 43    -5.84114233     0.73776132     5.08809890
 44    -7.60395575     0.11669889     5.32272003
 45    -4.86885307     0.08018083     6.66719963
 46   -13.98211677    -1.61156165    -0.72887114
 47   -15.68766471    -2.42993633    -1.00709800
 48   -12.70536320    -2.27662939    -1.92920554
 49    -6.31426009     2.37211391    -9.59868397
 50    -8.03484193     2.70463289    -8.86831079
 51    -5.50399500     4.14531932    -9.59552157
 52    -6.33342623    -7.43183804     5.25487687
 53    -6.52024103    -8.69042508     3.90331893
 54    -4.83046415    -6.32825666     4.79934380
 55    -4.94678468    -4.45423797    -9.67338121
 56    -4.59515594    -3.26833206    -8.25720802
 57    -3.61930870    -5.76365790    -9.79555429
 58     7.06640628    -6.22754359     2.16332629
 59     8.80030128    -6.02523853     3.08759206
 60     5.83569432    -5.55231911     3.44995428
 61    13.84495676    -0.61913122     2.62563095
 62    13.97299580     0.96144907     3.68499586
 63    13.39248415     0.02505851     0.95343865
 64    -2.15330524     7.38436367     9.04892247
 65    -0.65643099     7.20276917    10.20573444
 66    -3.10498749     5.70710136     9.02596804
 67     2.49137988     8.35329014   -10.22810561
 68     4.21899916     7.96245901    -9.35021816
 69     1.89998954     6.77525572   -10.99582832
 70    -2.48622794     0.67578028    -6.70148472
 71    -2.21190923     2.10442154    -5.38968613
 72    -4.14541959     1.00873058    -7.60054891
 73    -1.79651683    -9.90586349     9.06039144
 74    -3.68991086    -9.58861299     9.66386658
 75    -2.00454433   -10.79697325     7.32048616
 76     7.37390509     6.46561017     6.29109255
 77     5.85561402     6.91899480     5.05711483
 78     8.10956069     8.07012974     7.02466646
 79     8.21510721    -7.24272783    -5.44945630
 80     7.43348588    -8.52918882    -4.28769727
 81     9.11114983    -5.89906894    -4.41499295
 82     8.58020522    -3.38603175    -1.86716463
 83     7.06206013    -3.15757959    -2.86663206
 84     8.05622690    -4.30884168    -0.31238105
 85    -1.92096740    -4.59142771     4.41437369
 86    -2.20716789    -3.43205817     2.94111344
 87    -1.01080967    -6.14582297     3.71129730
 88    -8.56652807     9.44422468    -3.21269409
 89    -6.86433597     9.48214159    -2.39547777
 90    -8.63989123     7.91137795    -4.39676891
 91   -10.80270429    10.72776193     1.86534475
 92   -10.78720871    10.26729327     0.00191655
 93    -8.92673957    11.03197479     2.26508420
 94    11.56178266    -4.65506188     4.51150423
 95    10.09416348    -3.56132422     5.22671523
 96    12.67569211    -3.30112178     3.57517103
 97     6.54928132     1.67811151    -6.21144190
 98     8.14663815     2.47091274    -6.96808303
 99     6.31432632     2.50913339    -4.46784377
100    -8.43332379     3.58250403     1.79644584
101    -7.44973114     2.66710838     3.17734305
102   -10.30449372     3.73238552     2.36358909
103    -9.89525785    -2.91674396    -3.57477674
104    -9.20337941    -3.58936298    -1.93254404
105    -8.92523924    -1.29962471    -3.79106758
106    -2.89961513    -1.91899778     8.65619716
107    -2.64536899    -2.85937826     7.06504787
108    -2.25540466    -3.17549603    10.08904332
109     8.72755696     2.39646344     3.29398503
110     8.72742753     4.12128997     4.19441810
111     7.42543149     2.54855283     1.93895592
112     4.02402407    13.25985591     0.62820372
113     4.10516694    14.48298659    -0.82085732
114     2.34717309    13.64343431     1.61766549
115     4.24886175     8.40810487     2.56414833
116     2.34149436     8.19144068     3.01760244
117     4.59919704    10.27099051     2.10606153
118    -5.73240973   -10.24809648     0.43768711
119    -5.09328623   -10.73751034    -1.21030676
120    -7.44012015    -9.36376811     0.28711754
121    -8.45418286    -3.00989478     1.17507166
122    -9.47548792    -2.24066851     2.70136224
123    -6.65813884    -2.36250294     1.36199577
124    -2.63286926   -12.06960530     4.43819901
125    -4.32288397   -12.47754503     3.57121779
126    -1.67307102   -10.94250580     3.26206676
127    10.15846010    -4.52891876   -13.98511446
128     8.43013068    -4.87088332   -14.71139430
129    11.29857775    -5.98429056   -14.30937372
130    10.97011517     3.70109031    -7.69435054
131    10.67731061     2.54378954    -9.15733811
132    12.45427470     3.17744081    -6.63116951
133    -2.71160332     4.69100249    -3.44637194
134    -2.12024942     6.06894503    -4.49247804
135    -1.08556482     4.25448930    -2.42203079
136    -8.99644911     1.99857986    10.01517704
137    -9.55750664     2.66806998    11.68965874
138    -7.10220591     2.30158431    10.04578542
139    -6.38272109    -8.96951924    10.07161635
140    -6.41371549    -8.11555727     8.33102687
141    -7.65122513    -7.92433034    10.88351789
142    -3.77810089    -0.73777026   -13.24374037
143    -4.23068554    -2.34938760   -12.35965144
144    -4.50801624     0.63344327   -12.05080583
145    10.10514042    -0.73181387   -10.24409482
146     8.90328654    -1.37922276    -8.97457739
147    10.31301361    -2.05352243   -11.62279698
148    -0.97206963     9.54573628    -6.60207137
149     0.23403115    10.70193588    -5.56528559
150     0.21387395     8.95251125    -7.99488116
151     6.62456484    12.90552400    -4.69781325
152     6.09502934    11.44907772    -3.61951389
153     7.17223619    12.25931702    -6.32658275
154    -0.59616843     3.56817903   -12.42208074
155    -1.24373130     2.38351113   -13.71914233
156     0.73799216     2.64586347   -11.41332651
157     5.19149107    -9.39438897    -1.63814585
158     4.29237833   -10.79385499    -0.72869488
159     6.09967054    -8.33934628    -0.32923852
160     3.42222290   -12.99129700     1.73790829
161     4.40679062   -13.19270801     3.34003812
162     2.18655798   -14.39619278     1.63663704
163    -4.21812405   -10.85195373    -4.83773056
164    -5.47285819    -9.33756699    -4.94841719
165    -2.53226682   -10.20304284    -4.43062125
166    -3.78939196     2.90623208    11.02573918
167    -3.06978789     1.22812144    10.57537883
168    -2.32216144     3.74638306    11.89157224
169   -10.55038097    -8.26048482    -0.38637718
170   -10.18594404    -6.40844003     0.01102328
171   -10.51089531    -8.20367088    -2.26421546
172     5.76841785    -4.61759838    -9.08266156
173     5.78825542    -5.49720461   -10.78925105
174     6.77230936    -5.78076841    -7.96189851
175    -3.99174399     6.72360926   -10.33820674
176    -2.99408125     8.20012556    -9.56102600
177    -2.67133839     5.50748391   -11.25159754
178    -7.50138996     1.67600438    -3.53255340
179    -5.74355759     2.41775092    -3.42478389
180    -8.36267681     2.37076387    -1.91991621
181     0.38046121    -8.68534666     2.08257458
182     0.10504203    -8.32567808     0.17017814
183     1.58712254   -10.20352825     2.04053073
184   -13.39536839     2.77364601     1.69166567
185   -14.32966739     4.15980887     0.90536632
186   -13.61531289     1.10657090     0.74164939
187     5.45091512     2.67223356    -0.54869223
188     4.71431430     4.39406498    -0.93834545
189     3.96197846     1.61662643    -0.08828747
190     0.39826349    -8.24544146    -3.07890111
191    -0.03748433    -6.54966725    -3.87877445
192     2.35701324    -8.49941194    -2.96144540
193     7.94505019    -1.68495242     6.34571340
194     8.29108304    -0.23692924     5.11772238
195     6.05408204    -2.23560355     6.19132828
196     0.81288685    -3.21962029   -13.45077329
197    -0.82442343    -2.19660911   -13.66991660
198     1.93550482    -2.04924658   -12.39311920
199    -5.20303960    11.49155152     2.47431478
200    -3.58330145    12.58274723     2.06062995
201    -4.89540126     9.73544788     1.85767607
202     5.34819139     3.65744438    10.09452508
203     6.21287264     4.89704045     8.92600256
204     4.11575838     2.47592814     9.03940490
205     3.03776134    -7.75930942     8.75829163
206     3.26484540    -6.89316808    10.50850365
207     1.46905072    -8.84494086     9.00052059
208    11.01215509     1.20059791    -2.03693274
209    10.15926031    -0.51186632    -1.85054376
210     9.99279913     2.32017896    -0.87623002
211     4.16244819    -5.60777513    13.42655212
212     5.25418798    -3.99800392    13.07102624
213     5.37730424    -6.54720412    14.53175495
214    -7.62693176    -7.20362891    -5.52776684
215    -7.49150041    -6.95466932    -7.41399407
216    -8.09433260    -5.49607545    -4.91712964
217     3.42093654    -4.42013902     5.20236146
218     1.63618078    -3.81007738     4.86336351
219     3.21209880    -5.82498490     6.57008613
220     4.22989114    -2.58682216    -4.82402193
221     4.85289212    -0.80609050    -5.06090332
222     4.85240761    -3.39249433    -6.52292902
223    -0.66489660     7.85218169     4.17222644
224    -1.32978228     7.96251443     5.95310864
225    -2.06567003     6.99835251     3.10934659
226    -1.41434362    -5.41992537    11.78495406
227    -0.09377526    -5.61150938    13.17010652
228    -1.74193567    -7.14923727    10.94692144

 Atomic and electronic forces:
  1     0.00020594     0.00232718    -0.01240568    -0.00152212     0.00277755     0.00293243
  2    -0.00454633    -0.00604550    -0.00038848     0.00073030    -0.00126761    -0.00177920
  3     0.00590591     0.00147432     0.01292134     0.00115662    -0.00164596    -0.00153546
  4    -0.02434649    -0.00066761    -0.03695049     0.00010471     0.00028164     0.00366516
  5     0.01553845    -0.00129723     0.02092070    -0.00006618    -0.00012705    -0.00146223
  6     0.00664077     0.00303292     0.01172925    -0.00027698    -0.00004050    -0.00206844
  7    -0.00771815     0.00478731    -0.00705702    -0.00319234    -0.00118095     0.00199533
  8    -0.00144913     0.00508512    -0.01503114     0.00130701     0.00044940    -0.00102639
  9     0.01353105    -0.00864209     0.01555637     0.00162022     0.00041063    -0.00078855
 10    -0.00613935    -0.00963390     0.01784208     0.00714610     0.00357201    -0.00609627
 11    -0.00541473     0.00748336    -0.00143325    -0.00324667    -0.00085791     0.00228398
 12     0.01086612     0.00988140    -0.02050236    -0.00539027    -0.00282781     0.00327703
 13    -0.02038163    -0.02146784    -0.01408478     0.00070169    -0.00185861    -0.00225785
 14     0.01369376    -0.01042906     0.00075674    -0.00025971     0.00101592     0.00139168
 15     0.01520713     0.02676631     0.01344207    -0.00021834     0.00083729     0.00093456
 16     0.01979710    -0.00776757    -0.00942369    -0.01373432     0.00739794     0.00704318
 17    -0.01279698    -0.00070518     0.00002664     0.00950373    -0.00446318    -0.00204912
 18    -0.01024746    -0.00325370    -0.00287903     0.00559613    -0.00153490    -0.00259130
 19    -0.00696028    -0.00191317     0.00292651     0.00112535    -0.00095403     0.00267313
 20     0.01103730    -0.00382923    -0.00815285    -0.00073954     0.00053411    -0.00130082
 21    -0.00180791     0.00529132     0.00182372    -0.00062788     0.00041561    -0.00163683
 22    -0.01968156    -0.02796557    -0.00122918     0.01478924     0.01563316    -0.00312392
 23     0.01719084     0.01952618     0.00757076    -0.00725764    -0.00952198     0.00452841
 24     0.00112411     0.00817362    -0.00275634    -0.00677774    -0.00698431    -0.00169317
 25    -0.03475554     0.00294411     0.01352115     0.00184208    -0.00449506    -0.01033427
 26     0.02238086     0.00004315     0.00652865    -0.00232992     0.00251192     0.00505422
 27     0.01466423    -0.00518348    -0.02309841     0.00014145     0.00346136     0.00669898
 28    -0.01854954    -0.00942973    -0.00411743    -0.00231602    -0.00908038     0.02027188
 29     0.00552644     0.01425326    -0.00127861     0.00272747     0.00297886    -0.01236225
 30     0.00636731    -0.00217620     0.00947643     0.00301919     0.00346508    -0.00676543
 31     0.02497533     0.01809557     0.00498085    -0.00225344    -0.01157373    -0.00463731
 32    -0.00713918    -0.02073401     0.00502588    -0.00050307     0.00613590     0.00259150
 33    -0.02112230    -0.00505485    -0.00985019     0.00233226     0.00627767     0.00404786
 34    -0.00097397     0.00156037    -0.01431344     0.00064219    -0.00195392     0.00674289
 35     0.00685468     0.01324588    -0.01321379    -0.00049249     0.00136355    -0.00491817
 36    -0.00918724    -0.01619583     0.02084745     0.00009237     0.00131857    -0.00309190
 37    -0.01835375    -0.01255009     0.01170189    -0.00833439    -0.01205931     0.00317460
 38     0.02253828     0.03046844     0.01027129     0.00522046     0.00813555    -0.00328570
 39     0.00109047    -0.01987597    -0.02029818     0.00321711     0.00603986     0.00006703
 40     0.01440395    -0.01684331    -0.03544901    -0.00067676     0.00609969     0.00359872
 41    -0.01113968     0.00213785     0.02194946     0.00036913    -0.00222778    -0.00159480
 42    -0.00206178     0.01295320     0.01384109     0.00060107    -0.00392775    -0.00290713
 43     0.04724848    -0.00063936     0.01372975    -0.00542840    -0.00257990     0.00563825
 44    -0.02669482    -0.00831844     0.00758953     0.00223893     0.00100281    -0.00188444
 45    -0.01508276     0.00609055    -0.01680729     0.00181947     0.00124510    -0.00277058
 46    -0.02856590     0.01321248     0.02030211    -0.00306140    -0.00113452     0.00019337
 47     0.01196063    -0.00074497    -0.00300267     0.00122728     0.00046952    -0.00004988
 48     0.01316690    -0.01083831    -0.01821769     0.00169511     0.00076951     0.00003453
 49     0.00485488     0.00908710     0.01036086    -0.00464150    -0.00099259    -0.00503131
 50    -0.00671264    -0.00717047    -0.00175472     0.00239249     0.00032320     0.00191424
 51    -0.00053280    -0.00422400    -0.01155823     0.00251020    -0.00007328     0.00303318
 52     0.00532091     0.02497610     0.02130751    -0.00168879    -0.00271072     0.00167471
 53    -0.00140681    -0.01885220    -0.02150492     0.00078959     0.00137035    -0.00061352
 54    -0.00221361    -0.00357433     0.00145357     0.00096240     0.00177572    -0.00113802
 55    -0.01661074     0.00654167    -0.00862475    -0.00219165    -0.00315848    -0.00301686
 56     0.00624942     0.00187178     0.00760821     0.00162083     0.00212098     0.00195399
 57     0.01380956    -0.01022951     0.00214245     0.00076572     0.00166697     0.00139393
 58     0.03813105     0.00200653     0.00416125     0.00261116    -0.00407097     0.00159778
 59    -0.01637759    -0.00746489    -0.01481305    -0.00129098     0.00155921    -0.00077057
 60    -0.01784169     0.00165455     0.00702589    -0.00124992     0.00223872    -0.00125016
 61     0.00773734     0.00716246     0.02545876     0.00340273    -0.00117589     0.00115147
 62     0.00114162    -0.00882325     0.00420329    -0.00170473     0.00038298    -0.00070696
 63    -0.00817767     0.00337435    -0.03471678    -0.00205753     0.00063446    -0.00045374
 64    -0.00499663     0.00471073    -0.01827277    -0.00141517     0.00175392     0.00545985
 65     0.00181458    -0.00508442     0.00927246     0.00027260    -0.00068799    -0.00251376
 66     0.00330045     0.00607098     0.01008847     0.00099138    -0.00048009    -0.00285238
 67     0.03157620     0.00921895     0.04044267     0.00150229     0.00403468    -0.00775467
 68    -0.02161198     0.00854744    -0.01883210    -0.00183587    -0.00211841     0.00399893
 69    -0.00651090    -0.02280720    -0.01973866    -0.00046216    -0.00127218     0.00420121
 70     0.02616428     0.01231415     0.02824858    -0.00845397    -0.00765572    -0.01209905
 71    -0.01785446    -0.01263073    -0.02278715     0.00695447     0.00363455     0.00785141
 72    -0.00773637     0.00669751    -0.00673815     0.00353205     0.00197769     0.00407265
 73    -0.01971076     0.00187636    -0.00587947    -0.00036221    -0.00202931     0.00159402
 74     0.02988131    -0.01241187    -0.01081197     0.00029706     0.00091680    -0.00077768
 75     0.00077692     0.00469010     0.01614891     0.00020589     0.00112944    -0.00069897
 76    -0.03332863     0.00802655    -0.02623150     0.00426752     0.00157605     0.00512474
 77     0.04001791     0.00099919     0.02772960    -0.00275929    -0.00155045    -0.00362091
 78    -0.00511646    -0.00129294    -0.00613901    -0.00164653    -0.00090071    -0.00195053
 79     0.00518066     0.00846219    -0.01526277     0.00225942    -0.00333665    -0.00108865
 80    -0.00277197    -0.00158976     0.00928773    -0.00093484     0.00171438     0.00034413
 81    -0.00235553    -0.00781688     0.00479638    -0.00150170     0.00174046     0.00045971
 82     0.03900880     0.01232582     0.00543254     0.00511220    -0.00465951    -0.00002310
 83    -0.03808854     0.00318694    -0.02437844    -0.00294121     0.00320468     0.00047363
 84    -0.00350739    -0.01458021     0.01972199    -0.00218478     0.00239134    -0.00043785
 85     0.00504913     0.00132643     0.00488887    -0.00166666    -0.00548224     0.00401945
 86    -0.00629629    -0.00054425    -0.01234200     0.00152785     0.00388210    -0.00250643
 87    -0.00004872    -0.00492661     0.00005707     0.00044555     0.00268308    -0.00147008
 88    -0.00263711    -0.02375500    -0.01101014    -0.00572808     0.00328505    -0.00092852
 89     0.00100667     0.00293577    -0.00017645     0.00364521    -0.00254310     0.00033780
 90    -0.00055794     0.02106831     0.01296899     0.00319971    -0.00131345     0.00091606
 91     0.02847321    -0.00434953    -0.01088172    -0.00350958     0.00204322     0.00107909
 92    -0.00547406     0.00358887     0.00577021     0.00201195    -0.00108946    -0.00029393
 93    -0.01942467     0.00245431     0.00338893     0.00196023    -0.00141906    -0.00080128
 94    -0.00744687     0.02986530    -0.01508710     0.00250659    -0.00195966     0.00144927
 95     0.01627325    -0.01202481     0.00360523    -0.00142587     0.00111991    -0.00105778
 96    -0.01027628    -0.02177638     0.01585815    -0.00144879     0.00086741    -0.00064926
 97    -0.01814904     0.01202227     0.02274393     0.01051944    -0.00425275    -0.00761418
 98     0.00050923    -0.00368870     0.00400765    -0.00394061     0.00083626     0.00265627
 99     0.01303582    -0.01109061    -0.01846758    -0.00779436     0.00215084     0.00340212
100    -0.00016549     0.01163946    -0.00461349    -0.00781616    -0.00019746     0.00286739
101    -0.00745416    -0.00360888     0.00353154     0.00378330     0.00052744    -0.00220711
102     0.01650503    -0.00773076    -0.00685852     0.00276444     0.00002997    -0.00099453
103    -0.00015469    -0.01455851    -0.01310994    -0.00413832    -0.00260821    -0.00074677
104    -0.00029842     0.00202284     0.01575391     0.00211864     0.00157192     0.00006226
105     0.00183754     0.01858157    -0.00703660     0.00281364     0.00147453     0.00062710
106     0.01102898     0.00986972     0.04611388    -0.00148745    -0.00244159     0.00440103
107     0.00297493    -0.02572098    -0.02596815     0.00086338     0.00177402    -0.00233583
108    -0.01523871     0.01651738    -0.02259936     0.00042238     0.00103054    -0.00173495
109     0.01129199     0.01561357     0.01628274     0.00705718    -0.00135931     0.00443684
110     0.00065248    -0.01490815     0.00142651    -0.00318347    -0.00005361    -0.00236307
111    -0.01138070    -0.00233951    -0.01487544    -0.00531693     0.00110655    -0.00291993
112    -0.03209805    -0.00335634     0.02053308     0.00263579     0.00715160     0.00195337
113     0.00369505     0.00326043    -0.00263364    -0.00104688    -0.00316906    -0.00032165
114     0.02773911    -0.00281759    -0.01450976    -0.00062220    -0.00352822    -0.00128562
115    -0.01866412    -0.00813358    -0.00528427     0.00762503     0.00917493     0.00930032
116     0.02417260     0.01213117     0.00061125    -0.00215962    -0.00521213    -0.00608447
117    -0.00910230    -0.00506853     0.00435706    -0.00266583    -0.00417022    -0.00267776
118    -0.01451002     0.01693260     0.04835776    -0.00136789    -0.00298876     0.00045483
119     0.00625999    -0.01052852    -0.04048953     0.00061298     0.00153710    -0.00005254
120     0.00274559    -0.00999415    -0.00860429     0.00086980     0.00140615    -0.00021121
121    -0.01779664     0.01227329     0.03439396    -0.00451915    -0.00335571     0.00138051
122     0.01799804    -0.01707102    -0.02866162     0.00205704     0.00122262    -0.00087526
123    -0.00141113    -0.00296673    -0.00192719     0.00291823     0.00243939    -0.00117881
124    -0.02314766    -0.01939928     0.00625004    -0.00051218    -0.00246052     0.00095438
125     0.01842328     0.00699593     0.00571340     0.00035815     0.00116581    -0.00037840
126     0.00480142     0.01205585    -0.00805859     0.00024396     0.00153557    -0.00051902
127    -0.00490894     0.01314820     0.00630615     0.00141914    -0.00127848    -0.00182776
128    -0.00070990    -0.00424046     0.00052837    -0.00059709     0.00068597     0.00100000
129     0.00235280    -0.00825544    -0.00354670    -0.00061786     0.00058108     0.00072893
130    -0.01336517     0.02985672     0.01612758     0.00506981    -0.00016235    -0.00285090
131     0.01214161    -0.02103207    -0.01181804    -0.00212955     0.00031528     0.00154781
132     0.00207416    -0.00878326    -0.00536978    -0.00234619     0.00016795     0.00094109
133     0.04203089    -0.04248947     0.05601321    -0.02731391     0.00548153    -0.01327711
134    -0.00104259     0.04433252    -0.03892952     0.00835179    -0.00505175     0.00698575
135    -0.03692748     0.00280687    -0.01646326     0.01152879    -0.00192291     0.00451892
136     0.00706086     0.00065626     0.00220204    -0.00218614    -0.00042398     0.00264469
137    -0.00804365     0.00053669     0.00329763     0.00086469     0.00010292    -0.00113071
138     0.00102283    -0.00147187    -0.00235251     0.00111200     0.00022533    -0.00168180
139     0.00386812     0.00875745    -0.02124333    -0.00086392    -0.00156974     0.00144409
140     0.00794679    -0.01574354    -0.00971893     0.00057258     0.00096615    -0.00081173
141    -0.02430120     0.00959511     0.03228161     0.00048328     0.00068367    -0.00073141
142     0.00071200     0.02718927     0.01548921    -0.00163431    -0.00163926    -0.00402252
143    -0.00767352    -0.01513016     0.00292935     0.00088217     0.00108436     0.00183554
144     0.00259016    -0.01197297    -0.01737398     0.00125895     0.00076679     0.00238719
145     0.01360827     0.01437942    -0.01189211     0.00314277    -0.00157946    -0.00279666
146    -0.01296333    -0.01315445     0.00814727    -0.00189342     0.00123715     0.00163604
147    -0.00231932    -0.00237671    -0.00033282    -0.00117404     0.00073816     0.00119375
148     0.03644260     0.00767253     0.02862167    -0.00368829     0.01008256    -0.00889233
149    -0.02934856    -0.01100599    -0.01606010     0.00058876    -0.00571528     0.00326869
150    -0.00140064     0.00256368    -0.01264730     0.00061141    -0.00389542     0.00486236
151    -0.01061755     0.01963481     0.02443869     0.00356938     0.00533119    -0.00167731
152    -0.00156289    -0.00849807     0.00348234    -0.00268595    -0.00366600     0.00083842
153     0.01063622    -0.01181602    -0.02856661    -0.00180052    -0.00229281     0.00122952
154     0.00063303     0.03033633     0.01224050    -0.00100793    -0.00028795    -0.00698111
155    -0.00734539    -0.01477151    -0.01392706     0.00048439     0.00036093     0.00268417
156     0.00516108    -0.01180531     0.00106591     0.00007705     0.00061597     0.00429764
157     0.00179720     0.01026236    -0.01929330     0.00133849    -0.00390842     0.00003810
158     0.00165655    -0.01222414     0.01125802    -0.00042850     0.00172843    -0.00012186
159     0.00161788     0.00191471     0.01070226    -0.00091978     0.00205133    -0.00024325
160     0.00164691     0.01723629    -0.00474054     0.00042352    -0.00259008     0.00053778
161     0.00406948    -0.00177014     0.00545252    -0.00025425     0.00115776    -0.00034666
162    -0.00921902    -0.01353843    -0.00000111    -0.00009537     0.00115369    -0.00021440
163    -0.03929474     0.00650322    -0.00134852    -0.00101557    -0.00301321    -0.00063919
164     0.01404925    -0.02025043    -0.00194060     0.00076317     0.00161654     0.00039774
165     0.02838858     0.01269864     0.00603187     0.00042092     0.00181460     0.00035015
166    -0.00227192     0.00805509    -0.00394159    -0.00144232    -0.00032046     0.00415782
167    -0.00152086    -0.02310015    -0.00669103     0.00066548     0.00047807    -0.00221954
168     0.00413131     0.00897379     0.01068758     0.00044398     0.00002335    -0.00204778
169     0.01311333     0.03198434     0.00092726    -0.00200486    -0.00214854     0.00023097
170    -0.00532641    -0.01306299     0.01755562     0.00130246     0.00122033    -0.00020055
171    -0.00382388    -0.01619226    -0.01689384     0.00102380     0.00109480     0.00005239
172    -0.00344601     0.00605674    -0.01056363     0.00219807    -0.00371967    -0.00315215
173    -0.00482769     0.00495273    -0.00385833    -0.00075999     0.00141788     0.00134682
174     0.01031147    -0.01193782     0.01272739    -0.00113326     0.00180913     0.00114404
175     0.03748862    -0.01593707    -0.00275374    -0.00373565     0.00204275    -0.00639374
176    -0.01063854    -0.01295988    -0.00977502     0.00179011    -0.00187492     0.00347325
177    -0.02513748     0.03150927     0.01481547     0.00139458    -0.00057606     0.00359237
178     0.00049241     0.01636655     0.02691964    -0.00963522    -0.00243208    -0.00228302
179    -0.00368002    -0.00172527    -0.00676460     0.00709486     0.00142034     0.00203557
180     0.00208110    -0.01129524    -0.01605848     0.00457108     0.00071626     0.00018353
181     0.00153765    -0.00258258    -0.02933863    -0.00009939    -0.00451626     0.00137936
182     0.00051597    -0.00213101     0.01785225     0.00012307     0.00265482    -0.00041346
183    -0.00197133     0.00744565     0.00765934    -0.00012267     0.00185167    -0.00049959
184     0.01778346    -0.01701532     0.02655050    -0.00369460    -0.00028684     0.00087188
185    -0.01721459     0.01377817    -0.01596923     0.00171454    -0.00003029    -0.00029130
186    -0.00564931     0.00298413    -0.00543354     0.00179693     0.00034429    -0.00029868
187    -0.01417378     0.02065589    -0.01326388     0.02339467    -0.00640107     0.00645754
188     0.01432647    -0.00271456     0.00462668    -0.01264606    -0.00086048    -0.00307463
189    -0.00131334    -0.01677825     0.00772112    -0.00968761     0.00628242    -0.00486442
190     0.01500779    -0.00918857     0.00607151    -0.00013255    -0.00541946    -0.00061092
191     0.00890617    -0.00038854     0.00016642     0.00025146     0.00350425     0.00073433
192    -0.02746984     0.00936290    -0.00621368    -0.00034979     0.00256584     0.00025416
193    -0.03122557    -0.00930719    -0.00174568     0.00319292    -0.00241876     0.00353979
194    -0.00344981     0.00113991     0.00293995    -0.00226330     0.00121366    -0.00203355
195     0.03211376     0.00864695     0.00013898    -0.00148793     0.00165951    -0.00217626
196    -0.00380425     0.02642030     0.00962658    -0.00000052    -0.00227529    -0.00369900
197     0.00490163    -0.01039237    -0.00271219     0.00027934     0.00102849     0.00198861
198    -0.00587340    -0.00946948    -0.00381196    -0.00025204     0.00134880     0.00237354
199     0.02725981     0.05105246    -0.00279465    -0.00421344     0.00522167     0.00297422
200    -0.03867794    -0.02375722     0.01187941     0.00161264    -0.00313908    -0.00142518
201     0.00300238    -0.02013033    -0.00472657     0.00329594    -0.00328434    -0.00206901
202    -0.02674505    -0.02761627    -0.00433903     0.00183003    -0.00010603     0.00459716
203     0.00149673    -0.00367570    -0.00989817    -0.00127994    -0.00021765    -0.00245212
204     0.02545128     0.02683322     0.02317386    -0.00094763     0.00038984    -0.00292366
205    -0.00444633     0.00772151     0.02788794     0.00049003    -0.00236552     0.00214489
206     0.00427698    -0.00862029    -0.01866450    -0.00023793     0.00097219    -0.00110999
207    -0.00189618    -0.00273289    -0.00523870    -0.00007300     0.00112041    -0.00094973
208    -0.00957991     0.00566760     0.01078225     0.00673846    -0.00181709    -0.00008302
209     0.00591446    -0.00842857    -0.00681402    -0.00332173     0.00155302    -0.00001255
210     0.00730931     0.00050145    -0.00243846    -0.00430707     0.00078044    -0.00047918
211     0.02668479     0.02225488    -0.00358670     0.00047143    -0.00126971     0.00203373
212    -0.02551380    -0.00775353    -0.00272321    -0.00035652     0.00060845    -0.00114577
213    -0.00617053    -0.01304804     0.00524833    -0.00024457     0.00053934    -0.00084284
214     0.00849899    -0.00971972    -0.01023392    -0.00228422    -0.00300219    -0.00104330
215     0.00042469    -0.00611711    -0.00314812     0.00105213     0.00137285     0.00072581
216    -0.01266807     0.01957610     0.01196624     0.00154865     0.00162585     0.00056603
217    -0.00607661     0.00712967     0.00492307     0.00163433    -0.00476149     0.00404531
218     0.00461675    -0.00611903     0.00218085    -0.00040291     0.00292999    -0.00256478
219     0.00578152     0.00597935    -0.00700901    -0.00047965     0.00178118    -0.00154010
220     0.00203130    -0.00576861    -0.01764263     0.00561054    -0.01012574    -0.00468437
221     0.00928267     0.01128458     0.00166154    -0.00445130     0.00501378     0.00335136
222    -0.01045278    -0.00454297     0.01539384    -0.00188556     0.00330442     0.00211727
223     0.00563953    -0.00719734    -0.03354743    -0.00270987     0.00807454     0.01235226
224    -0.00582129    -0.00217110     0.01767436     0.00110765    -0.00226120    -0.00432690
225     0.00383252     0.01477903     0.01455482     0.00380122    -0.00425418    -0.00665102
226    -0.00013476    -0.00597156     0.00016049    -0.00036902    -0.00166649     0.00243026
227    -0.00367427    -0.00437854    -0.00897541     0.00005425     0.00069865    -0.00109986
228     0.00895472     0.01038728     0.01044003     0.00019957     0.00091929    -0.00106046
