 Number of water molecules:
          76

 Atomic and electronic energies:
    -1.04128211    -0.09684618

 Atomic coordinates:
  1    -3.42505560    13.04405494     6.30728425
  2    -2.68279292    11.43785133     6.88361844
  3    -4.43769629    12.72837842     4.65339723
  4     0.10565770     4.48906405    12.65904672
  5     0.53042475     3.72722908    14.39382363
  6     1.76913868     4.12868531    11.60049595
  7   -10.63591186    -0.71130425     6.12828239
  8   -10.40922871    -0.25338802     8.00946878
  9   -11.95079822     0.50750619     5.38938025
 10     8.30780249     8.67784104    -8.40424148
 11     9.40943641     7.06692493    -8.54218570
 12     9.41127225     9.94853763    -7.51363633
 13     5.26139221    -5.38785755   -13.93262205
 14     3.88475100    -4.04322267   -13.96514878
 15     4.54789761    -6.88682785   -14.91908004
 16    -4.30415824     6.92737545     0.43017642
 17    -3.95950405     6.45007358    -1.40668571
 18    -5.68149954     5.91814610     1.10814440
 19     5.56269242    -1.14286942    12.23261328
 20     6.68909398    -1.99924034    10.94610923
 21     5.35146755     0.66238156    11.45368419
 22     5.41015305     7.54791354    -2.34205557
 23     3.52837424     7.23448442    -2.38006225
 24     5.79903213     8.21850856    -0.59432083
 25     1.39547272     1.23454523    -9.61952979
 26     2.82323236     1.74327959    -8.47112386
 27    -0.33308901     1.32060557    -8.61780429
 28    -1.77268211     1.58588219     3.30516638
 29    -1.43736843     2.70091961     1.80967570
 30    -3.46792301     1.97728570     3.90712259
 31    -0.15346298    -3.53588534    -3.83707794
 32     1.73963451    -3.21688156    -4.12681774
 33    -1.04737793    -2.09136694    -4.81277560
 34     2.02056717     0.02584366     6.46753575
 35     1.00945882     0.82935447     5.04665171
 36     0.59388863    -0.83749274     7.40127726
 37    -2.94516558    -2.86608112     0.46357762
 38    -2.03877660    -1.33737270     1.19974318
 39    -2.05135163    -3.36513484    -1.14820992
 40     0.24736657    13.93937445     2.30994318
 41    -0.86901852    14.70432428     3.63262414
 42    -0.07556950    12.06287557     2.57473119
 43    -5.96374984     1.00189397     6.04111459
 44    -7.77764824     0.53976522     6.35583097
 45    -5.11999187     0.66586029     7.72428025
 46   -14.35764036    -1.25424630    -0.67820578
 47   -15.48710937    -2.70423668    -0.60451417
 48   -12.78110114    -1.68979908    -1.63172865
 49    -6.65097859     2.61260150   -10.35644487
 50    -8.23943718     2.67273151    -9.36724336
 51    -5.82880501     4.34591988   -10.23708884
 52    -6.27669368    -8.55015801     6.77058447
 53    -6.32646864    -9.78218882     5.32105440
 54    -5.02646754    -7.13204577     6.32318765
 55    -4.23914190    -4.63358722    -8.67275438
 56    -3.98632441    -2.88460574    -7.95095957
 57    -2.63560932    -5.69239586    -8.46422524
 58     7.66734252    -6.09852982     1.75014193
 59     9.27217431    -5.72548342     2.83676753
 60     6.18004758    -6.04514690     2.97741045
 61    12.95375113    -1.07834621     1.48129567
 62    11.58309235     0.14961384     1.96628125
 63    13.51932634    -0.53551566    -0.36308192
 64    -2.45738631     7.81565428     7.59659464
 65    -1.21447431     6.79243639     8.61497741
 66    -4.16058667     7.13235626     8.08660872
 67     3.20617786     9.32074985    -8.47547718
 68     4.97936012     8.91530019    -8.50971765
 69     2.36151348     8.18874831    -9.78679086
 70    -3.27380987     0.36580997    -6.87516971
 71    -3.08564595     1.89933455    -5.75572898
 72    -4.48834622     0.97355451    -8.24925177
 73    -1.35454285   -11.59926964     8.93492958
 74    -3.03811119   -11.30313309     9.78432927
 75    -1.74329330   -12.49885445     7.35117122
 76     7.84873692     5.67213902     6.70707383
 77     6.60975664     6.80449197     5.66692976
 78     9.23243254     6.71675522     7.36877524
 79     7.88891917    -7.06867657    -6.32110295
 80     7.02890444    -8.30656469    -5.21716710
 81     8.83758533    -5.84985204    -5.17539377
 82     9.20869976    -3.49431005    -2.86927141
 83     7.43966587    -2.71181366    -2.93952544
 84     9.21840447    -4.21209970    -1.03339827
 85    -3.01863869    -4.95224878     4.99177887
 86    -3.26238017    -3.74987798     3.45643125
 87    -1.99743660    -6.35944133     4.13930233
 88    -8.57117401     7.71548421    -3.76849232
 89    -8.01555695     8.48320356    -5.40945168
 90    -8.70592933     5.87096233    -4.23372725
 91    -9.87495008     9.90971577     0.68198976
 92    -9.85270254     8.87261208    -0.93670168
 93    -8.23553086    10.77333241     0.78796890
 94    11.71088180    -5.09490161     4.66943568
 95    10.81253886    -4.14283541     6.06106054
 96    12.63027522    -3.71954628     3.74751098
 97     5.47056501     3.43639915    -7.23674819
 98     7.26894700     3.44760680    -7.94797886
 99     5.32970659     5.01945986    -6.30882744
100    -8.59427100     2.86951165     1.25294417
101    -7.35084683     1.85312979     2.31479092
102   -10.35534138     2.52467139     1.93327523
103    -9.72700635    -2.61579635    -3.43907612
104    -9.09146063    -2.97427724    -1.67111221
105    -9.48608664    -0.68586911    -3.69766750
106    -1.98884739    -1.64987404     9.00319199
107    -2.45327513    -2.94149002     7.69510788
108    -1.98938987    -2.65875517    10.59477867
109     8.68423138     1.20815159     3.84245463
110     8.61480924     2.86169775     4.76660825
111     7.56166617     1.59061303     2.33865991
112     5.16847772    13.12641337     0.78473388
113     5.06803729    13.05919352    -1.16279258
114     3.59890453    14.11792937     1.31668138
115     5.12809139     8.31907072     3.02509739
116     3.25543559     8.13374619     3.24753363
117     5.53837076    10.20466007     2.57861626
118    -6.05758175   -11.33826225     2.36530313
119    -5.40084680   -11.05783925     0.55577906
120    -7.94646219   -10.83761607     2.41465149
121    -8.92041151    -3.13138834     1.48144041
122    -9.32938335    -2.85738160     3.30031054
123    -7.03542970    -2.75203770     1.45868691
124    -1.21228626   -12.62684754     3.67509740
125    -3.04389935   -12.62003607     3.03052601
126    -0.55969507   -10.90725478     3.11739813
127    10.55435958    -5.92744494   -12.92515558
128     8.82183825    -5.89349722   -13.70160420
129    10.36670056    -6.53720042   -11.08449981
130    10.38649009     3.95869257    -8.30083708
131    10.69740749     2.45357336    -9.48633404
132    10.74835731     3.22198147    -6.50199912
133    -2.77601926     4.74664508    -4.25937419
134    -2.06173123     6.41907883    -4.82883851
135    -1.61322217     4.07427436    -2.88227094
136    -9.73584973     1.62196036    10.49232345
137   -11.15722803     2.40717538    11.53510954
138    -7.93976189     1.91740754    11.18484301
139    -5.81786531    -8.71243302    11.74619345
140    -5.86136112    -8.70969093     9.84461124
141    -7.45757907    -7.86814127    12.08663948
142    -3.69094454    -0.75665217   -13.33998047
143    -4.35685297    -2.36369063   -12.68124829
144    -4.98542271     0.64784808   -12.90120092
145    10.34993301    -0.91713221   -10.60264557
146     8.73222456    -1.75159591   -10.19211520
147    11.40350033    -2.06184409   -11.70989118
148    -1.02410783     9.66445567    -5.68677588
149    -0.83869820    11.02947145    -4.38304409
150     0.56463404     9.90039177    -6.64992138
151     5.44951377    12.44361372    -4.75652104
152     5.99555988    10.91638723    -3.69517249
153     4.42951424    11.56947580    -6.19768867
154     0.88149696     5.93295259   -11.94065913
155     1.98637960     6.12021251   -13.51276517
156     1.16886269     4.10006372   -11.30447682
157     5.68660923    -9.34280106    -1.95854524
158     5.07186541   -10.98564147    -1.24293988
159     6.73814612    -8.42288140    -0.66835171
160     3.61435356   -12.96720504     0.86976070
161     4.02541428   -14.69135317     1.53417196
162     1.96551711   -12.39970210     1.65885526
163    -4.74120363   -10.44044054    -2.44519924
164    -5.56968839    -9.26024270    -3.72846463
165    -2.85320356   -10.09849994    -2.50904225
166    -4.85203943     2.70693460    11.74982228
167    -3.68961741     1.20957868    11.26503033
168    -3.79322377     4.09162476    12.49151518
169   -10.40246454    -8.42189841    -0.41008677
170    -9.91091318    -6.76274000     0.28140927
171    -9.92345384    -8.52461576    -2.30984051
172     6.02208829    -3.73813518    -9.36857901
173     5.73427982    -4.63873065   -11.12036643
174     6.58155143    -5.18634428    -8.26334563
175    -3.85036135     6.58507736    -9.57765148
176    -3.27950422     7.41061711    -7.93630157
177    -2.24453208     6.48764837   -10.61332315
178    -8.37356140     2.48727356    -4.03608356
179    -6.54972380     2.83488495    -4.43583004
180    -8.50776424     2.66667478    -2.10131780
181     0.29051108    -7.84697500     2.28172031
182     0.22899714    -7.73128360     0.27998017
183     1.59008699    -6.61766481     2.91806491
184   -13.40815901     2.62187290     2.94770264
185   -14.08778021     4.04845825     1.80773901
186   -14.02648496     1.03650401     1.89379068
187     6.46148476     2.49431181    -0.81289616
188     5.77307952     4.31331912    -1.31148448
189     4.78626952     1.46365806    -0.95604128
190     0.32464242    -8.57546849    -2.69294454
191     0.20297307    -6.70260531    -3.22464258
192     2.28552874    -8.90888530    -2.56145190
193     7.97215054    -2.37125189     7.48868480
194     8.15156287    -0.89304924     6.32425214
195     6.58362853    -3.45900235     6.67701314
196     1.27248343    -2.14578474   -13.92682679
197    -0.58428560    -1.68719651   -14.36393668
198     1.57225101    -1.20823365   -12.26437393
199    -5.10674271    11.92310307     1.32686440
200    -3.64519789    12.11412055     0.08354077
201    -5.31961396    10.02441720     1.72561802
202     4.28872641     3.27730237     9.52667478
203     5.85726493     3.99878918     8.62782608
204     3.54232549     2.09198366     8.12679262
205     1.74979871    -7.77048655     8.74452677
206     1.78278231    -6.94700702    10.49230660
207     0.54227979    -9.27895531     8.91883074
208    10.41894888     1.43647195    -3.85143536
209    10.45406000    -0.39956115    -3.94915065
210     8.94360713     2.04782154    -2.74417769
211     2.72707853    -5.19993107    13.82032884
212     3.53517928    -3.55819021    13.27921377
213     3.91982166    -5.80457172    15.14408647
214    -7.91637865    -6.77483480    -5.08906144
215    -6.70389365    -6.16123850    -6.39714107
216    -8.93115865    -5.19324522    -4.40043121
217     4.04041447    -5.03335605     5.23454807
218     3.36070422    -3.34420025     5.65095435
219     3.19472658    -6.21787494     6.56126925
220     4.43032950    -1.39378908    -5.04853538
221     4.92826483     0.43245590    -5.37224504
222     5.07543249    -2.33641156    -6.68432391
223    -0.17827599     8.65788514     3.29369545
224    -0.66545473     8.44637210     5.10881346
225    -1.42677401     7.54365621     2.33561810
226    -2.32462593    -4.83197623    12.99291186
227    -0.56675480    -5.23719856    13.66218940
228    -3.44028599    -6.43640532    13.01869559

 Atomic and electronic forces:
  1    -0.01947050     0.01889503    -0.03484592    -0.00152393     0.00366339     0.00307702
  2     0.00384141    -0.02226142     0.00898179     0.00077679    -0.00192548    -0.00209091
  3     0.01309577     0.00496609     0.02463407     0.00118424    -0.00216806    -0.00148756
  4     0.04756732    -0.01881029    -0.00457347    -0.00008210     0.00021745     0.00407815
  5    -0.00885060     0.01033474    -0.01702549    -0.00001483     0.00000091    -0.00163741
  6    -0.03555879     0.00908853     0.01707016    -0.00024964    -0.00007074    -0.00236912
  7    -0.00524523     0.00268552    -0.00096003    -0.00323709    -0.00130062     0.00223238
  8    -0.00805287     0.00264794    -0.00814808     0.00134870     0.00049645    -0.00118593
  9     0.00555171    -0.00518547     0.00660597     0.00168902     0.00043602    -0.00093497
 10     0.01099635    -0.01396670     0.00501640     0.00411219     0.00246500    -0.00361790
 11    -0.01015123     0.00872072    -0.00178277    -0.00216674    -0.00075851     0.00170741
 12    -0.00234420     0.00217814    -0.00271942    -0.00190813    -0.00127213     0.00128367
 13    -0.00159282    -0.02311388    -0.00882116     0.00091570    -0.00171723    -0.00235965
 14    -0.00697094     0.00547797    -0.00533031    -0.00040391     0.00090135     0.00145440
 15     0.00572752     0.01353152     0.00657927    -0.00030526     0.00077943     0.00099329
 16     0.04897473     0.00975366    -0.01642810    -0.01528262     0.01073441     0.00583707
 17    -0.01621420     0.00338799     0.00973169     0.00882467    -0.00552036     0.00016789
 18    -0.03833699    -0.02151925     0.00784316     0.00649793    -0.00259928    -0.00264214
 19    -0.00317680     0.03155800    -0.01975773     0.00115606    -0.00108678     0.00305280
 20     0.00394679    -0.00535754    -0.00042653    -0.00076422     0.00069274    -0.00150000
 21    -0.00245234    -0.02666550     0.01802371    -0.00071926     0.00044409    -0.00186908
 22    -0.01673333    -0.00849942     0.00006903     0.01535401     0.01059388    -0.00247602
 23     0.00667596     0.00704321    -0.00180680    -0.00783524    -0.00796002     0.00213940
 24     0.00521604     0.00080982     0.00580538    -0.00583345    -0.00453531    -0.00095774
 25    -0.05385648     0.00262175     0.01384970     0.00118774    -0.00313252    -0.00997204
 26     0.00885993     0.00323117     0.00405814    -0.00197061     0.00171402     0.00577103
 27     0.04432395    -0.00787538    -0.02412285     0.00065636     0.00203851     0.00603310
 28     0.05182143    -0.00214913    -0.03852745    -0.00780100    -0.00824216     0.01859189
 29    -0.00168596     0.00158988     0.00602519     0.00551634     0.00325320    -0.01062534
 30    -0.04104614     0.00151273     0.02756129     0.00419976     0.00200940    -0.00621191
 31    -0.00310801     0.02433535    -0.00991866    -0.00080857    -0.01246943    -0.00439109
 32    -0.00493952     0.00139581    -0.00207757    -0.00118794     0.00594873     0.00245813
 33     0.00863939    -0.02235186     0.00759791     0.00148417     0.00635981     0.00386397
 34     0.00112085     0.00180874    -0.02159440     0.00176642    -0.00418734     0.00906319
 35     0.00311183     0.00314104    -0.00136494    -0.00053246     0.00290277    -0.00660433
 36    -0.00452099    -0.00598834     0.02125635    -0.00006858     0.00185412    -0.00362794
 37    -0.00532206     0.01862830     0.00847943    -0.00584830    -0.01195556     0.00340316
 38    -0.00325949    -0.00768574    -0.00170408     0.00339011     0.00726142    -0.00385903
 39     0.00426970    -0.00355267    -0.00641655     0.00214195     0.00643130    -0.00017666
 40    -0.00228085    -0.01630552    -0.00337121    -0.00013522     0.00646645     0.00251891
 41    -0.00442382     0.01328264     0.00734804     0.00030572    -0.00250449    -0.00119594
 42     0.00832593     0.00130138    -0.00272361     0.00028167    -0.00418441    -0.00214489
 43     0.01632080     0.00948833    -0.00352895    -0.00480482    -0.00209731     0.00581878
 44    -0.01752496    -0.00535137    -0.00305930     0.00207512     0.00081188    -0.00201110
 45     0.00449593    -0.00006443    -0.00263648     0.00161467     0.00090963    -0.00273440
 46     0.01266142     0.03790054     0.01087251    -0.00320287    -0.00107449     0.00014552
 47    -0.01537458    -0.02722879    -0.00211843     0.00129916     0.00052476    -0.00006120
 48     0.00289965    -0.00933783    -0.00589399     0.00188791     0.00077200     0.00004330
 49     0.00921108    -0.01622751    -0.00312736    -0.00370012    -0.00058211    -0.00475642
 50    -0.01572692     0.00128356     0.00505355     0.00210173     0.00025073     0.00197236
 51     0.00457454     0.00777443    -0.00179924     0.00194769    -0.00018627     0.00277334
 52     0.00593626     0.01315218     0.01136879    -0.00127873    -0.00236903     0.00158002
 53     0.00500637    -0.00289706    -0.00904484     0.00060979     0.00123420    -0.00061414
 54    -0.00776769    -0.00895077    -0.00376318     0.00074214     0.00149868    -0.00107040
 55     0.00883865    -0.01281936     0.00321708    -0.00211665    -0.00385782    -0.00341476
 56     0.00565853    -0.00083902    -0.00004154     0.00158851     0.00241639     0.00245552
 57    -0.01459708     0.01446684    -0.00174912     0.00066950     0.00211690     0.00161115
 58     0.01399495     0.00814111     0.00273241     0.00296707    -0.00397457     0.00125381
 59    -0.01500165    -0.00980272    -0.00912849    -0.00144302     0.00152435    -0.00067797
 60     0.00484845     0.00076756     0.00255898    -0.00133138     0.00223185    -0.00099486
 61     0.01836319     0.01550552    -0.05621759     0.00390598    -0.00148711     0.00088034
 62    -0.00493644     0.00065559     0.00768827    -0.00249537     0.00079049    -0.00073797
 63    -0.01404092    -0.01759990     0.05170680    -0.00201330     0.00065347    -0.00015266
 64     0.00341619    -0.00622329     0.00164337    -0.00207771     0.00301927     0.00659565
 65     0.00243640     0.00075752     0.00674269     0.00054537    -0.00104258    -0.00339521
 66    -0.00586561     0.00188040     0.00139142     0.00135132    -0.00102816    -0.00284374
 67    -0.06361418     0.00624958     0.00751595     0.00271372     0.00533549    -0.00705449
 68     0.06292094    -0.00979429    -0.00722322    -0.00195345    -0.00212928     0.00304567
 69     0.00263792     0.00384635    -0.00146455    -0.00084461    -0.00193134     0.00380025
 70     0.00170444     0.00029727    -0.00246506    -0.00678882    -0.00607680    -0.01046894
 71     0.00095159     0.00670501     0.00296551     0.00532749     0.00255242     0.00688258
 72    -0.00062745    -0.00571992    -0.00474283     0.00269872     0.00149883     0.00386343
 73    -0.00905667     0.01152852     0.02765654    -0.00022046    -0.00195782     0.00132119
 74     0.00373490     0.00004532     0.00322961     0.00020228     0.00089259    -0.00066490
 75     0.00238000    -0.01340226    -0.02771082     0.00013568     0.00104236    -0.00056198
 76    -0.03916482    -0.00725934    -0.02407842     0.00429562     0.00111369     0.00465612
 77     0.02437404    -0.01135761     0.01158031    -0.00257660    -0.00126676    -0.00292293
 78     0.01682983     0.01792987     0.00674776    -0.00171805    -0.00057422    -0.00170279
 79     0.01031440     0.01324255    -0.01934609     0.00218646    -0.00313818    -0.00145526
 80    -0.00890798    -0.01733429     0.02018745    -0.00093291     0.00168383     0.00054732
 81     0.00067682    -0.00210042     0.00400879    -0.00145277     0.00164160     0.00066264
 82    -0.02574674    -0.00194402     0.03659008     0.00467741    -0.00379979    -0.00082791
 83     0.01263110    -0.00476151    -0.01019677    -0.00312999     0.00282795     0.00073666
 84     0.00950803     0.00258088    -0.02538251    -0.00215899     0.00192243    -0.00006671
 85     0.00253354     0.01153263    -0.02217155    -0.00189309    -0.00485049     0.00360874
 86    -0.00269974    -0.01322342     0.01870780     0.00162735     0.00337701    -0.00222433
 87     0.00079881    -0.00406989     0.01025948     0.00060125     0.00254579    -0.00140595
 88     0.00832030    -0.00712834    -0.01400444    -0.00688677     0.00306942    -0.00185901
 89    -0.00178863     0.01375966     0.00111015     0.00293847    -0.00163279     0.00141209
 90    -0.00917917    -0.00762527     0.00982468     0.00385743    -0.00094550     0.00124890
 91    -0.02520789    -0.02084539    -0.00171953    -0.00458661     0.00276040     0.00092196
 92     0.00141615     0.00501759     0.00060798     0.00274071    -0.00138127    -0.00011530
 93     0.01971210     0.02046196     0.00151310     0.00239323    -0.00193382    -0.00060682
 94    -0.01035131     0.00229203     0.00801569     0.00244406    -0.00189481     0.00129981
 95    -0.00279308    -0.00569997     0.00656346    -0.00125939     0.00094531    -0.00089656
 96     0.01160721     0.00665502    -0.01479148    -0.00142253     0.00086081    -0.00059229
 97    -0.00570781    -0.03147603    -0.00552067     0.00860847    -0.00082690    -0.00985451
 98     0.00028022    -0.00001125    -0.00181956    -0.00320916     0.00020570     0.00304883
 99     0.00081830     0.03253166     0.01447398    -0.00523442    -0.00112391     0.00515162
100     0.02882547    -0.00537854    -0.01059494    -0.00889944    -0.00068148     0.00260866
101    -0.01629056     0.00458063     0.00286185     0.00463081     0.00106473    -0.00226849
102    -0.00492559     0.00277200     0.00682667     0.00307254     0.00031221    -0.00095037
103    -0.00294874     0.03647265    -0.00687823    -0.00466587    -0.00292730    -0.00099886
104    -0.00311769    -0.00174120     0.01235598     0.00251232     0.00178568     0.00009317
105    -0.00284496    -0.02222636    -0.00333095     0.00301250     0.00133010     0.00074812
106    -0.00079309     0.02003693    -0.01096451    -0.00110933    -0.00251701     0.00491134
107    -0.00609679    -0.01050654    -0.01522718     0.00072691     0.00171137    -0.00236140
108    -0.00022005    -0.01382135     0.02773504     0.00036649     0.00098784    -0.00186686
109    -0.01201753     0.00433552    -0.00966505     0.00644545    -0.00190669     0.00400950
110     0.00742595     0.00990847     0.01693461    -0.00303898     0.00031147    -0.00225680
111     0.00521466    -0.00837131    -0.00860250    -0.00482409     0.00137746    -0.00244426
112    -0.00796543    -0.00824219    -0.02503409     0.00321891     0.00616229     0.00157471
113     0.00614641     0.00895477     0.01977470    -0.00177231    -0.00341669    -0.00014079
114     0.00255845    -0.00289960     0.00327984    -0.00095877    -0.00305763    -0.00086652
115     0.02341583     0.01961643    -0.01019301     0.00744763     0.00704509     0.00707976
116    -0.01370696     0.01098987     0.00218668    -0.00299126    -0.00457296    -0.00500738
117    -0.01309396    -0.02321590     0.00852638    -0.00269507    -0.00329838    -0.00214708
118    -0.01669732     0.00731496     0.00847140    -0.00110369    -0.00259673     0.00064451
119    -0.01359872    -0.00024586    -0.00025176     0.00057725     0.00148603    -0.00019263
120     0.02320058    -0.00738982    -0.01375305     0.00066998     0.00117759    -0.00030647
121     0.03117842     0.00273725    -0.00835736    -0.00452405    -0.00336268     0.00141241
122    -0.01949225     0.00111818     0.01907265     0.00198818     0.00135518    -0.00097434
123    -0.00550860    -0.00816646    -0.00706183     0.00281818     0.00250742    -0.00111129
124    -0.01037773     0.00471921    -0.01250978    -0.00025399    -0.00262998     0.00081206
125     0.00635310    -0.00437489     0.00763385     0.00027108     0.00130182    -0.00035064
126     0.00179841     0.00367382     0.00700216     0.00010613     0.00166526    -0.00051111
127     0.00426929    -0.00687591     0.03012315     0.00137459    -0.00131032    -0.00156286
128    -0.00705572     0.00124184    -0.00224141    -0.00061156     0.00070018     0.00089437
129     0.00259767     0.00659364    -0.02658685    -0.00078395     0.00080813     0.00076389
130     0.00522244    -0.01593523     0.01633074     0.00449502     0.00004300    -0.00309616
131     0.00042467     0.00391218     0.00279531    -0.00183566     0.00024686     0.00143990
132    -0.00179119     0.00693209    -0.02081337    -0.00271812     0.00016234     0.00133470
133     0.00728241    -0.01610963     0.02272800    -0.01912199     0.00608397    -0.01763966
134     0.00305051     0.01210203    -0.00567301     0.00561404    -0.00515208     0.00725365
135    -0.00616517     0.00568178    -0.01256628     0.00939132    -0.00183249     0.00746307
136    -0.00738781    -0.00410842     0.00006361    -0.00210275    -0.00043528     0.00248737
137     0.02565299    -0.00336843    -0.00224922     0.00089882     0.00010169    -0.00101189
138    -0.01765047     0.00806951     0.00526393     0.00096645     0.00020974    -0.00147220
139     0.00302094     0.00361099     0.00579013    -0.00072128    -0.00145145     0.00153696
140     0.00713925    -0.00637095    -0.01996416     0.00044557     0.00089065    -0.00080713
141    -0.01054879     0.00314835     0.01631785     0.00043652     0.00064734    -0.00075450
142    -0.00718840     0.03748057    -0.00421738    -0.00135693    -0.00149624    -0.00398499
143    -0.01062234    -0.01976182     0.00938053     0.00074622     0.00096080     0.00179005
144     0.01587272    -0.01926048    -0.00314044     0.00096978     0.00055777     0.00208225
145     0.02684393     0.02547371    -0.00175466     0.00271691    -0.00128658    -0.00251593
146    -0.02086729    -0.01747952     0.00168776    -0.00142946     0.00094915     0.00151114
147    -0.00731494    -0.00423160     0.00095941    -0.00105817     0.00056232     0.00099283
148    -0.01629814    -0.00779338     0.02798567    -0.00326674     0.01089479    -0.00850159
149    -0.01140068     0.00508055     0.00392155     0.00116735    -0.00558881     0.00245248
150     0.02365800    -0.00475561    -0.03009531     0.00003010    -0.00449766     0.00404692
151    -0.02065177    -0.04179931    -0.00342135     0.00363989     0.00602958    -0.00236300
152     0.00385731     0.01389380    -0.00863694    -0.00289064    -0.00352106     0.00112975
153     0.01739079     0.02317089     0.01215183    -0.00171046    -0.00321189     0.00203157
154     0.01365215    -0.01446550     0.00311544     0.00025501     0.00132722    -0.00680280
155    -0.01009808    -0.00214165     0.00920760    -0.00032388    -0.00047669     0.00257179
156    -0.00297570     0.01472462    -0.00930902    -0.00028664    -0.00009635     0.00405437
157    -0.00591075     0.02030760    -0.03165924     0.00153772    -0.00377538    -0.00018739
158    -0.00115382    -0.01477853     0.01821594    -0.00052358     0.00163712    -0.00000909
159     0.00386603    -0.00041852     0.01264486    -0.00101098     0.00192481    -0.00010260
160    -0.00131300     0.00429102    -0.00409498     0.00052516    -0.00270141     0.00035872
161    -0.00245377    -0.00176570     0.00304649    -0.00021861     0.00110088    -0.00017258
162     0.00295618    -0.00852721     0.00221578    -0.00014603     0.00147711    -0.00027595
163     0.00326790     0.00987823    -0.00448772    -0.00120280    -0.00335594    -0.00026238
164    -0.00023295    -0.00729861     0.00751660     0.00079817     0.00175810     0.00032506
165    -0.00021375    -0.00026770    -0.00336461     0.00045359     0.00196165     0.00016719
166    -0.00124901    -0.02790781    -0.01569337    -0.00147559    -0.00028912     0.00373448
167    -0.00886111     0.02318239     0.01091733     0.00066349     0.00041293    -0.00208162
168     0.01288019    -0.00014334     0.00279717     0.00055522    -0.00004828    -0.00185716
169     0.00025694    -0.02369032    -0.03055015    -0.00204547    -0.00231495     0.00018036
170     0.00562381     0.01945338     0.00394428     0.00130992     0.00134267    -0.00021072
171    -0.00384330     0.00549151     0.02976657     0.00102564     0.00122543     0.00009700
172    -0.01301343     0.00122145    -0.02950916     0.00241786    -0.00320949    -0.00343462
173     0.00245524     0.02095679     0.01943652    -0.00080450     0.00126095     0.00146695
174     0.01066856    -0.01363988     0.01494503    -0.00117970     0.00169566     0.00131734
175     0.00791427     0.00757139     0.01961389    -0.00379157     0.00239092    -0.00712657
176    -0.00649131     0.00270172    -0.01103921     0.00250097    -0.00230274     0.00428142
177     0.00308852    -0.00044514    -0.01138256     0.00111444    -0.00105980     0.00370350
178     0.00620893     0.00209454     0.01695541    -0.00892207    -0.00110533    -0.00288999
179     0.00114947    -0.00120735    -0.00362759     0.00578551     0.00059441     0.00274790
180    -0.00615046    -0.00014595    -0.00764726     0.00494590     0.00049339     0.00047167
181    -0.01255251     0.00130591    -0.03984268    -0.00004882    -0.00526987     0.00166449
182     0.00326614    -0.00895526     0.04433957     0.00004225     0.00302960    -0.00042698
183     0.01005313     0.00079845     0.00132289    -0.00033976     0.00297348    -0.00123950
184    -0.02710171    -0.02356526    -0.05189492    -0.00370266    -0.00027900     0.00116396
185     0.01038794    -0.00606752     0.02319737     0.00182624    -0.00004920    -0.00040121
186     0.01451961     0.02250386     0.02503769     0.00175513     0.00032089    -0.00039840
187    -0.07734411     0.02979754    -0.01736114     0.01839555    -0.00359580     0.00167834
188     0.03796997    -0.03351255     0.01241681    -0.01019406    -0.00090084    -0.00024659
189     0.03993384     0.00389276     0.00535944    -0.00977540     0.00479925    -0.00085149
190     0.04083128     0.01794724     0.00018696    -0.00001744    -0.00525772    -0.00059347
191    -0.00452612    -0.01397697    -0.00145206     0.00005359     0.00355362     0.00066104
192    -0.03493653    -0.00119520    -0.00472889    -0.00037046     0.00244499     0.00024409
193    -0.01621701    -0.02001668     0.00489116     0.00269941    -0.00215518     0.00316086
194     0.00803870     0.01463222    -0.01185847    -0.00189892     0.00111654    -0.00188303
195     0.01187890     0.00170180     0.00818073    -0.00131793     0.00151878    -0.00172028
196    -0.01687654     0.00862976     0.00731006     0.00026417    -0.00177608    -0.00377108
197     0.01871354    -0.00496554     0.00430999     0.00014140     0.00078709     0.00187684
198     0.00068779    -0.00097756    -0.00704445    -0.00027382     0.00115976     0.00253509
199     0.00852081    -0.01628326     0.00111560    -0.00419738     0.00602544     0.00211480
200    -0.01399240     0.00002520     0.01168620     0.00204636    -0.00398271    -0.00079278
201     0.00871861     0.01843464    -0.01039312     0.00304785    -0.00328732    -0.00166932
202     0.00238800    -0.01169329    -0.02708695     0.00200040    -0.00023578     0.00563805
203    -0.00578956     0.00370334     0.01031536    -0.00149144    -0.00007470    -0.00273952
204     0.00126244     0.00797850     0.02402633    -0.00119539     0.00062796    -0.00366504
205     0.00212985     0.01765745     0.01291825     0.00030482    -0.00256697     0.00227328
206     0.00222192    -0.00659578    -0.00840917    -0.00013865     0.00105778    -0.00118303
207     0.00206200    -0.00425239    -0.00343815    -0.00001457     0.00116511    -0.00092659
208    -0.00250443     0.05775155     0.00015480     0.00673357    -0.00156662    -0.00164944
209    -0.00410977    -0.04325111     0.00422687    -0.00290492     0.00119274     0.00074615
210     0.01147357    -0.01316372    -0.00256262    -0.00487887     0.00097567     0.00076334
211    -0.00352323    -0.00312437    -0.00150499     0.00033860    -0.00128838     0.00220242
212     0.00232479     0.01278237    -0.00891517    -0.00027687     0.00063997    -0.00129359
213     0.00261527    -0.01045827     0.00842247    -0.00019781     0.00053248    -0.00092583
214    -0.01825054     0.00475461     0.02477320    -0.00251198    -0.00320127    -0.00115355
215     0.00446250     0.00897489    -0.01338670     0.00126411     0.00177816     0.00091891
216     0.02066384    -0.02260849    -0.02038395     0.00164569     0.00158508     0.00055167
217    -0.00288351    -0.02259356     0.00147555     0.00191616    -0.00459192     0.00350782
218    -0.01018603     0.02573479     0.00500206    -0.00106263     0.00253725    -0.00257111
219     0.00713646     0.00028232    -0.00643493    -0.00051844     0.00183817    -0.00148063
220     0.01130119    -0.00962313    -0.02030246     0.00736544    -0.00934690    -0.00682634
221     0.00226685    -0.00170330    -0.00424071    -0.00496762     0.00368591     0.00439928
222    -0.01121972     0.01273476     0.02207452    -0.00227897     0.00294980     0.00259455
223     0.01042024    -0.00904582    -0.03466230    -0.00146937     0.01139754     0.01119187
224    -0.01006401     0.00044537     0.02297598     0.00077258    -0.00338054    -0.00466790
225    -0.00041114     0.01185547     0.00296384     0.00317462    -0.00648402    -0.00643915
226    -0.01535781    -0.00863170    -0.00285386    -0.00044950    -0.00142498     0.00240443
227    -0.00164414    -0.00375390    -0.00013166     0.00007140     0.00067685    -0.00114067
228     0.01584820     0.01347235    -0.00002272     0.00026502     0.00070668    -0.00100538
