 Number of water molecules:
          76

 Atomic and electronic energies:
    -1.02886084    -0.10932095

 Atomic coordinates:
  1    -4.10416860    12.16827176     6.58952425
  2    -4.10760561    10.55728114     7.60309807
  3    -5.28465805    11.95927304     5.15743808
  4     0.02032419     5.35495769    12.34338455
  5     0.53427405     4.65045584    13.94995932
  6     1.23309329     4.34021970    11.20318297
  7   -10.37081340    -0.50253668     5.44841950
  8   -10.40337986    -0.08588194     7.26081722
  9   -11.76190395     0.50948749     4.56234744
 10     8.83824960     7.55077217   -10.10342956
 11     9.55002068     6.48814894    -8.67431117
 12    10.13855486     7.61318172   -11.47369369
 13     5.07651342    -5.58297871   -14.31486508
 14     3.53812804    -4.40105212   -14.12333671
 15     5.41353386    -5.31502539   -16.26711445
 16    -4.24900882     7.32025354     0.56306847
 17    -3.86905392     6.61651071    -1.25844047
 18    -5.74587427     6.35968956     1.28847134
 19     4.97689684    -1.48651054    11.79637467
 20     6.05777932    -1.98433187    10.26749838
 21     4.72576165     0.39886425    11.61238047
 22     5.06965086     7.63815615    -1.35605439
 23     3.72869447     6.26877020    -1.24671889
 24     5.14310420     8.35612973     0.44188852
 25     1.31960362     1.15293146   -10.15000988
 26     2.87214981     1.71509381    -9.09675774
 27    -0.16512411     1.23576775    -8.98948111
 28    -0.78905980     2.05359190     2.09461374
 29     0.26472960     2.69816607     0.70740436
 30    -2.59028395     2.58679964     1.71789051
 31    -0.01589695    -3.44212516    -3.52810890
 32     1.78975484    -2.86893373    -3.98992628
 33    -0.95865232    -1.79093532    -3.53060301
 34     1.38515237    -0.06392304     6.14960864
 35     0.57964553     0.88001617     4.62385085
 36     0.02016144    -0.46256076     7.49815251
 37    -2.78670813    -3.07983885     1.02477791
 38    -1.58871607    -1.73462802     1.56652534
 39    -1.82618854    -3.72366788    -0.55723982
 40    -0.57495615    12.92069969     2.58479649
 41    -1.20474757    13.59956371     4.26761414
 42    -0.19314582    11.04784132     2.81988149
 43    -5.87570799     2.10755861     5.43836335
 44    -7.56112841     1.13051512     5.53680556
 45    -5.31311784     2.27848408     7.26177105
 46   -14.76555904    -0.86959911    -1.01434996
 47   -16.38275203    -1.79246109    -1.35896981
 48   -13.85249253    -1.08257794    -2.62742218
 49    -6.25147038     2.57937703   -10.73660002
 50    -8.11950003     3.04005135   -10.82933988
 51    -5.35916138     4.29392744   -10.58068052
 52    -6.22414912    -8.00853873     7.25854579
 53    -6.25110771    -9.29487330     5.80013794
 54    -5.10570489    -6.58954798     6.75516664
 55    -3.95062460    -3.86045932    -8.09639542
 56    -3.50672235    -2.04491469    -7.55825860
 57    -2.44925964    -4.94500446    -7.65696243
 58     7.24291166    -5.86709393     1.77927438
 59     8.77031597    -5.56851050     2.76934516
 60     5.77520163    -5.13464153     2.88442836
 61    13.51620779    -0.87864768     1.92747662
 62    11.83899346    -0.22702064     2.80976419
 63    13.19591300    -0.65156968     0.03633998
 64    -2.66935189     7.31527758     8.32326125
 65    -1.57572654     7.39451355     9.91348052
 66    -3.91387456     5.91777043     8.65556918
 67     3.94225134     8.75673396    -8.46281846
 68     5.81838908     8.33089209    -8.86931181
 69     2.80097248     7.81823002    -9.76036794
 70    -3.04102744     1.02515926    -7.09136352
 71    -2.87046492     2.54594216    -5.90872147
 72    -4.57936949     1.48820149    -8.18599480
 73    -1.10471401   -12.04475174     8.15405789
 74    -2.78977885   -12.00669925     9.08473481
 75    -1.31274282   -13.15719894     6.64225503
 76     6.87257185     5.28862423     6.08295232
 77     6.03865537     6.75675102     4.97191115
 78     8.31782877     5.98451561     7.07799081
 79     8.14765345    -7.74310759    -6.67995515
 80     6.84531027    -8.32354916    -5.48195880
 81     9.46340465    -7.03915549    -5.55233836
 82     8.34983919    -3.69691862    -2.82143153
 83     6.88262999    -2.72144284    -3.70050064
 84     7.78383100    -4.15171004    -1.04588958
 85    -2.42007672    -5.17742143     5.60488758
 86    -2.59139589    -4.51016900     3.81349751
 87    -1.05621472    -6.54766200     5.57257952
 88    -9.05930040     8.31113878    -3.12247240
 89    -7.92811764     9.57901716    -4.04298293
 90    -8.73111346     6.49128931    -3.75759396
 91   -10.64705396    10.32513325     1.46912829
 92   -10.33393517     9.69071095    -0.33645321
 93    -9.22682325    11.64678428     1.59451544
 94    11.49968328    -4.89027813     4.37682467
 95    10.51626396    -4.08141559     5.75029361
 96    12.57067713    -3.46940930     3.67265337
 97     5.14154548     3.38709801    -7.44246931
 98     7.05654117     3.20158083    -7.53130641
 99     4.65430587     5.12373153    -6.97704986
100    -8.57300207     4.42396899     1.62261964
101    -7.46011807     3.44382623     2.91216675
102   -10.39053904     4.26698899     2.29246474
103    -9.52487354    -2.15696455    -4.03860803
104    -9.21139372    -2.66701104    -2.18068558
105    -8.85903258    -0.30379682    -4.21240938
106    -2.33090612    -1.58435836     9.41188141
107    -2.53919963    -2.86998694     7.95435945
108    -2.28603088    -2.67725165    10.98527645
109     9.17346314     1.39166280     3.60396425
110     8.65800874     2.94835614     4.64666546
111     8.71380692     1.98103432     1.80569745
112     4.36048571    13.50288623     0.66074666
113     4.48560818    13.06241010    -1.21860909
114     2.54722861    13.97193899     1.08885619
115     5.04585491     9.08668043     3.56630754
116     3.17002993     8.73491212     4.03617915
117     5.01443773    10.80973755     2.79070241
118    -5.60404040   -10.58197739     2.80871747
119    -4.48927680   -10.37215112     1.27940374
120    -7.38803515    -9.95152325     2.14310558
121    -8.40924489    -3.09301668     0.95738589
122    -8.78552297    -2.16186632     2.63396993
123    -6.49223016    -2.92364254     0.75384550
124    -0.91549325   -13.86889558     3.04257934
125    -2.61229953   -14.35718351     2.31806274
126    -0.70008644   -11.95066545     2.85495032
127    10.29544679    -6.33495756   -13.27990350
128     8.38028925    -6.24842791   -13.70483298
129    10.57912753    -7.21583066   -11.65421611
130    10.36549065     3.18939668    -7.76826026
131    10.54297513     1.78653384    -9.00834983
132    10.89869482     2.56185609    -6.08918198
133    -3.09351915     5.14274684    -3.97132715
134    -2.60125821     6.81809940    -4.79289472
135    -1.60839665     4.51656971    -2.94960402
136   -10.01111630     1.64813027    10.55490731
137   -10.85144774     2.34564494    12.07569549
138    -8.15821658     1.91366817    10.71879568
139    -5.63801517    -9.70829769    11.97145111
140    -6.14565314    -8.83654024    10.33931968
141    -7.26815414   -10.72428251    12.36949323
142    -3.71880670    -1.40635225   -13.06733961
143    -4.08247535    -2.52596325   -11.55454870
144    -4.68752046     0.16920109   -12.62214559
145    10.19834713    -1.04417048   -10.99365039
146     8.40539807    -1.70372183   -10.95518969
147    11.25538213    -2.57162908   -11.39070331
148    -0.76760255     9.54465316    -6.21853728
149    -0.48139000    10.63652584    -4.67405097
150     1.05912152     9.13095247    -6.82543979
151     4.26138352    11.83806245    -4.04592926
152     4.75864530    10.19539986    -3.24367371
153     3.86041968    11.33818081    -5.87719732
154     0.96370186     5.97916850   -12.05884733
155     0.66752972     6.13620378   -13.96927942
156     1.13847537     4.13684814   -11.65895746
157     5.25506289    -9.08303210    -2.07234511
158     4.64414824   -10.59567920    -1.04651605
159     6.26676357    -7.94486418    -0.89360548
160     4.05451286   -12.72560080     1.30832632
161     4.99761903   -13.95665368     2.39034907
162     2.28442241   -13.40732536     1.18574261
163    -4.50740805   -10.62327024    -2.32786998
164    -5.71287568    -9.61723387    -3.44237675
165    -2.75214114   -10.16956829    -2.75216020
166    -4.60450050     2.59706162    10.54124767
167    -3.75692575     0.83929156    10.06539568
168    -3.45733879     3.22228785    11.90316324
169    -9.44427131    -8.20990261     0.35692638
170    -9.55207846    -6.26867750     0.70660910
171    -8.87993583    -8.27440100    -1.41523251
172     5.96786142    -3.75080560    -9.23202780
173     5.35515950    -4.59554980   -10.89161854
174     6.86110391    -5.08289156    -8.23964880
175    -3.62504629     6.93396516   -10.11605784
176    -3.33689152     8.43743921    -9.03486323
177    -1.86947034     6.34448028   -10.49800904
178    -7.81026046     2.76152339    -3.17096711
179    -6.00426020     3.06069363    -3.32871109
180    -8.46586413     3.33527748    -1.41476819
181     0.16399354    -8.47947827     2.29392872
182    -0.34814622    -8.25598678     0.49701050
183     2.00026888    -8.27581680     2.42222546
184   -13.37360551     2.53514747     3.25324528
185   -14.67319749     3.87913842     3.18394044
186   -13.60066585     1.46169304     1.62592963
187     7.51263149     3.04305067    -0.89534309
188     7.22354889     4.91638969    -1.17397338
189     5.79125563     2.26069441    -0.99348614
190     0.01447156    -8.35196487    -3.04713033
191    -0.04207384    -6.35019732    -3.28111015
192     1.86399781    -8.65327658    -3.35218798
193     7.77630232    -2.15491520     7.05737730
194     8.08130800    -0.59998421     5.79749452
195     6.15655946    -3.16488379     6.49917790
196     1.56749109    -2.02234132   -14.05755039
197    -0.25702590    -2.12881006   -14.49050828
198     1.56840081    -0.86876828   -12.45371582
199    -5.82699356    12.42408433     1.07214409
200    -4.43917244    13.46153229     0.30269017
201    -5.07978927    10.64874533     1.17955279
202     3.69553575     2.97610869     9.42864167
203     5.03051707     3.74262621     8.18519699
204     2.67123778     1.95674342     8.11695839
205     1.07045783    -7.63334116     8.81356587
206     0.23226600    -6.73080708    10.28663369
207     0.20416530    -9.31137068     8.56074479
208    11.21961224     0.37498057    -3.47304690
209    10.27976367    -1.18477614    -3.68049726
210     9.93866041     1.59304666    -2.54352131
211     3.26420024    -5.23844925    14.96354180
212     3.88846200    -3.62686937    14.10966186
213     4.80243722    -6.17404306    15.60902941
214    -7.24290171    -6.88689189    -4.97196916
215    -6.12136242    -6.75438379    -6.47438014
216    -8.17539706    -5.18034080    -5.06901905
217     3.66626583    -4.77356327     5.45234848
218     2.73612879    -3.14515676     6.03558902
219     3.10412909    -6.05668427     6.81789258
220     4.63136800    -1.36290822    -4.95894390
221     4.60535481     0.45959461    -5.52789325
222     5.02707031    -2.22948991    -6.67720230
223     0.01779488     8.02584223     3.98064790
224    -0.80811611     7.78292378     5.63989930
225    -1.27317714     7.20047852     2.79699367
226    -1.69968614    -5.04757533    13.15617609
227    -0.01866078    -4.98615020    14.20631777
228    -2.53275224    -6.60570868    13.74361063

 Atomic and electronic forces:
  1     0.01232864     0.00482610     0.01216419    -0.00180128     0.00302123     0.00305200
  2     0.00229557    -0.00307180     0.00059447     0.00095943    -0.00130763    -0.00181649
  3    -0.01329905     0.00093113    -0.01386934     0.00125414    -0.00166720    -0.00144073
  4     0.00955943    -0.01425007    -0.03738996    -0.00027064     0.00047337     0.00380716
  5     0.00148258    -0.00271754     0.04491959     0.00005035    -0.00010857    -0.00158784
  6    -0.00698878     0.01615175    -0.00669029    -0.00002907    -0.00013554    -0.00231547
  7     0.02462508    -0.01541652    -0.02851942    -0.00324158    -0.00114857     0.00216005
  8    -0.00957911     0.00713840     0.03209362     0.00134330     0.00042593    -0.00110631
  9    -0.00325086     0.00377473     0.00696659     0.00166263     0.00039128    -0.00086733
 10    -0.01233245     0.00645833     0.01090864     0.00367596     0.00184594    -0.00381720
 11     0.00554895    -0.00528572    -0.00791587    -0.00243239    -0.00082061     0.00191574
 12     0.00367148    -0.00121484    -0.00250569    -0.00141960    -0.00062284     0.00147707
 13     0.00191404     0.01988397    -0.05627594     0.00083351    -0.00183867    -0.00249963
 14     0.00205424    -0.00216752     0.00854987    -0.00032963     0.00100610     0.00154747
 15     0.00020326    -0.01555119     0.04942207    -0.00034538     0.00068493     0.00110951
 16     0.02841731    -0.01536190    -0.03013296    -0.01219417     0.00871058     0.00606245
 17    -0.02207763     0.01508963     0.03740684     0.00827568    -0.00513515    -0.00116510
 18    -0.01083730     0.00230652    -0.00562778     0.00510484    -0.00218637    -0.00254132
 19     0.00957276    -0.00458275    -0.00797759     0.00090116    -0.00115623     0.00319312
 20    -0.00380154     0.00115948     0.01062313    -0.00068752     0.00076014    -0.00169974
 21    -0.00265915     0.00163245    -0.00240726    -0.00049211     0.00042310    -0.00184392
 22    -0.01837156    -0.02164996     0.00695624     0.01540168     0.01526422     0.00199503
 23     0.00962849     0.01354715    -0.00309852    -0.00935272    -0.00917823    -0.00217443
 24     0.00794438     0.00374564    -0.00267008    -0.00494204    -0.00567660    -0.00276645
 25     0.02840786     0.01082770     0.00834331     0.00050227    -0.00306872    -0.01043913
 26    -0.01080119    -0.00452380    -0.01446839    -0.00168840     0.00159955     0.00614508
 27    -0.01732528    -0.00548841     0.00695070     0.00101383     0.00208606     0.00637272
 28    -0.01465876    -0.00329988    -0.00381982    -0.00957040    -0.00841200     0.02365123
 29     0.01327182     0.00546823    -0.00793604     0.00349333     0.00411559    -0.01257574
 30     0.00095281    -0.00407998     0.01263529     0.00681209     0.00200567    -0.00795643
 31     0.01725629     0.02376625     0.00106965    -0.00178705    -0.01475602    -0.00340455
 32    -0.00481868    -0.01275922     0.00069171    -0.00107228     0.00748235     0.00246434
 33    -0.01020204    -0.00517700    -0.00457645     0.00296545     0.00882666     0.00266833
 34    -0.00819353     0.00504895    -0.00297108     0.00024304    -0.00389628     0.00901390
 35    -0.00113623    -0.01228143     0.02136811     0.00056468     0.00257687    -0.00658461
 36     0.00491603     0.00399298    -0.01625245     0.00037551     0.00141485    -0.00341606
 37     0.02096813    -0.00392197    -0.03962303    -0.00541899    -0.00961391     0.00470723
 38    -0.00025755     0.01547824     0.02064701     0.00284427     0.00580378    -0.00424355
 39    -0.02281256    -0.00771184     0.01584463     0.00218736     0.00578398    -0.00122128
 40     0.00792732     0.00288668    -0.00798155    -0.00109710     0.00647756     0.00325529
 41    -0.00273280    -0.00635175    -0.00226391     0.00052045    -0.00235077    -0.00149225
 42    -0.00515053     0.00633500     0.00884533     0.00067367    -0.00413440    -0.00274774
 43    -0.01384756    -0.00438668    -0.00730440    -0.00503472    -0.00105884     0.00565130
 44     0.01115078     0.00201276    -0.00039614     0.00218138     0.00061291    -0.00197432
 45     0.00072246     0.00126759     0.00223695     0.00174579     0.00035344    -0.00262093
 46    -0.01202419     0.00357603     0.00613764    -0.00293908    -0.00081511     0.00018321
 47    -0.00585892    -0.00061376     0.01074899     0.00119129     0.00036342    -0.00004351
 48     0.02228418     0.00101209    -0.01392035     0.00162862     0.00050220     0.00007148
 49    -0.01339613     0.01294598     0.00458556    -0.00390368    -0.00050801    -0.00476089
 50     0.00996526    -0.00787703    -0.00159405     0.00180128     0.00009445     0.00176466
 51     0.00162643    -0.00080426    -0.00397595     0.00207928    -0.00024595     0.00282728
 52    -0.02765102    -0.02902032     0.00846103    -0.00131455    -0.00210436     0.00170455
 53     0.00601479     0.01261115     0.00401635     0.00064006     0.00113546    -0.00069695
 54     0.01824545     0.01249122    -0.01190348     0.00078053     0.00129658    -0.00113603
 55     0.00739215     0.00685098     0.00109392    -0.00315359    -0.00474736    -0.00402463
 56    -0.00484219    -0.01075079    -0.00424437     0.00238659     0.00295946     0.00307319
 57    -0.00120978     0.00071400    -0.00073465     0.00110345     0.00277425     0.00189371
 58    -0.07179086     0.01567453    -0.01506327     0.00303373    -0.00457593     0.00181349
 59     0.04477665    -0.00025146     0.02338752    -0.00150248     0.00176242    -0.00091511
 60     0.02147858    -0.01953252    -0.01152743    -0.00145804     0.00266795    -0.00150277
 61    -0.04738523     0.01669762     0.00550820     0.00386589    -0.00135944     0.00119026
 62     0.03912979    -0.00834877    -0.01824533    -0.00233098     0.00080514    -0.00102078
 63     0.00741328    -0.00259842     0.01037158    -0.00225702     0.00077241    -0.00035914
 64     0.00461774     0.00584099     0.00072725    -0.00188220     0.00190649     0.00532299
 65    -0.00208980    -0.00340945    -0.00244839     0.00050357    -0.00073675    -0.00231632
 66    -0.00372844    -0.00483752     0.00247401     0.00114870    -0.00054819    -0.00251653
 67    -0.00607316    -0.02119720     0.00045438     0.00351565     0.00603288    -0.00763262
 68    -0.01816702     0.00730493    -0.00933720    -0.00216463    -0.00210102     0.00308171
 69     0.02227401     0.01205530     0.00359585    -0.00099850    -0.00227261     0.00422101
 70     0.00345689     0.01404718     0.01250761    -0.00905099    -0.00543790    -0.01181535
 71    -0.00534765    -0.00516669    -0.00704387     0.00687618     0.00156975     0.00715998
 72     0.00396452    -0.00603399    -0.00499466     0.00343351     0.00122986     0.00389955
 73    -0.01478740     0.00464543     0.01766392    -0.00026203    -0.00194128     0.00127141
 74     0.01040065     0.00049687    -0.00534448     0.00021037     0.00086360    -0.00061903
 75     0.00106012    -0.00655967    -0.01207436     0.00013921     0.00100855    -0.00052440
 76    -0.02427799     0.00923886    -0.02725066     0.00453655     0.00138231     0.00635129
 77     0.02740007    -0.02294611     0.03018627    -0.00261604    -0.00170275    -0.00368020
 78     0.00449245     0.01315830     0.00256771    -0.00177233    -0.00059966    -0.00221909
 79     0.00295159     0.00861875    -0.02196044     0.00204520    -0.00320601    -0.00136047
 80    -0.02133880    -0.01560969     0.01621042    -0.00093818     0.00188685     0.00057080
 81     0.01755171     0.00831509     0.00875343    -0.00125738     0.00156453     0.00054199
 82    -0.01052024     0.01140145    -0.01193948     0.00534767    -0.00525263    -0.00071775
 83     0.01173210    -0.01546065     0.01431751    -0.00345328     0.00367053     0.00110743
 84     0.00177272    -0.00636766     0.00100346    -0.00255004     0.00288522    -0.00030439
 85     0.00401427     0.01103238     0.01088825    -0.00156630    -0.00397554     0.00354024
 86    -0.00127978    -0.00558694    -0.00474297     0.00122996     0.00275479    -0.00205001
 87    -0.00718814     0.00338758    -0.00344449     0.00040491     0.00196653    -0.00150050
 88     0.01568916    -0.00967174    -0.01589938    -0.00581076     0.00274361    -0.00066507
 89    -0.01284933    -0.01745767     0.00693126     0.00277153    -0.00185042     0.00064377
 90    -0.00467818     0.02786300     0.00682060     0.00358830    -0.00109733     0.00067213
 91     0.02375367     0.01470914    -0.02052242    -0.00351951     0.00204672     0.00105579
 92    -0.01086572    -0.00863581     0.01077824     0.00211762    -0.00114676    -0.00031222
 93    -0.01288255    -0.00915533     0.00997478     0.00169595    -0.00133770    -0.00060109
 94     0.00456810    -0.00322776    -0.00888379     0.00260585    -0.00209138     0.00157524
 95    -0.01272721     0.00478630     0.02081907    -0.00130301     0.00104427    -0.00106207
 96     0.01010682    -0.00284587    -0.00793292    -0.00151502     0.00091633    -0.00073654
 97    -0.01022611    -0.03643345     0.00798175     0.00968192    -0.00059601    -0.01278742
 98     0.00276413     0.00976148    -0.00494195    -0.00417683     0.00027943     0.00388906
 99     0.00625802     0.02509886    -0.00026402    -0.00493324    -0.00193016     0.00671578
100     0.01094452    -0.01964526     0.01546758    -0.00718001     0.00073112     0.00276468
101    -0.01577029     0.01230737    -0.00772541     0.00366038     0.00001521    -0.00219408
102     0.01049762     0.00307621    -0.00290742     0.00258283    -0.00017850    -0.00098695
103     0.01551369     0.02370006     0.00712690    -0.00485307    -0.00260323    -0.00097278
104    -0.00524480     0.00548873    -0.01088219     0.00249949     0.00151180     0.00004867
105    -0.01348273    -0.02846442     0.00661821     0.00323792     0.00123275     0.00075870
106    -0.00031940    -0.00126927    -0.02316827    -0.00122789    -0.00187359     0.00422730
107    -0.00038837     0.00289253     0.00927110     0.00075522     0.00135858    -0.00214715
108     0.00279161    -0.01051797     0.01039790     0.00041483     0.00077840    -0.00164216
109    -0.01102429     0.01780532    -0.00688111     0.00645044    -0.00167091     0.00439951
110     0.00227757    -0.01031545     0.00253739    -0.00301167     0.00022363    -0.00262304
111     0.00591648    -0.00908904     0.00554108    -0.00471731     0.00092619    -0.00227066
112     0.00121618    -0.00753656     0.00929876     0.00219691     0.00634368     0.00170311
113    -0.00517357     0.00784009     0.00161588    -0.00139865    -0.00369543    -0.00029833
114     0.00285610    -0.00060120    -0.00444098    -0.00050130    -0.00324204    -0.00097442
115    -0.02740462    -0.02310940     0.00342710     0.00472782     0.00651118     0.00653951
116     0.01536397     0.00454426    -0.00153402    -0.00149601    -0.00364663    -0.00431031
117     0.00479727     0.02642233    -0.00531347    -0.00186929    -0.00335267    -0.00221884
118    -0.04139623     0.01295601    -0.00569703    -0.00124170    -0.00266638     0.00091649
119     0.00015490    -0.00271715    -0.00636392     0.00062728     0.00159996    -0.00038078
120     0.03466926    -0.01229650     0.01238456     0.00077944     0.00125824    -0.00039045
121     0.01528174     0.01884484     0.01314218    -0.00460691    -0.00325499     0.00149551
122    -0.00607891    -0.01337356    -0.01306636     0.00220239     0.00128434    -0.00107294
123    -0.00831785    -0.00800157     0.00292111     0.00284637     0.00247694    -0.00110279
124     0.00309211     0.00864053    -0.00501975    -0.00025658    -0.00235729     0.00068444
125     0.00131852     0.00569409     0.00187638     0.00022354     0.00111548    -0.00026976
126    -0.00585579    -0.00997228     0.00379340     0.00015920     0.00146628    -0.00046156
127    -0.02392235     0.01476820    -0.01795413     0.00137208    -0.00145146    -0.00167006
128     0.02568801    -0.00522321     0.01041798    -0.00061718     0.00081331     0.00097952
129    -0.00465942    -0.00983034     0.01053093    -0.00074790     0.00083621     0.00075747
130    -0.02130231     0.03377315    -0.00270211     0.00558262    -0.00023308    -0.00349779
131     0.00670627    -0.02168484    -0.01610460    -0.00223570     0.00041755     0.00166255
132     0.01595115    -0.01720295     0.01927708    -0.00320154     0.00032472     0.00135751
133     0.01203899    -0.00350943     0.00957878    -0.02243722     0.00868826    -0.01153600
134     0.00047516    -0.00094179    -0.00436037     0.00654529    -0.00555324     0.00511307
135    -0.00216358     0.00667239    -0.00734943     0.01173418    -0.00432073     0.00484430
136    -0.00923258    -0.00864814    -0.01701526    -0.00187814    -0.00032182     0.00216108
137    -0.00497921     0.00404669     0.00957041     0.00077003     0.00007731    -0.00092093
138     0.01759886     0.00395482     0.00397079     0.00094853     0.00016840    -0.00133048
139    -0.04065175    -0.02366589     0.01072384    -0.00064070    -0.00127867     0.00135591
140     0.01147715     0.00803764    -0.01115471     0.00043373     0.00075145    -0.00075444
141     0.03356836     0.01476403     0.00159173     0.00032336     0.00055806    -0.00056485
142    -0.00054070    -0.00588788     0.01120828    -0.00170575    -0.00179735    -0.00407071
143     0.00415641    -0.00733709    -0.00539515     0.00107043     0.00128248     0.00205440
144    -0.00365356     0.01032161    -0.00484100     0.00116823     0.00069278     0.00221247
145    -0.00285013     0.00350262     0.00462251     0.00288873    -0.00144045    -0.00284390
146    -0.00082598     0.00062376     0.00209618    -0.00143866     0.00101586     0.00174795
147     0.00434124    -0.00140095    -0.00502042    -0.00118409     0.00070484     0.00109144
148     0.02770739    -0.01525598     0.01001554    -0.00336577     0.01092234    -0.00805229
149    -0.00436749     0.00581117    -0.00529042     0.00127533    -0.00600191     0.00240708
150    -0.02396077     0.00888876    -0.00282967    -0.00005021    -0.00524966     0.00466939
151    -0.01677916    -0.00061086    -0.02920593     0.00358225     0.00870999    -0.00218790
152     0.01013345    -0.01115576     0.01236489    -0.00324266    -0.00551164     0.00105286
153     0.01014847     0.01137010     0.00949868    -0.00155181    -0.00406909     0.00206240
154    -0.00241732     0.01899778    -0.01291324    -0.00000239     0.00171383    -0.00729150
155     0.00461808    -0.00293188     0.01832502     0.00006650    -0.00056037     0.00264754
156     0.00384155    -0.01896840    -0.00249302    -0.00008117    -0.00023400     0.00426854
157    -0.00424020     0.01163383    -0.01299565     0.00147830    -0.00434803    -0.00005256
158     0.00759083    -0.00090330     0.00801306    -0.00048276     0.00185722    -0.00011801
159    -0.00115623    -0.00778668     0.00460959    -0.00106700     0.00231616    -0.00020636
160     0.00207415     0.00157565    -0.00778871     0.00052383    -0.00277133     0.00055979
161     0.00395054    -0.00062651     0.00375306    -0.00026174     0.00114076    -0.00028503
162    -0.00739679    -0.00227917     0.00449663    -0.00010410     0.00134884    -0.00025233
163    -0.03313651    -0.00893655     0.00751570    -0.00127697    -0.00331491    -0.00008044
164     0.00770121    -0.00070840     0.00292322     0.00084387     0.00166741     0.00018624
165     0.02705490     0.01187949    -0.01115776     0.00052943     0.00196491     0.00011173
166     0.00801833    -0.03287629    -0.01788881    -0.00171426    -0.00029168     0.00386993
167    -0.01599825     0.02495207     0.00663390     0.00082145     0.00046660    -0.00210223
168     0.00538055     0.01163635     0.01036890     0.00057901     0.00004291    -0.00181217
169    -0.00764995     0.03795760     0.02277142    -0.00213497    -0.00240825     0.00048916
170     0.00164628    -0.02970408     0.00221107     0.00138586     0.00129101    -0.00036241
171     0.00662780    -0.00751250    -0.02527441     0.00111547     0.00133838    -0.00006691
172    -0.02259488     0.01232002    -0.02668017     0.00267948    -0.00387754    -0.00390065
173     0.00925660     0.00663110     0.01745823    -0.00084479     0.00155219     0.00171549
174     0.01197844    -0.02311114     0.00684194    -0.00132482     0.00192876     0.00142111
175    -0.01558056    -0.01263430     0.00529938    -0.00377249     0.00271524    -0.00661411
176    -0.00158963     0.01863054     0.00957554     0.00197335    -0.00218223     0.00320531
177     0.01409122    -0.00360013    -0.01482904     0.00139224    -0.00132648     0.00410689
178    -0.04436919    -0.00604417     0.01033523    -0.01008404    -0.00071742    -0.00148709
179     0.03078165     0.01175300     0.00116599     0.00721780     0.00031131     0.00154054
180     0.01149095    -0.00278198    -0.01384227     0.00454250     0.00004195    -0.00025583
181    -0.02506427    -0.00629653     0.01163939    -0.00032409    -0.00468782     0.00169086
182    -0.00008523    -0.00135477    -0.01627127     0.00030525     0.00272565    -0.00058029
183     0.02766388     0.00071337     0.00241622    -0.00020251     0.00240216    -0.00090416
184     0.00553469    -0.01608839    -0.03199422    -0.00326033    -0.00021936     0.00120356
185    -0.01330136     0.01223896     0.00111850     0.00143184    -0.00003401    -0.00047716
186    -0.00323133     0.00824501     0.01714864     0.00172055     0.00023983    -0.00043114
187    -0.00540796     0.00028803    -0.00439742     0.01761742    -0.00119524     0.00255355
188     0.00704163     0.00639871    -0.00025111    -0.00841082    -0.00190438    -0.00094537
189     0.00192304    -0.00840411     0.00046959    -0.01081564     0.00284674    -0.00191442
190     0.00101998     0.05609746    -0.00571819    -0.00043670    -0.00564206    -0.00052299
191    -0.01029998    -0.04264344     0.00439801     0.00038677     0.00400987     0.00054709
192     0.01246796    -0.01702106     0.00214681    -0.00020345     0.00269042     0.00031443
193    -0.01900185     0.02380698    -0.03124241     0.00270616    -0.00228938     0.00366689
194    -0.00966758    -0.04646094     0.02923880    -0.00200816     0.00117823    -0.00223785
195     0.03082087     0.01945421     0.00305413    -0.00121354     0.00159852    -0.00204556
196     0.01508849     0.01251799     0.02683543     0.00021365    -0.00189268    -0.00413094
197    -0.02210833    -0.00162064    -0.00636148     0.00018581     0.00087575     0.00194414
198     0.00308464    -0.01160339    -0.02090184    -0.00017316     0.00120436     0.00287633
199     0.00430487    -0.01324401    -0.00158556    -0.00357361     0.00458937     0.00163123
200     0.00118547     0.00786388     0.00350466     0.00147600    -0.00265548    -0.00063630
201    -0.00793599     0.00333771    -0.00053785     0.00259107    -0.00297478    -0.00137540
202     0.00986702     0.00864258    -0.04140909     0.00127768    -0.00028545     0.00567817
203    -0.01036839    -0.00066146     0.02751134    -0.00121403    -0.00006060    -0.00317698
204     0.00032188    -0.00447542     0.01675954    -0.00054920     0.00057317    -0.00365269
205     0.01390208     0.02940416     0.00432706     0.00000945    -0.00241086     0.00235287
206     0.00023528    -0.00844232    -0.00325956     0.00007860     0.00101416    -0.00122328
207    -0.00662374    -0.01748997     0.00185295     0.00007172     0.00113792    -0.00094187
208    -0.00991989     0.07935421     0.02586802     0.00652393    -0.00201784    -0.00101788
209    -0.01690514    -0.04955627    -0.00254603    -0.00320228     0.00162904     0.00062838
210     0.03101819    -0.02527576    -0.01517284    -0.00466374     0.00100771     0.00034885
211     0.00050368    -0.00069873     0.00701546     0.00025546    -0.00100341     0.00194739
212     0.00254771    -0.00305280    -0.00488701    -0.00020368     0.00051221    -0.00115696
213    -0.00706386     0.00496110    -0.00477846    -0.00018010     0.00046310    -0.00084241
214    -0.01322965     0.01678689     0.00493597    -0.00267359    -0.00339878    -0.00098859
215     0.01150960    -0.00356948    -0.01237878     0.00124572     0.00181289     0.00080386
216    -0.00114699    -0.01247285     0.01028257     0.00172131     0.00163819     0.00059134
217    -0.01129712     0.02021140     0.01940572     0.00139061    -0.00444911     0.00404540
218     0.00763244    -0.01347223    -0.01349166    -0.00055398     0.00226044    -0.00277183
219     0.00125596    -0.00157720    -0.00955179    -0.00036515     0.00170416    -0.00158288
220    -0.00969945     0.00622533    -0.02207858     0.00873549    -0.01165471    -0.00738316
221     0.00251471     0.00792151     0.00295190    -0.00563842     0.00482716     0.00566524
222    -0.00048514    -0.00728076     0.01022846    -0.00260308     0.00366291     0.00303859
223     0.00362898    -0.01244684    -0.04427170    -0.00189418     0.00800891     0.01116232
224    -0.01182616     0.00119243     0.03856093     0.00102309    -0.00230946    -0.00429111
225     0.00655594     0.01132013     0.00436023     0.00303807    -0.00469540    -0.00651581
226     0.04185748     0.01922933     0.01237403    -0.00040209    -0.00126850     0.00225374
227    -0.02078324     0.00036258    -0.01909641     0.00006893     0.00056218    -0.00107459
228    -0.01799900    -0.02182199     0.00338390     0.00020866     0.00059670    -0.00093132
