 Number of water molecules:
         100

 Atomic and electronic energies:
    -1.60459423    -0.10649708

 Atomic coordinates:
  1     5.86000730     2.77092212    13.27401990
  2     7.07338491     3.82120489    14.20835140
  3     5.61112066     3.58897454    11.56784255
  4    -7.38274455     9.76262858     6.50574560
  5    -5.96710407     8.98610290     7.46898459
  6    -6.76232915     9.94770250     4.71173863
  7     1.70666496     7.84129345    10.85077758
  8     1.44181722     7.02167921    12.55351137
  9     3.18312720     6.92589211     9.99163239
 10    -9.40425882     8.68899585    -9.06838971
 11   -10.21783741     7.06776638    -9.72687006
 12    -7.59194454     8.74346390    -9.71157712
 13   -11.82397655     4.19909391     6.43335010
 14   -12.21684084     6.10006372     6.53197702
 15   -11.33919036     4.09516096     4.54364368
 16     6.87679755     8.12543234   -10.31681949
 17     8.54543786     8.68178209    -9.47780292
 18     6.29475637     6.50860415    -9.45065316
 19     4.43387934    -5.54046296   -13.64229680
 20     3.16236966    -4.05067061   -13.90297035
 21     4.29452269    -6.59028243   -15.22656313
 22    -2.96014351     5.90545200     0.11263993
 23    -2.53447798     6.26364078    -1.71880068
 24    -4.21898280     4.44278186     0.05492941
 25     4.58644278    -1.86954270    11.77847741
 26     5.55637200    -1.99243612    10.06681098
 27     5.24410840    -0.29536748    12.66080825
 28     2.14994086     9.57709722    -5.01436620
 29     3.22584816     8.10096643    -4.38290002
 30     3.23737856    11.15151714    -4.69538426
 31    -5.11720787     5.67350263    12.64420139
 32    -4.32490365     4.50435834    13.89448781
 33    -6.98443365     5.55125237    12.98768815
 34    11.39024419    -5.70870150     7.33637140
 35     9.87606867    -4.75009507     8.00616015
 36    12.37839163    -4.46387022     6.34366970
 37     2.30285045     1.81661048   -10.18324087
 38     3.86940040     2.56056304    -9.32692981
 39     0.85969549     2.21061775    -8.97100215
 40     0.44484590     1.68524279     1.67992776
 41     2.07329360     1.36161027     0.80518556
 42    -0.45190786     3.19078415     0.88224970
 43    -1.64933578    -2.16184133    -5.03763339
 44     0.30859791    -2.13171929    -4.90337212
 45    -2.05228503    -0.60037600    -6.09918202
 46     1.45887232     1.86418897     6.86849233
 47     1.28593168     2.32056888     5.00014078
 48     0.53329248     0.17682153     6.87084170
 49    -2.04943890    -2.48906730     0.37060459
 50    -1.14763255    -0.96610792     1.15755690
 51    -1.73250386    -2.45491558    -1.50145379
 52    -1.47855719    12.53595509     3.72976344
 53    -0.85869047    10.68780265     3.80803594
 54    -1.16997732    13.15643859     5.51069354
 55    -4.85829469     0.47199797     4.89840888
 56    -6.53670076     0.12018422     5.77255394
 57    -3.57642740    -0.61529698     5.88233676
 58   -13.15573419     0.36455114    -1.57743956
 59   -12.37878763    -0.51816575    -0.05493112
 60   -14.08677236    -1.01514005    -2.60002699
 61    -5.89622070     3.47708419   -10.72376578
 62    -7.80092465     3.53221806   -10.53084041
 63    -5.21391243     5.28974007   -10.87695937
 64    11.92858780     7.74493247    -7.45343591
 65    11.88240897     5.77509882    -7.28441958
 66    13.64470929     8.25831947    -8.06719774
 67    -5.48712315    -8.17766433     4.48819060
 68    -6.43421774    -7.02366955     3.27935984
 69    -3.65539352    -7.63799302     4.13589950
 70    -5.93072168    -7.48221491    -9.04484754
 71    -5.98729424    -7.27219497   -10.90443860
 72    -4.06629299    -7.30215999    -8.53795299
 73     6.68747533    -7.97301617     1.38197313
 74     8.11244334    -8.94582151     2.25835382
 75     5.69198825    -7.14669428     2.81067888
 76    13.51233706    -1.30871356     5.25234886
 77    11.85528863    -0.37313012     4.97122098
 78    14.46554332    -0.36170048     6.51769182
 79    -3.09181244     7.43283714     8.40546557
 80    -1.38942790     8.01660995     9.04636242
 81    -3.98278245     6.67262567     9.98957100
 82     2.49335113     9.55783819   -12.68085920
 83     4.16783481     9.03929084   -11.98120853
 84     1.76341589     8.06230395   -13.66273853
 85    -2.10120039     2.43991285    -7.28895333
 86    -1.91093736     4.02721192    -6.16039357
 87    -3.70576364     2.80428779    -8.32484169
 88    -0.99271477   -11.75568106     9.33310991
 89    -2.76469949   -10.95234507     9.44291635
 90    -0.99295581   -12.64990933     7.62212977
 91     7.92299810     5.84095269     4.18838347
 92     6.45054383     6.69424805     3.35461459
 93     9.38322974     6.26832315     2.99877732
 94     9.16980566    -7.54714528    -3.09610844
 95     8.34415242    -8.93067094    -4.15416001
 96     8.18435532    -7.58538190    -1.42980219
 97     8.48480059    -2.83229980     0.65578297
 98     7.01582644    -1.97868193    -0.27441230
 99     8.01178506    -4.73430385     0.71220769
100    -0.57741261    -6.16337566     3.36880539
101    -1.14971792    -4.78209427     2.09635244
102    -0.46229917    -7.75511401     2.25442638
103   -10.68143326    10.76492846    -4.77599827
104   -11.97264260    12.06792832    -5.31162105
105   -10.24695696     9.91361787    -6.46582726
106    13.36559375    -8.26593077    -0.11707666
107    12.05157885    -8.12232058    -1.47871114
108    14.19958902    -6.54718639    -0.20421818
109   -10.24837865     9.24006422     0.10731393
110   -10.68240969     9.72774261    -1.74815535
111    -8.48437369     9.87266448     0.50902704
112    10.59424548    -9.70289514     4.07344950
113    10.89101459    -8.18810568     5.24830330
114    11.83554517    -9.37356776     2.54335943
115     6.01892150     3.97063990    -7.57874069
116     7.81583514     3.28751464    -7.36405872
117     5.43478232     4.54205234    -5.84512524
118    11.17469968     6.33609842     0.33675372
119    12.99147924     6.81443045     0.28789246
120    11.08155047     4.71348790    -0.67395359
121    -6.07409975     1.97876877     0.41361843
122    -5.47705614     1.30802883     2.20853930
123    -7.75955560     2.74365039     0.83006586
124    13.54027192    -3.01870048     0.11844267
125    14.26782061    -2.51018829     1.83735751
126    11.60927132    -2.84483120     0.28909085
127   -14.47510504    -4.50791894    -2.83343302
128   -12.58881835    -4.73192024    -3.21500071
129   -14.81642380    -5.59285091    -1.26370033
130    -9.39748267    -4.78584825    -3.20819460
131    -8.61842948    -5.02322048    -1.45856836
132    -8.82325658    -3.08306593    -3.86614402
133    -1.02026251    -2.52601157     6.91793445
134    -0.74743113    -3.98701501     5.66506069
135    -1.85708400    -3.34124924     8.38443402
136     8.93345589     0.94065812     4.54571297
137     8.46549789     2.77652724     4.51026540
138     8.34628814     0.26937025     2.90129162
139     3.50938104    13.32627759     1.01336951
140     3.95672995    13.51842916    -0.84550598
141     1.70845426    14.01233115     1.22637756
142     4.21747953     8.31535901     1.94449911
143     2.54139326     8.07589817     2.89471799
144     4.28863773    10.20442304     1.49320694
145    -7.15999710   -12.66988247     2.82845348
146    -5.54281204   -13.66479783     3.16347461
147    -6.86896457   -10.88728180     3.54551046
148    -6.72971439    -4.36506564     1.17229172
149    -8.34726598    -3.49818315     1.76780551
150    -5.28159555    -3.08623791     1.04898747
151    -0.92693806   -13.27035082     4.27024872
152    -1.08831896   -12.02529845     2.86541244
153     0.65881495   -14.30177086     3.84213443
154     6.31994008   -11.00309113    -5.99420264
155     6.80007635   -12.43507352    -7.13018691
156     5.33552440    -9.73250930    -7.07636898
157     7.57438590    -1.44161728   -12.62108398
158     6.62271921    -3.08388976   -12.87376926
159     6.21997619    -0.07870417   -12.84878640
160    -2.95220890     2.44705949    15.75824515
161    -3.50603947     0.81996518    16.59916577
162    -1.68324464     1.97235005    14.35191831
163    11.38597980     2.66164393    -6.99057039
164    11.73521844     1.13312654    -8.06275357
165    11.73390957     2.12361521    -5.18553438
166    -2.12489136     6.85974142    -4.90641447
167    -3.55563998     8.16706580    -4.85415785
168    -0.49538033     7.84348729    -5.05087173
169     4.07655955    -7.14786863    -8.87221442
170     4.21473528    -6.68509537   -10.77672418
171     5.44720955    -5.99308758    -8.05390843
172    -5.75048607    -0.59083877    10.34299934
173    -5.11609606    -2.44291024    10.50110866
174    -4.23604719     0.58192191    10.48292754
175    -5.80776924    -9.68019894     9.29110367
176    -5.67969616    -9.01893298     7.48843632
177    -7.39807779   -10.67592972     9.31722416
178    -3.34336247     0.93676085   -14.53784141
179    -4.73313781     1.04310849   -15.87727579
180    -4.09262715     1.92245000   -13.06470361
181    -5.36278672    10.77518580    -3.96608004
182    -5.13231005    11.30619464    -2.12272134
183    -7.14836030    11.11488732    -4.52070136
184     5.12416820    13.19298632     6.03933416
185     4.73390292    13.21151253     4.15729655
186     3.44420824    13.09527050     6.94905907
187   -13.63252142    -7.33065911     1.58954440
188   -14.72474214    -8.45743498     2.61767708
189   -12.48072129    -8.52464060     0.55437656
190    -0.17276247   -19.02119971     2.70935359
191     1.46435763   -18.12838571     2.94120866
192    -1.51283997   -17.80913755     3.29663294
193    11.61501250    -1.79941738    -9.54054336
194    13.00387770    -2.49859080   -10.61592799
195    10.08726957    -1.74683090   -10.79226146
196    -0.67173029    11.34808299    -9.16556008
197     0.41058126    10.85353285   -10.64405016
198     0.45001220    11.01941804    -7.61781555
199     5.77032414    13.30863737    -3.59703149
200     6.20688027    14.46855819    -4.99655596
201     7.33142438    12.16426707    -3.34761896
202     0.05455230     5.22064660   -13.69666471
203    -0.97101067     3.94996809   -14.72737680
204     1.08772655     3.98399520   -12.55774031
205   -11.04793071    -2.41431806     2.60703152
206   -10.98895576    -1.85649743     4.51605258
207   -12.36234304    -3.80351927     2.48549437
208     4.32683692   -12.01738519    -0.92224836
209     5.02905330   -12.03443557    -2.78255003
210     5.15753730   -10.46094876    -0.10089322
211     3.70247427   -15.59551244     2.76272331
212     5.09324544   -15.08686170     3.98043473
213     4.10707673   -14.59681709     1.14949446
214     0.44502046    12.24208658     8.71820537
215     1.06663803    10.64728554     9.57391889
216    -0.34917997    13.27639045    10.08542793
217    -3.62234988   -10.06980204    -3.74652223
218    -5.52760183   -10.09888490    -3.82118377
219    -2.91580707    -9.13411389    -5.25855349
220    -0.11859353     0.89000114    11.67299392
221     0.26087091     1.82434267    10.02754996
222     1.49159926    -0.22576980    11.92715368
223   -10.66414709   -10.65426918    -0.33774779
224    -9.28890170   -11.59836353     0.72379941
225    -9.87423284   -10.63577943    -2.12966190
226     7.71328659    -4.40898950    -6.93338557
227     9.13999067    -3.22587118    -7.54127313
228     8.46961022    -5.18180362    -5.26536107
229    -4.06839202     8.35816476   -11.19840180
230    -3.05716375     9.74679982   -10.29788817
231    -2.73877343     7.60281782   -12.39789773
232   -10.10581621    -0.66222701     7.44660397
233   -10.90678181     1.05435034     7.40456933
234    -9.05569454    -0.67699307     9.05870119
235   -10.89350302     2.48552477    -5.65471188
236   -11.67377270     2.01895127    -3.97504634
237    -9.25449474     1.48688083    -5.71143596
238    -6.82870181     0.00494119    -4.00408144
239    -5.18762820    -0.84666897    -4.38751927
240    -6.63029616     1.01152278    -2.34256569
241     6.90419226   -13.25926413     6.01157792
242     7.95315432   -14.29197119     7.20547909
243     8.03053709   -11.85121997     5.26426777
244     9.52877936     9.99706122    -3.20108072
245     9.96211574     8.86086444    -1.66201064
246    10.60697967     9.25738470    -4.65065072
247    -0.49831512   -10.21150176     0.38817962
248    -1.71245258   -10.26918913    -1.15374696
249     1.08615221   -11.12469378    -0.20495884
250   -10.68377704     4.15415505     1.27887753
251   -10.65128363     6.09738036     1.00626735
252   -11.67571337     3.36086683    -0.18267494
253   -12.44224268     9.16275389     5.35318254
254   -10.74955129     9.73258623     5.97651992
255   -12.46484801     9.50410996     3.48780400
256     4.59033069     5.79480599    -2.91407637
257     4.82219980     6.93673237    -1.31929412
258     5.03726750     4.05864099    -2.19183586
259    -0.95089742    -6.92834687    -7.23277366
260    -1.35610148    -5.21156191    -6.47957584
261     0.83086193    -7.12009046    -7.98593424
262     7.23838565    -2.61830306     7.62393809
263     7.64146384    -1.08417838     6.58186798
264     5.79467260    -3.54549478     6.69509849
265     1.05074421    -1.44326704   -13.82821518
266    -0.79992546    -0.94407616   -14.23652947
267     1.54135080    -0.50282534   -12.19771785
268    -5.33477861    10.37445340     1.23259298
269    -4.00365544    11.28412828     2.31591198
270    -4.62114311     8.62448885     0.81912491
271     5.08713837     4.92219260     8.54475175
272     6.12039340     5.43821818     7.02107327
273     3.68698569     3.74253171     7.88109268
274     3.55431908   -10.00756676     8.52341939
275     4.55967983   -11.42862403     7.84203316
276     1.83593138   -10.69101045     8.99276455
277    11.87253754     1.56940423    -1.96962975
278    10.17434660     0.94494968    -1.45788162
279    13.03228306     0.09979223    -1.54546478
280     1.50819766    -6.10034863    11.66709525
281     2.38135233    -7.66765904    10.91423687
282     2.92299908    -4.74800851    11.72190438
283    -8.63425955    -9.33334457    -4.92288376
284    -7.96314344    -8.95798896    -6.67078106
285    -9.18668657    -7.57833927    -4.23919446
286     4.15669177    -5.88224763     5.14509054
287     2.34790153    -5.74912185     4.46004372
288     3.97394374    -7.06185169     6.65439615
289     3.34916693    -2.13962427    -4.69090483
290     4.00616397    -0.63102358    -3.74671588
291     4.75944188    -3.12581032    -5.49213026
292    -0.37631380     7.66396243     3.94285910
293    -1.60440275     7.18127488     5.38142381
294    -1.20273484     6.75320631     2.43654019
295   -11.16171887     3.82217245   -10.62471876
296   -12.60514803     2.66390733   -11.12836060
297   -11.04239774     3.50314013    -8.66263928
298    -3.32524946    -5.18487730    10.59880453
299    -1.58028227    -5.64141703    11.31774721
300    -4.18985852    -6.86407816    10.58205294

 Atomic and electronic forces:
  1    -0.01001081    -0.01115284    -0.00680498     0.00005878     0.00048696     0.00378547
  2     0.01335120     0.01131358     0.01240045    -0.00014953    -0.00030511    -0.00161534
  3    -0.00044327     0.00376663    -0.00699403     0.00000311    -0.00049449    -0.00235320
  4    -0.01356701     0.01030428    -0.01663353    -0.00197092     0.00134119     0.00116146
  5     0.01525215    -0.00980267     0.01159792     0.00104206    -0.00072597    -0.00077562
  6    -0.00246509     0.00133696     0.00139975     0.00114123    -0.00083291    -0.00054116
  7    -0.00244549     0.00211251     0.00151180    -0.00106174     0.00187435     0.00324701
  8     0.00156586    -0.00062434    -0.00251358     0.00045145    -0.00065795    -0.00147611
  9    -0.00290510    -0.00001202     0.00312713     0.00046337    -0.00114010    -0.00211269
 10     0.00403579    -0.00742320    -0.00455887    -0.00187484     0.00096893    -0.00098445
 11     0.00400694     0.00632760    -0.00107558     0.00093722    -0.00036350     0.00050575
 12    -0.00538328    -0.00014545    -0.00134562     0.00099172    -0.00058685     0.00064009
 13     0.00658694     0.01463723    -0.02562850    -0.00197068     0.00037138     0.00085727
 14    -0.00288038    -0.00886796     0.00964874     0.00089509    -0.00026028    -0.00038579
 15    -0.00373234    -0.01179556     0.01493684     0.00115212    -0.00021613    -0.00038729
 16     0.01699204     0.00932852     0.00659438     0.00054204     0.00365290    -0.00458211
 17    -0.01928492    -0.00990142    -0.00932872    -0.00069285    -0.00198721     0.00210095
 18     0.00547309     0.00224108     0.00150686    -0.00019668    -0.00227832     0.00332191
 19    -0.01674767     0.02254303    -0.00722425    -0.00039743    -0.00187257    -0.00361129
 20     0.01051214    -0.01681620     0.00389193     0.00040021     0.00075608     0.00193414
 21     0.00099864    -0.00054517     0.00116890     0.00014995     0.00075168     0.00140642
 22     0.00871915    -0.00409639     0.00214761    -0.00690180     0.00403450     0.00104095
 23    -0.00103302     0.00341854    -0.01154338     0.00353375    -0.00234337     0.00024792
 24    -0.00627537    -0.00412002     0.00289823     0.00343767    -0.00123088    -0.00043248
 25    -0.00115276    -0.00829965    -0.02216649    -0.00035302    -0.00095662     0.00446699
 26    -0.00491687    -0.00008699     0.02399196     0.00000864     0.00075432    -0.00292284
 27     0.00295041     0.00542726     0.00241165     0.00005715     0.00018315    -0.00210465
 28     0.00877729     0.01280996    -0.00046137    -0.00266468     0.00664305    -0.00293748
 29    -0.00211964     0.00129967    -0.00114211     0.00166238    -0.00496329     0.00220588
 30    -0.00528338    -0.00711609    -0.00074252     0.00071956    -0.00301222     0.00103469
 31    -0.01701570     0.01583031    -0.01770358    -0.00146607     0.00065007     0.00188223
 32     0.01396806    -0.01477778     0.01826246     0.00065199    -0.00023563    -0.00098542
 33     0.00052188     0.00207855    -0.00287493     0.00069285    -0.00025503    -0.00077670
 34    -0.00972965    -0.01821955     0.00132459     0.00251143    -0.00289969     0.00375036
 35    -0.00371638     0.00160138     0.00202882    -0.00109963     0.00146525    -0.00238366
 36     0.01390452     0.01628507    -0.00684222    -0.00180069     0.00145076    -0.00204009
 37     0.00016037     0.00348000     0.00309949    -0.00303152     0.00078258    -0.00794767
 38    -0.00018316     0.00084320    -0.00154167     0.00121511    -0.00106747     0.00521198
 39    -0.00531167    -0.00335258    -0.00203704     0.00242671    -0.00063520     0.00393575
 40    -0.00108674     0.00781143     0.00035576    -0.01817771     0.00259978     0.01009437
 41     0.00302984     0.00351810    -0.00451371     0.01145212    -0.00139182    -0.00637570
 42     0.00131811    -0.00534527     0.00365607     0.00711357    -0.00261879    -0.00246938
 43     0.01501819     0.00528896     0.00404383    -0.00829464    -0.00361956    -0.00453201
 44    -0.01350081    -0.00564885    -0.00333588     0.00520288     0.00308226     0.00376313
 45    -0.00049567     0.00186018    -0.00189278     0.00382643     0.00080269     0.00249273
 46     0.00373142     0.00582354    -0.02394087    -0.00445774     0.00102722     0.00854851
 47    -0.00180593     0.00484180     0.00834795     0.00375060    -0.00120680    -0.00527487
 48    -0.00403914    -0.01076290     0.01274379     0.00237528     0.00032751    -0.00373270
 49     0.01068257     0.00149251     0.01014614    -0.00986348    -0.00434338     0.00191398
 50    -0.00807385    -0.00003505    -0.00386943     0.00638147     0.00174872    -0.00217289
 51    -0.00385853     0.00048643    -0.01159883     0.00539071     0.00249087     0.00030254
 52     0.00461432    -0.01142103     0.00014936    -0.00189292     0.00309961     0.00130176
 53    -0.00205386     0.00958027    -0.00163299     0.00127308    -0.00192554    -0.00097576
 54     0.00050209     0.00310956     0.00328257     0.00074197    -0.00133585    -0.00072711
 55     0.00414391    -0.01491719     0.01147929    -0.00474746    -0.00019642     0.00274105
 56     0.00179144     0.00326819     0.00064104     0.00179843     0.00011594    -0.00102405
 57    -0.00717364     0.00963597    -0.00876402     0.00234720     0.00038368    -0.00179172
 58    -0.00130290    -0.00368626    -0.00961402    -0.00229952    -0.00006752    -0.00005165
 59    -0.00298156    -0.00210152    -0.00012526     0.00123917     0.00009859    -0.00007561
 60     0.00743218     0.00719070     0.01490006     0.00102626     0.00010037     0.00007516
 61     0.01830553     0.00183228    -0.00018208    -0.00266074     0.00058771    -0.00220340
 62    -0.00459266     0.00574822    -0.00416613     0.00120011    -0.00023272     0.00083606
 63    -0.01212279    -0.00309700     0.00161453     0.00125801    -0.00050608     0.00112443
 64    -0.00841824    -0.02254289     0.01142246     0.00358716     0.00404911    -0.00367126
 65     0.00239959     0.02579804    -0.00731323    -0.00254660    -0.00206578     0.00255158
 66     0.00295895    -0.00257310    -0.00307982    -0.00154055    -0.00145445     0.00134750
 67     0.01823236     0.00902696    -0.00781966    -0.00246312    -0.00200405     0.00124612
 68    -0.00783790     0.00382605    -0.00151863     0.00143086     0.00093685    -0.00052347
 69    -0.00875521    -0.00739397     0.00879358     0.00148483     0.00135895    -0.00084231
 70     0.01595385    -0.00098579     0.01347990    -0.00215484    -0.00155686    -0.00146529
 71    -0.00313906     0.00115112    -0.01236107     0.00092575     0.00064864     0.00077271
 72    -0.01135002    -0.00149000    -0.00096649     0.00124228     0.00104541     0.00094198
 73     0.00760264     0.00261658    -0.01770141     0.00109305    -0.00883156     0.00263234
 74     0.00019974     0.00017253     0.00634275    -0.00081812     0.00323100    -0.00115543
 75    -0.00497597    -0.00003789     0.00909047    -0.00007056     0.00442659    -0.00222551
 76    -0.01302815    -0.01527728    -0.02710368     0.00551875    -0.00162666     0.00463511
 77    -0.00202080     0.00055774     0.00460509    -0.00350758     0.00078229    -0.00357396
 78     0.01541880     0.01422953     0.02161024    -0.00217625     0.00033169    -0.00193952
 79    -0.00773329    -0.00592779     0.00589503    -0.00231897     0.00173542     0.00254397
 80     0.00266076    -0.00126135     0.00406137     0.00098247    -0.00099537    -0.00142859
 81     0.00639685     0.00513350    -0.01105354     0.00099242    -0.00059515    -0.00115099
 82    -0.02016110     0.00520477    -0.01187429    -0.00081711     0.00219170    -0.00290181
 83     0.01900704    -0.00471162     0.00595732     0.00025548    -0.00131974     0.00174286
 84     0.00319022     0.00330666     0.00714878     0.00048709    -0.00088181     0.00153264
 85    -0.00034255     0.00758941     0.00433415    -0.00621141     0.00118854    -0.00496337
 86    -0.00540849    -0.00494007    -0.00869522     0.00346013    -0.00143094     0.00232285
 87     0.00632765    -0.00443412     0.00077508     0.00223790    -0.00044603     0.00172240
 88    -0.01815538     0.00317541    -0.00929171    -0.00096973    -0.00184709     0.00153536
 89     0.01186896    -0.00633630     0.00510183     0.00059067     0.00083147    -0.00074534
 90     0.00008703     0.00084004     0.00201254     0.00051046     0.00104022    -0.00067608
 91     0.01375689    -0.01675439     0.00103781     0.00397432     0.00873100     0.00955122
 92    -0.01941024     0.01762382    -0.00359288    -0.00074910    -0.00547580    -0.00427772
 93     0.00293939     0.00183870     0.00411615    -0.00304239    -0.00448500    -0.00354564
 94    -0.01067564     0.00291575     0.00609550     0.00343069    -0.00843270    -0.00180583
 95     0.00241372    -0.00218616    -0.00416141    -0.00089180     0.00337677     0.00100398
 96     0.00342225    -0.00372738    -0.00421634    -0.00145124     0.00489336     0.00008690
 97    -0.02785605    -0.00103072    -0.01985825     0.01425260    -0.01875616     0.00998117
 98     0.01427556    -0.01652972     0.01147020    -0.00569339     0.01190868    -0.00417153
 99     0.00656742     0.01912093     0.00578649    -0.00323569     0.00740008    -0.00268940
100    -0.00086180     0.00643329    -0.01299911    -0.00443847    -0.00501047     0.00321295
101    -0.00223047    -0.00621392     0.00806467     0.00328722     0.00272568    -0.00154997
102    -0.00032902    -0.00250214     0.00239116     0.00181861     0.00256370    -0.00100795
103    -0.00787816     0.01127698    -0.00521448    -0.00181854     0.00109836    -0.00040250
104     0.00216948    -0.00153512     0.00780386     0.00074877    -0.00047431     0.00017616
105     0.00502390    -0.00732129     0.00020454     0.00094350    -0.00053478     0.00031488
106     0.00101199     0.00603897     0.00485100     0.00356607    -0.00428110     0.00056010
107    -0.00945785    -0.00783916    -0.00974543    -0.00191727     0.00273804     0.00004675
108     0.00571343     0.00083759     0.00651695    -0.00235573     0.00208076    -0.00031674
109    -0.01531035    -0.00442911    -0.01141539    -0.00222326     0.00116656     0.00017775
110     0.01103840    -0.00177906     0.01814674     0.00104275    -0.00056368     0.00003747
111     0.00269374     0.00401613    -0.00432830     0.00121428    -0.00077167    -0.00014378
112     0.01591426     0.01392732    -0.03155390     0.00188345    -0.00404057     0.00203225
113     0.00205942    -0.00692480     0.00626990    -0.00113650     0.00196986    -0.00140883
114    -0.01641185    -0.01003262     0.02774114    -0.00126426     0.00210882    -0.00078470
115     0.01100538    -0.01484256     0.00628941     0.00037689     0.00687171    -0.01392252
116    -0.00478458     0.00676574    -0.00499739    -0.00218588    -0.00278390     0.00696777
117    -0.00089376     0.00929294    -0.00048225     0.00058712    -0.00602365     0.00749334
118    -0.01109504    -0.00554710    -0.00788497     0.00891662     0.00904412     0.00267605
119     0.01415182     0.00746322     0.00410679    -0.00342842    -0.00282163    -0.00074240
120     0.00415352    -0.00227427    -0.00025941    -0.00682121    -0.00489206    -0.00076643
121     0.02525248    -0.00925784     0.02764982    -0.00567290     0.00050546     0.00076926
122    -0.00617127     0.00773394    -0.02631261     0.00288645    -0.00009914    -0.00087875
123    -0.02270747     0.00870891     0.00208858     0.00214518    -0.00029137    -0.00031972
124    -0.00583020     0.01258517     0.00547787     0.00887253    -0.00456405     0.00171142
125    -0.00430917    -0.00442373    -0.00461324    -0.00372125     0.00152857    -0.00138349
126     0.01143306    -0.00830937     0.00380474    -0.00589214     0.00387282    -0.00169726
127     0.00149641    -0.00589028     0.00764646    -0.00179465    -0.00048304    -0.00014972
128    -0.00680953    -0.00067115     0.00165737     0.00105214     0.00032553     0.00011912
129     0.00420911     0.00671613    -0.01012336     0.00084459     0.00026816     0.00000450
130    -0.00597433    -0.00027018    -0.00059960    -0.00286254    -0.00108471    -0.00039353
131     0.00422934     0.00549420    -0.00264515     0.00157747     0.00065627     0.00003551
132     0.00386004     0.00225492     0.00392767     0.00166225     0.00046069     0.00031347
133     0.01477470     0.00602705    -0.03626095    -0.00402940    -0.00205598     0.00488333
134    -0.00367354     0.00686085     0.00650550     0.00222417     0.00169157    -0.00237349
135    -0.01315465    -0.01321242     0.02809359     0.00144176     0.00081285    -0.00183641
136     0.00564939    -0.00761970     0.00192439     0.00864230    -0.00015197     0.01519128
137    -0.00060419     0.02441589     0.00920859    -0.00350602    -0.00226478    -0.00715898
138    -0.00095512    -0.01571033    -0.01080195    -0.00628620     0.00174922    -0.00963825
139    -0.01907987     0.00034105     0.00544313    -0.00083146     0.00477480     0.00083563
140     0.00607561     0.00321198    -0.00190445     0.00034058    -0.00247952    -0.00006262
141     0.01378682    -0.00564394    -0.00045337     0.00059829    -0.00198791    -0.00036164
142     0.00115755    -0.00455083    -0.01224591    -0.00205291     0.01079878     0.00446140
143     0.00135834     0.00473893    -0.00001168     0.00178505    -0.00420763    -0.00235293
144    -0.00355071    -0.00297466     0.00595243     0.00059144    -0.00400415    -0.00113560
145     0.01185148     0.00072452     0.00367848    -0.00150382    -0.00158978     0.00046705
146    -0.01233145     0.00808385    -0.00197977     0.00068207     0.00088540    -0.00026296
147     0.00363166    -0.01037489    -0.00254002     0.00090417     0.00084978    -0.00033896
148     0.00745873    -0.01041179    -0.00234714    -0.00393956    -0.00167751     0.00073543
149     0.00018976     0.00947963     0.00298921     0.00170748     0.00053781    -0.00035562
150    -0.00957259    -0.00465160     0.00154900     0.00268287     0.00098145    -0.00053698
151     0.00954033    -0.02860475     0.02091283    -0.00118603    -0.00254851     0.00097950
152    -0.00147869     0.01605526    -0.01771190     0.00079959     0.00152867    -0.00047679
153    -0.00680702     0.00587487     0.00320433     0.00043475     0.00131934    -0.00043615
154    -0.00279261     0.01233359     0.00730035     0.00021476    -0.00455142    -0.00184087
155     0.00039063    -0.00496368    -0.00483832    -0.00013599     0.00174202     0.00077572
156     0.00085344    -0.00521288     0.00119382     0.00010139     0.00240962     0.00134142
157    -0.01405025     0.01339012     0.00384432     0.00085417    -0.00116083    -0.00564504
158     0.00087082    -0.00673441    -0.00283561    -0.00016939     0.00086464     0.00252324
159     0.01419870    -0.00835381     0.00062207    -0.00009844     0.00024994     0.00297141
160     0.00794264    -0.01037770    -0.00543750    -0.00101317     0.00018218     0.00199572
161     0.00419445     0.00655686    -0.00479490     0.00046841     0.00000413    -0.00090978
162    -0.00898286    -0.00180920     0.00966078     0.00058839    -0.00008609    -0.00124745
163    -0.00975847     0.01496767     0.00922042     0.00808102     0.00264842    -0.00833698
164     0.00286666    -0.01404559    -0.01126299    -0.00322783    -0.00015928     0.00372493
165     0.00486387     0.00070887     0.00417133    -0.00598209    -0.00127271     0.00391818
166    -0.01154743    -0.01594221     0.00940965    -0.00540641     0.00420089    -0.00264698
167     0.00430549     0.00544301    -0.00281123     0.00201668    -0.00160335     0.00081684
168     0.00693192     0.01429757    -0.00338210     0.00241464    -0.00277458     0.00155198
169     0.01357068     0.01289693    -0.00626122    -0.00097417    -0.00451325    -0.00432581
170    -0.00472729    -0.00596734     0.01290326     0.00034667     0.00164773     0.00208134
171    -0.01049891    -0.01181391    -0.00734189     0.00017656     0.00299677     0.00299154
172     0.00685326    -0.01395625     0.00136697    -0.00215405    -0.00028150     0.00217580
173    -0.00109986     0.02198041     0.00173658     0.00103096     0.00031983    -0.00111790
174    -0.00458043    -0.00983295     0.00300455     0.00113215     0.00003628    -0.00133535
175     0.01182357     0.00325996     0.00197512    -0.00141153    -0.00130218     0.00128807
176     0.00038407     0.00400543    -0.00604620     0.00088527     0.00077411    -0.00067569
177    -0.01122809    -0.00732671     0.00458798     0.00063347     0.00056142    -0.00050875
178    -0.01927503     0.00954410    -0.01439399    -0.00174979     0.00000299    -0.00258446
179     0.01421121    -0.00552469     0.00788386     0.00072806    -0.00000880     0.00102560
180    -0.00091828    -0.00308398     0.00763973     0.00108639    -0.00011081     0.00132181
181     0.01669024    -0.00451650     0.00545213    -0.00261775     0.00235428    -0.00066953
182    -0.00962003    -0.00185390    -0.01036292     0.00129995    -0.00125870     0.00011682
183    -0.00849517     0.00234816     0.00436733     0.00111962    -0.00089488     0.00029443
184    -0.00503476    -0.00216709    -0.00436895    -0.00015403     0.00343066     0.00201297
185     0.00157425     0.00329983     0.00415576     0.00015810    -0.00206242    -0.00089219
186     0.00225383    -0.00072562     0.00096951     0.00027801    -0.00152974    -0.00101817
187     0.00165420     0.01558179    -0.00882050    -0.00166279    -0.00070970     0.00023655
188    -0.00608600    -0.00760022     0.00684098     0.00070850     0.00032527    -0.00013122
189    -0.00075196    -0.00061112     0.00778853     0.00085912     0.00044640    -0.00008082
190    -0.02112704    -0.00400725     0.00260610    -0.00050775    -0.00172689     0.00033759
191     0.01994284     0.00748075    -0.00219007     0.00021850     0.00098586    -0.00021402
192    -0.00000019    -0.00497903    -0.00174127     0.00034019     0.00088472    -0.00021170
193    -0.02364209     0.00046078    -0.01268407     0.00406661    -0.00189454    -0.00586195
194     0.00976161    -0.00293098     0.00000614    -0.00158122     0.00074758     0.00206805
195     0.01031016     0.00446525     0.01172343    -0.00136999     0.00085700     0.00310258
196     0.00261844     0.00238443     0.02719902    -0.00164759     0.00271730    -0.00207456
197     0.01273731    -0.00141092    -0.01626278     0.00067540    -0.00127487     0.00120965
198    -0.01147581     0.00227987    -0.00844874     0.00094519    -0.00183791     0.00116761
199    -0.00400060    -0.01668195     0.00821968     0.00001284     0.00494283    -0.00096160
200     0.00426321     0.01246336    -0.01209465    -0.00006707    -0.00197049     0.00055231
201    -0.00499175     0.00299014    -0.00023632    -0.00040674    -0.00294221     0.00056331
202     0.00583077    -0.04272602     0.01060464    -0.00153820     0.00117340    -0.00340036
203     0.00091924     0.01228173    -0.00054241     0.00074671    -0.00033951     0.00151253
204    -0.00977793     0.02477824    -0.01074920     0.00093065    -0.00061802     0.00228402
205    -0.00382741     0.01144340     0.02761958    -0.00256430    -0.00051058     0.00057773
206    -0.00001987    -0.00797152    -0.02857814     0.00120706     0.00020052    -0.00041168
207    -0.00010816    -0.00369171     0.00211491     0.00107836     0.00028202    -0.00021789
208     0.02127506     0.01329368    -0.03375252    -0.00050421    -0.00478908     0.00009792
209    -0.01565427    -0.00122069     0.03282887     0.00012569     0.00238508     0.00029523
210    -0.00645338    -0.01038560    -0.00201256     0.00013862     0.00311738    -0.00030261
211    -0.00046779     0.00544444    -0.00937923    -0.00032278    -0.00270150     0.00064865
212     0.00067088     0.00201772     0.00679602     0.00004925     0.00137715    -0.00044696
213    -0.00581625    -0.00421297     0.00485935     0.00016471     0.00162499    -0.00024600
214    -0.00045544     0.01046217    -0.00853096    -0.00104718     0.00228373     0.00199019
215     0.00492726    -0.00903652     0.00322314     0.00053106    -0.00113124    -0.00124655
216    -0.00270419     0.00402964     0.00370298     0.00043681    -0.00090092    -0.00081935
217     0.01682608    -0.00384186     0.01190884    -0.00241932    -0.00284741    -0.00068126
218    -0.00610785     0.00365260    -0.00846521     0.00113340     0.00111164     0.00027194
219    -0.00433366     0.00022004     0.00003311     0.00132341     0.00154062     0.00063634
220     0.02831676    -0.00895536     0.00073624    -0.00167329    -0.00000244     0.00373701
221    -0.00396006    -0.00340777     0.00394540     0.00113552    -0.00019569    -0.00236697
222    -0.02585903     0.01197564     0.00036465     0.00064478     0.00017540    -0.00204356
223     0.03752564    -0.01821677    -0.01007179    -0.00165971    -0.00117404     0.00008261
224    -0.02177555     0.00926555    -0.00628224     0.00081504     0.00068078    -0.00010216
225    -0.01295579     0.00353507     0.01185155     0.00087308     0.00064785     0.00005516
226     0.02737787     0.01132741     0.03851975     0.00272642    -0.00819202    -0.00879736
227    -0.01050033    -0.01160149    -0.00526287    -0.00228752     0.00295118     0.00447511
228    -0.01222456     0.00119555    -0.02955874    -0.00215490     0.00504655     0.00333156
229     0.01081891    -0.01621196    -0.01253136    -0.00198883     0.00152366    -0.00204922
230    -0.00365936     0.00286968     0.00422277     0.00097130    -0.00098610     0.00101660
231    -0.01160521     0.00549806     0.00740588     0.00091463    -0.00072811     0.00121939
232     0.00708745    -0.01418558     0.00046992    -0.00219252    -0.00021799     0.00119829
233    -0.00941623     0.01863931    -0.00319065     0.00104493    -0.00000939    -0.00054093
234     0.00323331    -0.00185323    -0.00400707     0.00103464     0.00011109    -0.00071943
235     0.00373804     0.00729792    -0.01827781    -0.00263900     0.00024933    -0.00071864
236    -0.00901922    -0.00395368     0.00468603     0.00130235    -0.00008253     0.00021225
237     0.00197501    -0.00078623     0.00695694     0.00160577    -0.00005992     0.00049228
238    -0.00998021     0.00215346    -0.00484709    -0.00478112    -0.00036251    -0.00110098
239     0.00965557    -0.00435807     0.00273973     0.00293810     0.00049270     0.00088811
240     0.00407089    -0.01068405    -0.00505252     0.00267686    -0.00001421     0.00026095
241     0.00509219     0.01524993    -0.01034264     0.00025201    -0.00284374     0.00145246
242     0.00538098     0.00076993     0.00137291    -0.00017475     0.00115634    -0.00064138
243    -0.00259244    -0.01567840     0.01049438    -0.00032023     0.00170972    -0.00087102
244     0.01967702    -0.02899625     0.00807726     0.00292045     0.00721023    -0.00157134
245    -0.00702448     0.01732520    -0.01604833    -0.00226474    -0.00436776     0.00023781
246    -0.01200210     0.01020144     0.00580400    -0.00179527    -0.00316202     0.00129175
247    -0.00729916     0.00278130    -0.01647985    -0.00239372    -0.00429873     0.00059169
248     0.00504014     0.00138873     0.00903440     0.00126160     0.00190133     0.00000476
249     0.00245398    -0.00052566    -0.00177261     0.00087731     0.00229204    -0.00018042
250     0.00355948     0.01513966    -0.00682043    -0.00279069     0.00055390     0.00041738
251    -0.00368323    -0.01776195    -0.00280648     0.00130098    -0.00041424    -0.00017326
252     0.00027148     0.00530922     0.01062258     0.00131692    -0.00018591    -0.00007426
253    -0.01397576    -0.00312630    -0.00234699    -0.00161030     0.00073519     0.00058047
254     0.01579027     0.00341172     0.00765934     0.00084500    -0.00045510    -0.00036824
255     0.00045353     0.00085528    -0.00511093     0.00084941    -0.00040334    -0.00021828
256     0.01849414    -0.01859361     0.04554040    -0.00502436     0.02241447    -0.00806989
257    -0.00796407    -0.00344935    -0.02285103     0.00132640    -0.00910392     0.00035335
258    -0.00692297     0.01840795    -0.01270496     0.00273633    -0.01314754     0.00428051
259    -0.00762520    -0.01604675    -0.00873419    -0.00313457    -0.00368075    -0.00287556
260     0.01433473     0.00202592    -0.00273428     0.00227712     0.00198266     0.00173879
261    -0.01043564     0.01399487     0.01140431     0.00126879     0.00206668     0.00176752
262    -0.02058330    -0.01606975     0.00203737     0.00150616    -0.00316094     0.00786740
263     0.00874843     0.01152990    -0.00701595    -0.00144389     0.00139547    -0.00536328
264     0.01317081     0.00055329     0.00526419    -0.00013847     0.00240512    -0.00424937
265    -0.00193439    -0.00803746     0.00349727    -0.00148417    -0.00074606    -0.00398574
266     0.01637149     0.00189798     0.00540046     0.00083674     0.00023927     0.00167236
267    -0.00709437     0.00132162    -0.01045974     0.00102429     0.00034840     0.00267396
268     0.00054089    -0.00456009     0.00601706    -0.00280619     0.00242756     0.00061300
269    -0.00162767     0.00191996    -0.00655972     0.00126638    -0.00136684    -0.00045730
270     0.00091771     0.00593558     0.00252966     0.00191083    -0.00144307    -0.00036984
271    -0.00584330    -0.00707440     0.00330050    -0.00036121     0.00276947     0.00669737
272     0.00614743     0.00296500    -0.00261275    -0.00024797    -0.00221122    -0.00399470
273     0.00407605     0.00264411     0.00249769     0.00085780    -0.00126577    -0.00403681
274     0.00606889     0.03761546     0.00506892    -0.00052408    -0.00275951     0.00246035
275     0.01272739    -0.02043873    -0.00951041     0.00012196     0.00140117    -0.00102853
276    -0.01515995    -0.01005349     0.00346074     0.00038776     0.00118255    -0.00103942
277    -0.00373054    -0.00018941    -0.00098766     0.01954542     0.00208785    -0.00210760
278    -0.00678156    -0.00271153     0.00236438    -0.01260917     0.00001832     0.00041100
279     0.00972088    -0.00029695    -0.00028089    -0.00702414     0.00079510     0.00019754
280     0.02795064    -0.00347826    -0.01085480    -0.00095281    -0.00161936     0.00297404
281    -0.00962628     0.01035023     0.00704951     0.00037928     0.00100206    -0.00141598
282    -0.01724508    -0.00640392     0.00556197     0.00037312     0.00078236    -0.00178795
283    -0.00533516     0.00411474     0.01060914    -0.00200003    -0.00143089    -0.00052847
284     0.00335690     0.00190884    -0.00801025     0.00100255     0.00072489     0.00040629
285     0.00475312    -0.01080136    -0.00575342     0.00115536     0.00066018     0.00024110
286    -0.00697052     0.00667041    -0.00124177    -0.00135788    -0.00659078     0.00616856
287     0.00220860    -0.00346288     0.00139686     0.00162966     0.00333326    -0.00283209
288     0.00228424    -0.00694603     0.00303526     0.00045667     0.00225249    -0.00222218
289    -0.00844620     0.01089795     0.01523041    -0.01118358    -0.01433594    -0.01641007
290     0.00249536    -0.00719032    -0.01094193     0.00686919     0.00651148     0.01030832
291     0.00876750    -0.00148591    -0.00679599     0.00179014     0.00625916     0.00670487
292    -0.01404988    -0.01808294     0.00435052    -0.00430475     0.00487349     0.00367200
293     0.01166645     0.00837003     0.00307202     0.00188740    -0.00164023    -0.00170980
294     0.00144179     0.00802437    -0.00092594     0.00303575    -0.00261250    -0.00160863
295    -0.00270094    -0.01369008     0.03779868    -0.00184372     0.00031842    -0.00103732
296     0.00575119     0.00780758    -0.00460579     0.00082017    -0.00007846     0.00044743
297    -0.00259361     0.00613963    -0.02402853     0.00107996    -0.00016714     0.00048562
298     0.00969411     0.00699298     0.00393235    -0.00178215    -0.00120779     0.00233889
299     0.00373644     0.00773992    -0.00003463     0.00074278     0.00067256    -0.00128577
300    -0.01654005    -0.01372838    -0.00355119     0.00079377     0.00062602    -0.00094843
