 Number of water molecules:
         139

 Atomic and electronic energies:
    -2.03153618    -0.10502486

 Atomic coordinates:
  1     9.50675081     5.23205299    11.30865871
  2    11.12872253     4.47297706    10.71347837
  3     8.06786687     4.42095701    10.31700113
  4    -5.61515241     9.88860206     7.41686063
  5    -4.56844807     8.43160080     7.96942651
  6    -5.01713765    10.49750666     5.65398576
  7     2.69931381     7.15120762    11.35863565
  8     3.55947063     6.58007874    12.94052318
  9     3.61020220     6.34496549     9.90123626
 10    -9.29620514     8.06789340    -8.68333588
 11    -9.94512479     6.27000948    -9.26244779
 12    -7.88510747     8.57720443    -9.87015617
 13    -6.52994228   -12.38630528    -7.67251895
 14    -6.74635491   -11.13971244    -9.05864751
 15    -8.21637851   -12.94100928    -7.01316550
 16   -12.30912572     1.74171775     7.39443300
 17   -12.83625497     3.54292300     7.70800764
 18   -11.96315910     1.51519823     5.61873159
 19     3.36750281     8.51092278   -16.62863009
 20     3.14339194     9.01566088   -14.77296004
 21     2.28395936     9.75492347   -17.55370051
 22     7.72898143     7.63823118    -6.77773969
 23     7.23862732     9.48720776    -6.49929528
 24     6.42394003     6.50622851    -5.82008793
 25     2.19278866    -6.82398792   -13.61152141
 26     1.17629710    -5.36407399   -12.94794921
 27     1.14312716    -8.46705210   -13.49710158
 28    -3.28391255     6.40117343     1.58884550
 29    -3.54488024     5.82995637    -0.26507203
 30    -4.27587597     5.13537591     2.66338602
 31     5.31355860    -1.26689556    10.88103991
 32     6.53927203    -2.31383949     9.85034328
 33     4.34400006    -0.29498628     9.57846022
 34     2.45558629     9.12177109    -2.43494743
 35     2.95998532     8.90553658    -0.57711621
 36     3.56173164    10.58618234    -3.11294020
 37    -6.37039591     3.28529185    14.94793369
 38    -5.58818102     1.88028075    15.95389919
 39    -8.02285644     2.50596533    14.52416936
 40    12.38060357    -5.65411807     8.26695872
 41    10.86615656    -4.68722781     7.61445337
 42    13.48833220    -4.70870586     9.59540393
 43   -13.74086169    -7.02907985     6.88811993
 44   -14.79993433    -5.92148867     5.71041357
 45   -13.10661595    -5.78367876     8.12380199
 46     8.59676527   -13.59956972     4.89757483
 47     7.17081610   -12.36217268     4.35245740
 48     7.85038534   -15.32465264     4.70778586
 49     2.30993864     0.48355092    -7.20565102
 50     3.26987385     2.08250510    -6.59779936
 51     0.49939621     0.82457996    -6.66832447
 52     0.46172282     2.73167088     2.38861887
 53    -0.60369073     4.27311859     2.08708723
 54    -0.65495239     1.31795965     2.18209851
 55    -1.83050054    -3.61132221    -3.53327467
 56     0.12923032    -3.67898241    -3.23482632
 57    -2.11121240    -1.87950205    -4.36402423
 58     2.93713064    -0.00118832     5.91317034
 59     2.29588355     1.15896684     4.40925945
 60     1.46376504    -1.26202229     6.14437498
 61    -4.41836490    -3.09129782     0.71957294
 62    -4.64047465    -1.16148303     0.96789360
 63    -3.63917842    -3.26249651    -0.99796052
 64    -0.30694522    14.00972385     5.75184655
 65    -0.24516275    12.12496213     5.18525086
 66     0.78455842    14.02844599     7.33682877
 67     0.97071997   -13.37367767    -8.82764426
 68    -0.02551859   -12.82829965    -7.29369414
 69     2.45713900   -14.27776294    -8.11139652
 70    -2.18954909    17.01608297    -4.65830381
 71    -2.02003366    18.12852556    -3.06314402
 72    -3.20878609    15.58041154    -3.94077077
 73    -5.52988579    -1.25555871     6.85056633
 74    -6.22671008    -1.09015428     8.57388085
 75    -3.64200529    -1.80972812     7.09640708
 76    -2.30810017     6.38870838    16.26826212
 77    -2.86767161     7.70862443    17.43358627
 78    -3.89326777     5.48521328    15.83566773
 79   -15.31432868    -0.62447546     0.54070748
 80   -16.12852361    -2.03831048     1.43446627
 81   -14.74538557    -1.33839860    -1.19539834
 82    -5.56143817     3.16462842    -9.89872957
 83    -7.39527820     2.94473218   -10.00189073
 84    -5.12451739     4.86071438   -10.75191164
 85    10.62544903    -9.03393251    12.08156412
 86    10.65383925    -7.70882303    13.35242119
 87    11.82656932    -8.50089996    10.63900311
 88   -11.31731303    -4.74819401   -11.86259488
 89    -9.50699554    -5.11651732   -12.53116805
 90   -11.10010589    -4.79326122    -9.93723677
 91    10.03301573     9.90908211     7.21440590
 92     9.22942434    11.65937701     7.30771477
 93     9.81065198     9.15279253     8.95298324
 94   -10.85884080   -13.20397899    -4.63491181
 95   -12.62471424   -12.86852786    -5.07330715
 96   -10.14842496   -11.78433012    -3.53657669
 97    13.27959829     5.72973988    -5.29688309
 98    13.12283892     3.81148364    -5.32032216
 99    11.79103535     6.40211518    -6.24585290
100    -5.86721002    -6.99886380     5.34952556
101    -7.58680274    -6.01109749     5.29078621
102    -4.61506210    -6.01676702     4.33164015
103    -6.39202322    -7.74904925   -10.03991204
104    -6.10142141    -8.49486716   -11.82578447
105    -4.65344856    -7.11370623    -9.41707987
106     8.34261361    -6.73956446    -0.50316627
107     9.10342261    -7.16310292     1.32395523
108     7.74372429    -4.95147908    -0.47830923
109    13.03744438     2.26948751     9.18744961
110    11.67248681     2.34390801     7.79244979
111    14.68687558     2.37827503     8.15096331
112    -4.26681438    -9.17785504   -14.83225947
113    -3.89905664    -8.59634795   -16.54240084
114    -2.77541305   -10.26213112   -14.26261123
115    -0.12069770   -11.89602958   -13.42309380
116     0.67649964   -13.28385800   -14.45136193
117     0.25564815   -12.24142581   -11.52728640
118    -2.45906534     6.04195836     8.51653016
119    -1.45617973     6.46395209    10.05594440
120    -2.87529441     4.20939475     8.90258644
121     3.16558682     9.15707105   -11.61450335
122     4.55025813     9.69538358   -10.29020599
123     3.20045543     7.21095465   -11.55193586
124   -16.69877214     4.11827786    -0.92797323
125   -15.28742995     4.99041140     0.05091382
126   -16.59830453     2.29535783    -0.32597591
127    -3.57580949     0.58565145    -5.99002917
128    -3.55686331     1.73399329    -4.39156001
129    -4.43786852     1.59674699    -7.44995187
130    -1.39371827   -12.01367152     9.65066433
131    -2.62753558   -10.51147555     9.74040807
132    -1.56371531   -12.93382867    11.24417547
133     7.81552564     6.59364184     4.36376789
134     6.46759959     7.61512622     3.48487623
135     8.89687509     7.85254554     5.41165754
136    11.30732241    -8.34822272    -4.49071795
137    10.29381216    -9.67064039    -5.43373702
138    10.01368074    -7.75228602    -3.15795378
139     6.37335565    -1.97408008     0.35515572
140     6.19672955     0.00464864     0.68660088
141     4.80376644    -2.47321817    -0.72890508
142    17.94467661    -0.44781333    -3.53721877
143    16.25953263     0.24152915    -4.18404311
144    18.08635871    -2.20246872    -4.10009952
145    -0.85131399    -6.31046446     2.81168238
146    -2.03057860    -5.09167534     1.87925700
147    -0.50524683    -7.78466523     1.60336806
148    -8.87968406     9.26995997    -3.68537142
149    -8.72259052     7.55333634    -2.84774177
150    -9.37283983     8.92256095    -5.48283845
151    16.47838120    -5.44473346    -4.25822255
152    15.96115914    -7.19790531    -4.75565555
153    16.13769383    -5.33946892    -2.37212593
154   -11.10976697    10.65870822     1.50418407
155   -11.53508827    10.85100676    -0.45799083
156    -9.17352436    11.14237042     1.64085468
157    11.07335090    -8.39120142     3.62599136
158    11.49054085    -7.57495874     5.29091743
159    10.53374749   -10.16156949     4.02304147
160     4.44438186     4.43512864    -4.24246951
161     5.15130306     3.60363545    -2.62321469
162     3.09430824     5.54244775    -3.45387953
163    14.61400422    -1.78663400    12.04133393
164    15.02616121    -0.75383493    13.58450250
165    13.89546637    -0.59817124    10.77549322
166    14.40211696     7.71360929     5.35051128
167    12.87997103     8.72886071     5.82737000
168    14.87675083     8.28610686     3.62168138
169    -5.57794264     2.25557892     3.18344586
170    -5.53786827     1.09015352     4.69145515
171    -7.47426038     2.52160364     2.78904410
172    14.82336486    -5.90066530     0.90436191
173    16.34868919    -6.21430500     1.97076666
174    13.30983880    -6.87814737     1.65986958
175   -13.28590053    -3.58707723    -3.71266019
176   -12.12971317    -3.98457521    -2.33539372
177   -12.33744004    -4.12261178    -5.29661081
178   -10.11726706    -4.81247289     0.01497489
179   -10.17140489    -4.31324731     1.88202392
180    -8.40337997    -4.25649090    -0.57361623
181     2.40850650    -3.39932852   -21.34889763
182     3.78323971    -2.50046942   -20.30223089
183     3.29996450    -4.78035461   -22.34575438
184    -0.74719929    -3.11470622     7.04445430
185    -0.60258892    -4.50425114     5.75406993
186    -0.02999500    -3.85899798     8.66778369
187    10.26638906     1.59905964     4.69457674
188     9.73171279     3.22738103     3.93640377
189    11.25678817     0.79326287     3.34505450
190     5.03142699    14.03361398     1.59862148
191     5.64959697    13.83024527    -0.16303425
192     3.67516325    15.50586513     1.51478762
193     4.10681805     9.11226827     2.46550725
194     2.56813169     9.04117120     3.58089476
195     4.76206224    10.98639001     2.27167690
196    18.18487570     3.34884384    -0.31585247
197    17.87627090     1.79438487    -1.42181618
198    20.15166272     3.24744191    -0.05885801
199    -5.22525774   -11.40526536     1.71143331
200    -3.52022480   -11.12381904     0.95549998
201    -5.39154436   -10.29877422     3.23839923
202    15.12864589     7.50326536    -0.74296751
203    16.38083648     6.12189890    -0.32888068
204    14.55772975     7.04178240    -2.46479675
205    -9.68076215    -3.51462220     4.87790039
206   -10.28849841    -3.53112297     6.66503520
207    -8.13483670    -2.36604658     5.07782664
208     0.24113131   -14.51062193     5.40646353
209    -0.26937492   -13.47049325     6.94784583
210     1.47417633   -13.47845905     4.49844873
211     6.88724027   -11.10156158    -6.69232318
212     6.60276144   -12.95127109    -6.34344488
213     6.64317464   -10.86055937    -8.60772040
214     6.99236544    -5.30591452   -15.90799118
215     5.23704374    -5.90943357   -15.36435582
216     6.82310341    -3.53741297   -16.63424856
217     0.61450610     2.15439218    15.69315826
218    -0.39849989     3.77358302    15.99726884
219     2.39908364     2.69396310    16.19136924
220    12.70855268     0.47872090    -4.39763960
221    12.07439088    -0.93982714    -5.58883929
222    12.32844810    -0.11567330    -2.58471404
223    -1.78807178     8.81003631    -4.83588680
224    -2.39302898     6.99799155    -4.96227554
225    -0.09956513     8.80245809    -3.83631943
226   -10.64154162    10.51780733     7.35481193
227   -11.47770980    10.92941249     5.66703488
228    -8.69388604    10.51758165     7.15365874
229     6.84423711    -9.22382567   -11.68906077
230     8.21323994    -8.25104593   -12.48819509
231     5.24170459    -8.35079820   -12.30821681
232     0.64740792    15.14628247    -8.55354703
233    -0.50598314    14.00650595    -9.55398311
234    -0.42611475    15.97609180    -7.12367852
235    -1.90102390   -18.66705779     2.84256022
236    -3.55520837   -18.07777115     1.94632752
237    -1.15145080   -17.30948127     3.91743216
238    -6.89070408    -1.13992865    11.45925690
239    -5.46005183    -2.40695265    11.80849021
240    -6.13223148     0.53382993    12.04514155
241    -5.50081454    -8.85170454     9.93381085
242    -5.55770947    -8.14318380     8.10459135
243    -7.31562545    -9.45197291    10.32001363
244    -1.67431138     1.41613831   -12.81238332
245    -3.03318957     1.91141606   -11.51580450
246    -2.71789249     1.36462209   -14.48268907
247    -4.84623175    12.91030812    -2.57533850
248    -3.56902548    11.76109859    -3.43702510
249    -6.51542002    12.14427647    -3.11260696
250     6.53881511    13.59918400     6.59132193
251     6.16472006    14.06891215     4.78643012
252     5.00545923    13.26125155     7.51089794
253   -14.68283286    -8.99151257     1.65553360
254   -13.86373006    -9.43213714     3.30674217
255   -13.32253612    -9.18477342     0.23771187
256     0.55623187   -16.71068908    -1.65701576
257    -0.52114131   -17.73810310    -2.82969244
258    -0.24526685   -16.83054086     0.01958267
259    11.03666386    -3.67411395    -7.41308250
260    11.75708660    -4.66085769    -5.89850040
261    12.40157236    -3.68916526    -8.72028122
262    -3.12852869    19.60736473    -0.12880371
263    -3.72515311    18.16250771     0.96191953
264    -4.16983684    21.08556383     0.32827034
265    -3.78485712    -0.81123903    16.77317969
266    -3.76852716    -2.49633463    15.84593418
267    -1.95958380    -0.15664447    16.96381414
268    -1.58967846    10.35744617   -10.14069553
269     0.11166091     9.78976682   -10.79001115
270    -1.57223393    10.23972624    -8.32012055
271     5.96555882    12.62602687    -3.48172246
272     5.89598260    13.24373014    -5.31075830
273     7.79793270    12.03137099    -3.04027914
274     2.64013409     3.99757642   -11.69942242
275     0.93514803     3.17386386   -12.16303891
276     3.66235677     2.83749617   -10.64679448
277   -16.99131512    -4.78260618     3.05114150
278   -18.84477434    -4.98831609     2.65552161
279   -16.10445809    -6.33406717     2.41850596
280     4.25670143   -10.05123614    -1.59847670
281     4.84506966   -10.61382035    -3.40090147
282     5.46177889    -8.61638843    -1.18735754
283     4.20020663   -11.68530568     3.16692557
284     4.54525513    -9.97054679     3.90664935
285     3.88456703   -11.49242777     1.27894224
286   -13.95887060     0.03627936   -12.07483306
287   -15.41059177     0.02848688   -10.81058579
288   -13.23233231    -1.76215992   -12.09624677
289    -4.64251861    16.19302302     3.55262858
290    -3.27245956    15.27646125     4.52505861
291    -5.98270737    14.90991042     3.37013021
292     2.68085416    11.87464959     9.62942987
293     3.38573047    10.20613743    10.28031862
294     0.90158895    11.58926401    10.46687692
295    -1.73139445   -10.83520518    -5.46760817
296    -3.50911827   -11.46935492    -5.65749222
297    -1.59496075    -9.58358098    -6.81176142
298    -1.47199034     1.19043102    10.92086142
299    -0.86005840     1.44887416    12.80382054
300    -0.62087610    -0.36529034    10.32722447
301    -4.95848279     1.34323208   -16.87069597
302    -3.46676084     0.62417931   -17.84138934
303    -6.19854434    -0.05165412   -16.56146769
304    -9.25568732    -9.82939225    -1.06789018
305    -7.71255852   -10.11978955     0.03872410
306    -9.63077272    -7.97797199    -0.85979748
307     5.72649730     3.68410454    14.83203404
308     5.63981849     2.20569722    13.63632545
309     7.14081436     4.73482364    14.18101044
310     6.19247346    -5.84143613    -6.28631702
311     7.83460437    -4.98784046    -7.04534252
312     6.20627070    -7.62873964    -7.01536201
313    -5.34388631     7.90885988   -12.27861319
314    -3.76150118     8.98290849   -11.67501330
315    -5.42767721     8.03943591   -14.17706057
316   -10.53405792    -9.66566792    10.49116450
317   -12.17531124    -9.22537212    11.39934346
318   -10.99892008    -9.26185648     8.65634279
319     1.42612672    17.29649808     1.99062574
320     0.99764056    16.21999372     3.54845009
321    -0.15407337    18.02279357     1.24079373
322    16.00353562     2.97618862     4.60294456
323    16.62741809     3.14105797     2.74035645
324    15.28746635     4.70341066     4.92702920
325     6.33808694    -0.85684258   -18.19633295
326     5.27631311     0.66858672   -17.53618024
327     7.89436017    -0.15856278   -19.03755474
328   -11.33770262    -3.06744851     9.74675374
329   -12.41290867    -1.45677384     9.66606533
330    -9.76063992    -2.37317959    10.54945728
331   -13.84369220     2.75028284    -5.36128148
332   -14.97463796     3.78048489    -4.09014482
333   -14.90290978     1.37507258    -6.09141563
334    -7.98946808    -1.55840117    -3.58760323
335    -6.31603529    -0.70855193    -4.18991251
336    -9.16613374    -0.18884201    -3.04519324
337   -17.13176377    -1.36562312    -6.56501155
338   -16.28384396    -2.71787885    -5.45933192
339   -18.84486942    -1.03262967    -5.91792847
340     7.20154735   -11.76722712     9.59511044
341     8.55182541   -10.62525161    10.40409931
342     7.87549418   -12.42419779     7.87443912
343    10.79799866    11.87919074    -1.58853818
344    11.71807365    11.89283925     0.05297082
345    11.57791664    10.39365338    -2.61317576
346    -0.70516450    -9.84686447    -0.58603014
347    -1.38969920   -10.01787135    -2.44684522
348     1.15648020   -10.05784362    -1.00549206
349   -10.77300998     1.85274959     2.37978985
350   -11.57105738     3.68284318     2.52141847
351   -12.11235228     0.66967102     1.58144990
352   -13.07402256     6.12837359     2.70594498
353   -13.52251656     6.46462419     4.59603073
354   -12.41659327     7.85821592     2.10155182
355     5.48676801     3.13092000     0.63301435
356     6.68456297     4.24421757     1.58401247
357     3.66550765     3.30505135     1.23883257
358    -1.90501930    -6.24999689    -8.03207184
359    -1.83905030    -5.54827938    -6.23098026
360    -0.92482893    -4.94717778    -9.04242877
361    -6.04239243   -16.43046785    -0.08592412
362    -6.21485773   -14.69447073     0.74558542
363    -7.19942800   -16.49069577    -1.60443924
364     4.34264114   -16.03690837    -5.43301525
365     4.67703527   -17.87949442    -5.76064073
366     3.06028667   -15.89069219    -3.92017541
367     8.33147052    -2.78309865     6.65050681
368     9.00882528    -1.16817824     5.76285780
369     6.80927437    -3.33367825     5.53860439
370     0.54119681    -2.57863602   -10.63960302
371    -0.35646774    -1.09991782   -11.66473215
372     1.71083927    -1.68614264    -9.39456640
373    -5.81541662    11.48573476     2.35892668
374    -5.30877434    12.62858757     0.95933352
375    -5.26138046     9.76636493     1.77692285
376     5.70265599     3.81701480     8.13417766
377     6.83833995     4.64772688     6.79024443
378     4.78389248     2.41237641     7.13640745
379     2.74555813    -9.00977844     9.84907672
380     4.13024777   -10.36011060    10.05620300
381     1.21601078   -10.18701735     9.91762781
382     5.53761253    13.21054291    -8.68151263
383     3.94886405    14.31065798    -8.40024686
384     6.45652359    14.17045251    -9.95649029
385    11.82620091    -1.40882758     0.18189930
386    10.01983116    -2.14656065     0.47935789
387    12.87934776    -2.99222991     0.05946178
388     1.60243611    -4.50377856    11.59035096
389     2.32164018    -6.21239334    11.16417811
390     3.10253890    -3.24390056    11.46792044
391    -9.72364877    -5.19470791    -6.90739829
392    -8.49621519    -6.41572940    -7.81349896
393    -8.70228907    -3.90093201    -5.93382454
394     4.01644722    -6.64336944     5.38422149
395     2.45468570    -6.30291937     4.28595187
396     3.44373986    -6.86698514     7.19030614
397     3.21278287    -2.68435525    -3.46298946
398     3.12009024    -1.43767475    -4.86026646
399     4.20155146    -4.12886376    -4.18240025
400    -0.68463157     8.99189803     4.75443919
401    -0.91284256     7.64437994     6.02566554
402    -1.57435660     8.04937009     3.32165335
403   -13.92392461     7.00877055     8.40152532
404   -14.51271097     7.11898268    10.18291818
405   -12.62974837     8.50986313     8.19871748
406   -10.59841103     3.10729232    -9.71003738
407   -11.58705854     1.90377025   -10.79886722
408   -11.57104384     3.17104290    -8.01466651
409    -2.06877451    10.95111595    11.62059263
410    -3.53715115    11.22974439    10.38147704
411    -2.17135043     9.24604698    12.41825001
412     4.07604936     3.11843607   -16.54314789
413     4.14836874     4.98394912   -17.00406440
414     3.28596618     3.14405409   -14.75636735
415    -3.30821939    -4.57902372    12.85797891
416    -1.41213024    -5.03844879    12.82697985
417    -4.15174616    -6.11752975    12.10509152

 Atomic and electronic forces:
  1    -0.02591670     0.01628105     0.00807927     0.00153314     0.00023770     0.00170463
  2     0.01588952    -0.01265041    -0.00471847    -0.00078621    -0.00006553    -0.00074060
  3     0.00557003     0.00041078    -0.00043850    -0.00091273    -0.00009430    -0.00106630
  4    -0.01091346     0.03262877    -0.02550583    -0.00102430     0.00285911     0.00444414
  5     0.01641785    -0.02010796     0.00076433     0.00032418    -0.00122866    -0.00258473
  6    -0.00545913    -0.00880926     0.02382271     0.00050370    -0.00210237    -0.00247164
  7    -0.00685348     0.00424688    -0.00620152     0.00122773     0.00082618     0.00299333
  8     0.00357168    -0.00639465     0.00964368    -0.00052901    -0.00026334    -0.00124762
  9     0.00540481    -0.00997661    -0.00269471    -0.00088634    -0.00041135    -0.00167784
 10    -0.01391501    -0.03631631    -0.00013323    -0.00509985     0.00391267    -0.00533268
 11     0.01421412     0.03767935     0.00621427     0.00273027    -0.00112729     0.00282767
 12    -0.00083088    -0.00418248    -0.00659756     0.00181469    -0.00198861     0.00288669
 13     0.02070820    -0.01256476     0.01299624    -0.00057041    -0.00259553    -0.00085724
 14    -0.00694414     0.01246731    -0.00782724     0.00033709     0.00133521     0.00060466
 15    -0.01039907    -0.00121159     0.00394153     0.00037275     0.00118844     0.00033100
 16    -0.00851119     0.00107035     0.05302671    -0.00289214    -0.00055635     0.00320655
 17    -0.00256490     0.00388654    -0.00018971     0.00139231    -0.00000800    -0.00150933
 18     0.00945636    -0.00439078    -0.04590546     0.00196250     0.00045110    -0.00187185
 19    -0.00800635     0.00336488     0.00607058     0.00120467     0.00095965    -0.00266281
 20     0.00873273    -0.00602752    -0.00131402    -0.00077955    -0.00071067     0.00155045
 21     0.00143182    -0.00027104    -0.00815707    -0.00043220    -0.00051489     0.00122262
 22    -0.02239219     0.00045100     0.01706907     0.00469189     0.00188756    -0.00182361
 23     0.00308131    -0.01781674    -0.00339939    -0.00211003    -0.00127510     0.00079899
 24     0.02129158     0.01643068    -0.01437685    -0.00336751    -0.00114053     0.00114454
 25     0.00267113    -0.02709107    -0.00461454     0.00101155    -0.00203378    -0.00219776
 26    -0.00431650     0.00338322     0.00626296    -0.00056764     0.00122814     0.00145152
 27     0.00867466     0.01996821    -0.00044315    -0.00035430     0.00103385     0.00095473
 28    -0.00435122    -0.01053392    -0.04098345    -0.00008831     0.01279717     0.01887503
 29     0.00182187     0.01289584     0.03040286     0.00093414    -0.00850848    -0.00905545
 30    -0.00349130    -0.00473703     0.00107978     0.00157205    -0.00280058    -0.00865656
 31    -0.00103471    -0.00558238     0.00015871     0.00151465    -0.00082777     0.00245837
 32     0.00893138     0.00133557     0.00061342    -0.00084766     0.00049756    -0.00110675
 33    -0.00242919     0.00937012    -0.00520270    -0.00095265     0.00046017    -0.00158466
 34     0.00266501    -0.00615829     0.00188437     0.00827832     0.00907422     0.00033378
 35     0.00368029     0.00746936    -0.00430076    -0.00382806    -0.00367589    -0.00134175
 36    -0.00300515    -0.00627231     0.00936175    -0.00276179    -0.00309592     0.00019266
 37    -0.00088721     0.00231939    -0.00294649    -0.00046381    -0.00001113     0.00251299
 38     0.01983609    -0.01005797     0.01206630     0.00015332     0.00009111    -0.00114643
 39    -0.01808767     0.00608095    -0.00708802     0.00035163     0.00006289    -0.00123485
 40     0.02734812    -0.01322233     0.01526491     0.00138841    -0.00081151     0.00097683
 41     0.00070003     0.01764775     0.01109596    -0.00083264     0.00048115    -0.00061103
 42    -0.02849996    -0.00230790    -0.02559215    -0.00063377     0.00030899    -0.00046717
 43    -0.01334300    -0.00220582    -0.02196035    -0.00157107    -0.00155538     0.00139827
 44     0.00094684    -0.01154085     0.00103388     0.00095342     0.00077106    -0.00067716
 45     0.01336962     0.01488367     0.02313829     0.00078927     0.00073157    -0.00084629
 46    -0.01106249     0.03131361    -0.00195913     0.00090706    -0.00133118     0.00057939
 47     0.01130544    -0.02373633     0.00148381    -0.00052354     0.00081317    -0.00035321
 48    -0.00111668    -0.00800932    -0.00114176    -0.00037438     0.00064708    -0.00024886
 49     0.00090962     0.03674455     0.01823795     0.00908643    -0.00543368    -0.00838359
 50    -0.00045214    -0.01728521    -0.00549348    -0.00548447     0.00124441     0.00361092
 51     0.00234518    -0.00595320    -0.00855248    -0.00489023     0.00414509     0.00633107
 52     0.03429564     0.03001262    -0.00321854     0.01026570    -0.00105918     0.01546165
 53    -0.00332315     0.00977390     0.00395484    -0.00419627    -0.00186101    -0.00866082
 54    -0.02965593    -0.03954060    -0.00185998    -0.00379833     0.00282794    -0.00801798
 55     0.03435599     0.01766851     0.00175513     0.00194757    -0.01422219    -0.00257691
 56    -0.02599499    -0.00239450    -0.00403911    -0.00236474     0.00577442     0.00076121
 57    -0.00543290    -0.01583715    -0.00414190    -0.00114942     0.00871049     0.00341367
 58    -0.01981980     0.02379063    -0.03530583     0.00372297    -0.00198528     0.00538824
 59     0.01455763    -0.02229960     0.03434311    -0.00281368     0.00104207    -0.00378876
 60     0.01047099     0.00581431     0.00570340    -0.00143443     0.00143985    -0.00285000
 61    -0.00579698     0.04070373     0.02408033    -0.00295781    -0.01255341     0.00602143
 62    -0.00391638    -0.03142706     0.00392557     0.00256618     0.00686288    -0.00533414
 63     0.00733069    -0.01324278    -0.02044455     0.00081850     0.00740668    -0.00147741
 64     0.00570417    -0.02104735    -0.00793397     0.00086236     0.00323838     0.00255263
 65    -0.00530690     0.01960671     0.00761195    -0.00065637    -0.00200062    -0.00178921
 66    -0.00287051     0.00090008    -0.00008190    -0.00046032    -0.00126011    -0.00117666
 67     0.00004049     0.00166832    -0.00913810     0.00051229    -0.00219163    -0.00083229
 68    -0.00804912     0.00580233     0.00484324    -0.00023369     0.00129728     0.00038794
 69     0.01364743    -0.01049149     0.00592033    -0.00030429     0.00099558     0.00031851
 70     0.00472761     0.00730669     0.02501169     0.00030248     0.00416612    -0.00062929
 71     0.00103664     0.00257174    -0.02007770    -0.00014616    -0.00185366     0.00005846
 72    -0.00829607    -0.01028645    -0.00526960    -0.00000254    -0.00267588     0.00029578
 73     0.04771790    -0.00558306    -0.05016494    -0.00160677    -0.00289144     0.00600817
 74    -0.01424796     0.00239804     0.03691165     0.00066985     0.00093459    -0.00236275
 75    -0.02762632     0.00531097    -0.00307283     0.00021624     0.00155507    -0.00297504
 76     0.01894212    -0.00682578    -0.01076017     0.00009267     0.00035462     0.00219678
 77    -0.00072547     0.02329984     0.01897149    -0.00001184    -0.00020670    -0.00095091
 78    -0.02087770    -0.01817445    -0.01168623     0.00004951    -0.00013619    -0.00117550
 79     0.02759066     0.02224156    -0.04704417    -0.00431833    -0.00150993     0.00111573
 80    -0.01270812    -0.02839276     0.02185049     0.00169298     0.00073588    -0.00052497
 81    -0.00734823     0.00480063     0.02197057     0.00236722     0.00102175    -0.00027505
 82     0.06478447     0.01127497     0.00466753    -0.00392729    -0.00083914    -0.01193661
 83    -0.04806651     0.00010335    -0.00563276     0.00248823     0.00041455     0.00454822
 84    -0.01408463    -0.00663588     0.00241074     0.00126990    -0.00076249     0.00508116
 85     0.01496380    -0.01704681    -0.04220308     0.00085660    -0.00077835     0.00091965
 86     0.00137942     0.02332154     0.02302454    -0.00042013     0.00033988    -0.00048934
 87    -0.01422698    -0.00129050     0.01751993    -0.00049200     0.00039318    -0.00043755
 88     0.03797163     0.00194968     0.00196406    -0.00196875    -0.00200934    -0.00227863
 89    -0.03487221     0.00327473     0.00771933     0.00081015     0.00110343     0.00128394
 90    -0.00492249    -0.00306783    -0.00785029     0.00124192     0.00131429     0.00117936
 91     0.00573461    -0.00131157     0.00592774     0.00194347     0.00098548     0.00146494
 92    -0.00448663     0.00112171    -0.00432616    -0.00088248    -0.00060203    -0.00071510
 93     0.00272535    -0.00018945     0.00257056    -0.00086572    -0.00039539    -0.00078095
 94     0.02888494    -0.00504612    -0.00140806    -0.00099337    -0.00213523    -0.00027938
 95    -0.02145844     0.00741424    -0.00113174     0.00055763     0.00095969     0.00015340
 96    -0.00647135    -0.00335118     0.00299420     0.00060175     0.00130232     0.00009316
 97     0.00298683    -0.00401507     0.00450394     0.00286348     0.00042037    -0.00047992
 98     0.00079759     0.00192428     0.00340907    -0.00150983    -0.00004325     0.00025895
 99    -0.00849260     0.00264459    -0.00544324    -0.00161532    -0.00033457     0.00040107
100    -0.03548494     0.00602297     0.00235028    -0.00098161    -0.00354106     0.00267404
101     0.03044734    -0.01401197    -0.00326078     0.00083291     0.00172456    -0.00142998
102     0.00402589     0.00523651    -0.00593144     0.00042340     0.00236573    -0.00171457
103     0.00756954     0.00013915    -0.01631273    -0.00098150    -0.00332216    -0.00224450
104     0.00336074     0.00939949     0.01483980     0.00033148     0.00130600     0.00102061
105    -0.00854424    -0.00655510    -0.00463252     0.00031467     0.00204569     0.00134798
106     0.02066420    -0.02985407     0.04304225     0.00257215    -0.00230382     0.00044606
107    -0.01721818     0.01025057    -0.04888864    -0.00110818     0.00096682    -0.00034964
108    -0.00669632     0.01722594     0.00651486    -0.00170679     0.00132631    -0.00031657
109     0.00411801     0.00168743    -0.03009377     0.00165592    -0.00010660     0.00121582
110     0.01224491    -0.00657334     0.01107692    -0.00103051     0.00006648    -0.00072973
111    -0.01127132    -0.00001744     0.00917688    -0.00081532     0.00004293    -0.00049476
112    -0.00659224    -0.00579701     0.03218648    -0.00018013    -0.00184390    -0.00179888
113     0.00567361     0.00735081    -0.02685844     0.00005555     0.00077166     0.00089739
114    -0.00094907    -0.00165653    -0.00124478    -0.00001594     0.00094430     0.00081044
115    -0.00137919     0.01324242     0.00283718     0.00033505    -0.00179914    -0.00128367
116     0.00075782    -0.00139007     0.00631070    -0.00016373     0.00074836     0.00053551
117    -0.00010617    -0.00803901    -0.01311152    -0.00021080     0.00102607     0.00059313
118    -0.00540454    -0.01809544     0.00111881     0.00033822     0.00143773     0.00585528
119     0.01538888     0.01214832     0.00860634    -0.00028921    -0.00056155    -0.00225430
120    -0.00196935    -0.00342087    -0.00614018    -0.00005305    -0.00024111    -0.00300296
121     0.02765427    -0.00647722     0.03549111     0.00264155     0.00248647    -0.00387705
122    -0.02789159    -0.00229743    -0.02979052    -0.00157994    -0.00133176     0.00160998
123    -0.00159067     0.00616844    -0.00464749    -0.00164069    -0.00101290     0.00239038
124     0.01693322     0.00160938     0.00100422    -0.00442115     0.00018480     0.00053577
125    -0.01079310     0.00168362    -0.00004782     0.00261251    -0.00031325    -0.00057712
126    -0.00319192    -0.00130960     0.00041217     0.00218983     0.00021071    -0.00036805
127    -0.00052848     0.03488040     0.03238326    -0.00315651    -0.01672837    -0.02000081
128    -0.00323648    -0.01701307    -0.03744921     0.00215244     0.00821296     0.00889735
129     0.00731602    -0.01042355     0.01022014     0.00231671     0.00372309     0.00872985
130     0.00430957     0.03140459    -0.02044138     0.00017083    -0.00164626     0.00130080
131    -0.00221947    -0.01437727    -0.00114336    -0.00002343     0.00089306    -0.00078842
132    -0.00591438    -0.01775171     0.02383302    -0.00006022     0.00068178    -0.00057515
133     0.02477154    -0.02629325     0.00829796     0.00373220     0.00115255     0.00241982
134    -0.01075206     0.01535615    -0.00369033    -0.00218917    -0.00101162    -0.00142278
135    -0.00989388    -0.00173916    -0.00842316    -0.00142371    -0.00054826    -0.00096271
136    -0.02123442     0.00187274     0.00757937     0.00180989    -0.00149174    -0.00025596
137     0.00563455    -0.00048969    -0.00396555    -0.00080846     0.00079897     0.00018128
138     0.01601362    -0.00026061    -0.00236338    -0.00105837     0.00091054     0.00005653
139    -0.01489536     0.03580300     0.00478489     0.00553724    -0.00312384     0.00168532
140     0.00318195    -0.04586192    -0.01152740    -0.00344845     0.00122286    -0.00121848
141     0.02090450     0.01107310     0.00777014    -0.00329111     0.00246517    -0.00072303
142    -0.00991230     0.04094191     0.00796795     0.00176896    -0.00032216    -0.00008437
143     0.00637819    -0.00763696     0.00168099    -0.00105200     0.00017067     0.00008994
144    -0.00146030    -0.03518897    -0.01148486    -0.00082642     0.00021867     0.00006158
145     0.00499096     0.02087214     0.01176308     0.00114662    -0.00557514     0.00300755
146     0.00236059    -0.00952110    -0.00044020    -0.00036354     0.00390771    -0.00196966
147    -0.00795663    -0.00245886    -0.00414805    -0.00054200     0.00256096    -0.00091594
148     0.00945389    -0.00905973     0.03118563    -0.00804493     0.00882813    -0.00187469
149    -0.00504498     0.01206042    -0.00684798     0.00612678    -0.00487391     0.00044824
150    -0.00402076     0.00066582    -0.02310892     0.00360478    -0.00334090     0.00184421
151    -0.00020696     0.00323478     0.00490629     0.00161275    -0.00073196    -0.00014474
152    -0.00308056    -0.00383775    -0.00267819    -0.00074669     0.00041767     0.00008882
153    -0.00155103    -0.00115057    -0.00055582    -0.00084367     0.00038464    -0.00000632
154     0.03427214     0.01200285    -0.05543597    -0.00426490     0.00401564     0.00228481
155     0.01145495    -0.00316276     0.05521731     0.00234153    -0.00214833    -0.00060570
156    -0.04276531    -0.00851157     0.00145089     0.00198065    -0.00267633    -0.00147767
157    -0.00349029     0.00966446    -0.01009452     0.00159088    -0.00133066     0.00069459
158     0.00452419     0.00410797     0.01085323    -0.00076981     0.00058101    -0.00041565
159    -0.00030187    -0.01305579     0.00193366    -0.00067058     0.00067168    -0.00032392
160    -0.01220107    -0.00948124     0.02400936     0.01301163     0.00195489    -0.00287221
161     0.00840983     0.00070922    -0.01554194    -0.00590003    -0.00022700     0.00002636
162     0.00422873     0.01148734    -0.01234563    -0.00767855    -0.00287108     0.00101962
163     0.00578325    -0.01831579     0.01425001     0.00111634    -0.00032376     0.00092573
164    -0.00037335    -0.00253012    -0.00347811    -0.00049872     0.00011277    -0.00044676
165    -0.00776641     0.01837779    -0.01229066    -0.00065978     0.00015278    -0.00052127
166     0.00439231    -0.00925434    -0.00149136     0.00187721     0.00047528     0.00085718
167    -0.01135274     0.00756436     0.01079907    -0.00098119    -0.00033531    -0.00052091
168     0.00577548     0.00354006    -0.01306544    -0.00097645    -0.00027175    -0.00033954
169    -0.01110700     0.01353135    -0.02411312    -0.00633532    -0.00279946     0.01575997
170    -0.00233070    -0.01062784     0.01400721     0.00177894     0.00157477    -0.00531673
171     0.00918841    -0.00953622     0.00741462     0.00429470     0.00101139    -0.00582913
172    -0.02071675     0.00071044    -0.00757165     0.00172231    -0.00089601     0.00033116
173     0.00218413    -0.00339063     0.00737667    -0.00073925     0.00036608    -0.00017191
174     0.01798240     0.00377310    -0.00200914    -0.00087390     0.00054940    -0.00022385
175    -0.04113750     0.01682848    -0.03190034    -0.00424119    -0.00304727    -0.00053086
176     0.02859360    -0.01376751     0.03713636     0.00226589     0.00193593    -0.00003329
177     0.00240289    -0.00351937    -0.00018468     0.00200307     0.00170431     0.00063080
178    -0.00207755    -0.00716640     0.00722472    -0.00403104    -0.00484803     0.00144594
179    -0.00393926    -0.00074950     0.00294580     0.00192685     0.00215055    -0.00121124
180     0.00750234     0.00518187    -0.00628632     0.00239129     0.00353979    -0.00085014
181     0.02431852    -0.00174150     0.00370920     0.00049151    -0.00062655    -0.00171400
182    -0.01457066    -0.00790430    -0.00841689    -0.00034805     0.00030804     0.00091554
183    -0.00845950     0.01118949     0.00821022    -0.00022941     0.00030091     0.00072268
184     0.00007151     0.00375574     0.00757543     0.00108033    -0.00318054     0.00481255
185    -0.00401000    -0.01049496    -0.01061877    -0.00059479     0.00203101    -0.00215866
186    -0.00136220    -0.00064201     0.00492850    -0.00047028     0.00115080    -0.00181416
187    -0.01743853    -0.00162498     0.01989926     0.00306322    -0.00038842     0.00168397
188    -0.00513549     0.02128879    -0.00053951    -0.00178164     0.00000623    -0.00091656
189     0.02386530    -0.01780925    -0.02134246    -0.00152964     0.00026869    -0.00063575
190    -0.02329822     0.01626704     0.01964106     0.00234763     0.00311865     0.00122952
191     0.00754377     0.00070064    -0.02397792    -0.00132961    -0.00161320    -0.00037771
192     0.02242731    -0.02092979     0.00252860    -0.00089929    -0.00162245    -0.00055168
193     0.01655491     0.01782823    -0.02018140     0.00488281     0.00404422     0.00353633
194    -0.00743422     0.01305882     0.00769308    -0.00212637    -0.00221063    -0.00239846
195    -0.02032972    -0.02493703     0.00920615    -0.00183150    -0.00181905    -0.00116021
196     0.04997498    -0.00352697     0.01473430     0.00179025     0.00000076     0.00018993
197    -0.00429184    -0.00099916    -0.00491194    -0.00092817     0.00006906    -0.00005036
198    -0.04421516     0.00857428    -0.00281319    -0.00075056     0.00000318    -0.00008111
199    -0.02175461    -0.00435888    -0.00074573    -0.00048017    -0.00319161     0.00089338
200     0.01939855     0.00300693    -0.00479754     0.00006823     0.00177745    -0.00041279
201     0.00357679     0.00400324     0.00886790     0.00028781     0.00164344    -0.00068199
202     0.00184530     0.01065463     0.02588750     0.00226434     0.00052246     0.00023013
203     0.00661889    -0.00505604     0.00155398    -0.00103664    -0.00014952    -0.00012029
204    -0.01053935    -0.00571243    -0.02744015    -0.00124446    -0.00026349    -0.00000826
205     0.02406259     0.00730230    -0.01018395    -0.00296614    -0.00315211     0.00337538
206    -0.02123675    -0.00413479     0.01864064     0.00115781     0.00112736    -0.00149658
207    -0.00328603    -0.00269205    -0.00688263     0.00159748     0.00183033    -0.00243694
208    -0.02567622    -0.01328232     0.01843381     0.00033634    -0.00187269     0.00082422
209    -0.00310863    -0.00724829    -0.00127182    -0.00014910     0.00092840    -0.00051951
210     0.02800427     0.01682514    -0.01927527    -0.00027345     0.00104046    -0.00042956
211    -0.00287988     0.00603881    -0.01008019     0.00136072    -0.00201319    -0.00058841
212    -0.00261771    -0.00722305     0.00050717    -0.00053832     0.00092356     0.00021966
213     0.00462299    -0.00117512     0.00828688    -0.00064093     0.00095687     0.00041207
214    -0.00797138    -0.01427829     0.01140564     0.00120667    -0.00106522    -0.00162848
215     0.00917779     0.00846627    -0.00567446    -0.00058138     0.00066724     0.00091541
216    -0.00406625     0.00179080    -0.00291983    -0.00062488     0.00044828     0.00090368
217     0.00182115     0.01046892     0.00488301     0.00045722    -0.00014436     0.00228410
218    -0.00329315    -0.00128845    -0.00142779    -0.00016439    -0.00002794    -0.00114602
219    -0.00048938    -0.00818808    -0.00599415    -0.00029703     0.00003359    -0.00102583
220    -0.00448373    -0.01559554    -0.01462349     0.00308775    -0.00056768    -0.00036688
221     0.00378661     0.01736939     0.01377448    -0.00151877     0.00043651     0.00031025
222     0.00132020     0.00324926    -0.00505685    -0.00162275     0.00036741     0.00000526
223    -0.00503174    -0.01439046     0.00465981     0.00426790     0.01800564    -0.00696356
224     0.00545621     0.01473969    -0.00303910    -0.00193572    -0.00997466     0.00621199
225    -0.00701770     0.00676389    -0.00714296    -0.00386910    -0.00742961     0.00155388
226     0.00126404     0.00200583    -0.01193536    -0.00203439     0.00197109     0.00278708
227     0.01424356     0.00167059     0.00716344     0.00125240    -0.00115503    -0.00128330
228    -0.01658981    -0.00000132     0.00346932     0.00093785    -0.00124233    -0.00172088
229    -0.02660144    -0.00457472     0.01227275     0.00126261    -0.00163625    -0.00119067
230     0.02019173     0.01033839    -0.01246381    -0.00066306     0.00069565     0.00059527
231     0.00192785    -0.00575904     0.00235780    -0.00063206     0.00091369     0.00076138
232    -0.00399357     0.00752675     0.01740369     0.00116850     0.00369400    -0.00185925
233    -0.00229839     0.00113452     0.00090221    -0.00048196    -0.00198875     0.00129590
234     0.00996824    -0.00681096    -0.01630536    -0.00043000    -0.00201386     0.00072015
235    -0.02935231    -0.00852805    -0.03089889     0.00007650    -0.00153311     0.00036876
236     0.02682774    -0.00300728     0.01975416     0.00002108     0.00083085    -0.00017045
237    -0.00035425     0.01663004     0.00981482    -0.00007311     0.00082231    -0.00025351
238     0.01073064     0.00958334     0.01280555    -0.00087144    -0.00103069     0.00322185
239    -0.00645483    -0.00235072     0.00567255     0.00025493     0.00060799    -0.00152346
240    -0.00455606    -0.00509411    -0.00114434     0.00035098     0.00032539    -0.00169451
241     0.00232028     0.00593733    -0.00353507    -0.00036839    -0.00181471     0.00184929
242    -0.00328389    -0.00670777     0.01185525     0.00026051     0.00117524    -0.00108360
243     0.00655748     0.00417280    -0.00129632     0.00026863     0.00080771    -0.00080802
244    -0.02282872     0.00261192    -0.01114730     0.00082820    -0.00146825    -0.00690833
245     0.00454234    -0.00161727    -0.00377477     0.00005580     0.00088621     0.00461167
246     0.01387794     0.00315152     0.01644395    -0.00005760     0.00049683     0.00268958
247     0.00399964    -0.01201246    -0.00559640    -0.00133013     0.00842118    -0.00001442
248     0.00365080     0.00359554     0.00140410     0.00017768    -0.00542678     0.00055518
249    -0.00698674     0.00304129    -0.00057504     0.00153308    -0.00429975     0.00028249
250     0.05410252     0.00797143    -0.01843818     0.00164277     0.00176375     0.00158035
251    -0.00661678     0.00233477    -0.00588760    -0.00092233    -0.00107758    -0.00074273
252    -0.04469150    -0.00837780     0.02588059    -0.00075684    -0.00093409    -0.00095242
253     0.02400406    -0.00066959    -0.03529892    -0.00175181    -0.00189826     0.00063153
254     0.00362477    -0.00254108     0.00548064     0.00078215     0.00094166    -0.00042385
255    -0.02433572     0.00061639     0.02943162     0.00092726     0.00115619    -0.00024786
256     0.01523775     0.00494395    -0.03218580     0.00033639    -0.00191773     0.00007524
257    -0.00282090    -0.00082773     0.00186908    -0.00010417     0.00089394     0.00001606
258    -0.00940746    -0.00488631     0.02657750    -0.00012822     0.00094935    -0.00011583
259     0.00494812    -0.00430773     0.02372960     0.00256580    -0.00130079    -0.00090340
260    -0.00770854     0.00023807    -0.01460993    -0.00120010     0.00065794     0.00027819
261     0.00314033    -0.00079798    -0.00737327    -0.00107240     0.00049618     0.00043455
262     0.01580415    -0.01501889    -0.00997999     0.00001399     0.00298237     0.00045406
263    -0.00678351    -0.00407220     0.01041051     0.00005765    -0.00171313    -0.00041335
264    -0.00890460     0.01517378     0.00397090     0.00006765    -0.00124780    -0.00020612
265     0.00976607     0.00703217     0.00144012    -0.00007485    -0.00043571     0.00203060
266     0.00637509     0.00564586     0.00152040     0.00004021     0.00032996    -0.00104161
267    -0.01560128    -0.01062703    -0.00593833    -0.00005721     0.00018134    -0.00101648
268    -0.01171978     0.00487768    -0.04442959     0.00104266     0.00502900    -0.00539715
269     0.01355244     0.00176400    -0.00211119    -0.00098616    -0.00204158     0.00259412
270     0.00213601    -0.00361984     0.04854241    -0.00079335    -0.00368811     0.00301732
271     0.01627612    -0.01336535     0.00424964     0.00332251     0.00345793    -0.00031363
272     0.00810266    -0.00238815     0.00495617    -0.00144220    -0.00160935     0.00043343
273    -0.02015949     0.01818479    -0.00779261    -0.00164466    -0.00133157     0.00006314
274    -0.02040639     0.01529096    -0.01136019     0.00363634     0.00032037    -0.00599760
275     0.01201363    -0.00128371     0.00625351    -0.00138578     0.00013944     0.00348764
276     0.00557071    -0.01624208     0.00850244    -0.00232674     0.00023842     0.00287491
277    -0.01463729     0.02193120     0.00723004    -0.00226972    -0.00136724     0.00092117
278     0.00434858    -0.00249053     0.00238431     0.00100322     0.00054589    -0.00033314
279     0.00725520    -0.02079951    -0.00938314     0.00107906     0.00082313    -0.00041316
280     0.01073713    -0.00452763    -0.03976906     0.00163422    -0.00306644     0.00018588
281    -0.01080410     0.00611637     0.02932747    -0.00076464     0.00138165     0.00009654
282     0.00542944     0.00070918     0.00277792    -0.00107817     0.00154537    -0.00015842
283    -0.00097968    -0.00760026     0.00734457     0.00106631    -0.00224922     0.00083990
284    -0.00408008     0.01098943     0.00042247    -0.00067235     0.00119820    -0.00057261
285     0.00406493     0.00390253    -0.00061201    -0.00058834     0.00128476    -0.00032093
286    -0.00077963    -0.01211489     0.01467902    -0.00265847    -0.00087610    -0.00239162
287     0.00692087    -0.00259964    -0.00964694     0.00141917     0.00041355     0.00097806
288    -0.00500245     0.00759727    -0.00370568     0.00123575     0.00065852     0.00119288
289     0.01589802     0.01885790    -0.00197330    -0.00038423     0.00355621     0.00171545
290     0.00902207     0.00569354     0.00512636     0.00000645    -0.00181089    -0.00109044
291    -0.01853114    -0.01324705    -0.00038741     0.00046692    -0.00201157    -0.00104820
292    -0.04067863    -0.02299022     0.02409117     0.00113806     0.00169219     0.00242577
293     0.01539220     0.00511033    -0.00752434    -0.00064355    -0.00068984    -0.00129094
294     0.01708510     0.02593359    -0.01667252    -0.00039950    -0.00082505    -0.00130877
295    -0.00322365    -0.01941283     0.03151807     0.00031308    -0.00366955    -0.00078775
296    -0.01422088    -0.01131402    -0.00093141     0.00005993     0.00170475     0.00037093
297     0.00770581     0.03339174    -0.02879323    -0.00020693     0.00200484     0.00067832
298     0.00082184     0.02082927     0.03965168     0.00047856    -0.00064225     0.00418581
299    -0.00873861    -0.00391327    -0.03504684    -0.00023073     0.00019521    -0.00163560
300     0.00704327    -0.01409760    -0.00347688    -0.00038070     0.00058143    -0.00208004
301     0.01889593    -0.00508526     0.00241793    -0.00049007    -0.00056630    -0.00369086
302    -0.01088898     0.00362907    -0.00158946     0.00004734     0.00031208     0.00164309
303    -0.00482912    -0.00147512    -0.00309291     0.00038817     0.00044770     0.00174907
304    -0.00166947     0.00022318    -0.00082144    -0.00156331    -0.00337073     0.00034817
305     0.00177272    -0.01175619    -0.00127631     0.00061541     0.00178999    -0.00032648
306    -0.00517083     0.01154740    -0.00065540     0.00113067     0.00198935    -0.00027479
307    -0.01757191    -0.00609968    -0.00044830     0.00096166     0.00004226     0.00191567
308    -0.00083985    -0.00646506     0.00184500    -0.00056557     0.00007075    -0.00106138
309     0.01886689     0.01032607    -0.00286679    -0.00054638    -0.00007720    -0.00090236
310     0.03285046     0.01538116    -0.02040095     0.00295907    -0.00301902    -0.00125419
311    -0.03303359    -0.01592112     0.01777768    -0.00146917     0.00115107     0.00062726
312     0.00022861     0.00518129     0.00684656    -0.00109158     0.00132531     0.00054858
313     0.02753084     0.01077172     0.01200911    -0.00138061     0.00270367    -0.00598383
314    -0.03035663    -0.01572296    -0.01040841     0.00023045    -0.00183688     0.00302402
315     0.00072466     0.00208981     0.00114944     0.00046188    -0.00089717     0.00230397
316    -0.02339679     0.01116797    -0.01397969    -0.00077025    -0.00135243     0.00134661
317     0.01553857    -0.00637214     0.00247182     0.00040683     0.00056717    -0.00062514
318     0.00621186    -0.00515815     0.00974120     0.00049667     0.00079691    -0.00070251
319     0.00832080    -0.01105372     0.00860841     0.00101696     0.00311478     0.00102997
320    -0.00784380     0.01071535    -0.00913936    -0.00051378    -0.00160165    -0.00076885
321    -0.00764566     0.00568113     0.00131278    -0.00033244    -0.00162258    -0.00042671
322     0.01231682    -0.00682472    -0.03704078     0.00185074    -0.00003327     0.00069927
323    -0.00377392    -0.01195420     0.02681916    -0.00095612     0.00000892    -0.00025882
324    -0.00536001     0.01606485     0.01225510    -0.00096199    -0.00007326    -0.00039522
325    -0.00753960     0.00007321    -0.00243202     0.00115100    -0.00053615    -0.00194078
326     0.01216810    -0.00689592    -0.00604580    -0.00064342     0.00021989     0.00117342
327    -0.00297699     0.00343469     0.00234688    -0.00054696     0.00018234     0.00083155
328    -0.01963798     0.01527868    -0.00493972    -0.00157594    -0.00124882     0.00237231
329    -0.00004569    -0.01210086    -0.00747815     0.00090130     0.00047812    -0.00119745
330     0.01848765    -0.00481498     0.00931933     0.00068539     0.00059649    -0.00135757
331    -0.00020794     0.03752298     0.02723815    -0.00648616    -0.00053057    -0.00181944
332     0.01756386    -0.02508686    -0.02465903     0.00292690    -0.00004922     0.00040980
333    -0.01553672    -0.01416964    -0.00251485     0.00250795     0.00048246     0.00079221
334     0.04660230     0.01697319    -0.01411645    -0.00995524    -0.01112785    -0.00258364
335    -0.03278721    -0.01963808     0.00397008     0.00533944     0.00754844     0.00326708
336    -0.01034569     0.00465202     0.00104775     0.00608979     0.00410923     0.00063449
337     0.02558070    -0.00704210    -0.00238463    -0.00315437    -0.00112501    -0.00093413
338    -0.00453250     0.01134594    -0.00775337     0.00164919     0.00079863     0.00037954
339    -0.01776888     0.00032997     0.00764574     0.00138997     0.00041007     0.00030712
340     0.00008690    -0.00110709    -0.02118916     0.00079232    -0.00117670     0.00094243
341    -0.00295628    -0.00998543    -0.00039992    -0.00042769     0.00051801    -0.00047936
342    -0.00226914     0.00609641     0.02532501    -0.00042893     0.00062398    -0.00041034
343     0.00303653    -0.03356004    -0.03031534     0.00260464     0.00161845     0.00019302
344     0.00575666     0.00264369     0.00906831    -0.00117402    -0.00068477    -0.00021230
345    -0.00917637     0.02577423     0.01826362    -0.00140193    -0.00068158     0.00000087
346    -0.01006642    -0.00224396    -0.04601731     0.00071252    -0.00429194     0.00058332
347    -0.00110135    -0.00174611     0.02995314    -0.00025124     0.00220673     0.00001063
348     0.01281627    -0.00261957     0.01162028    -0.00058550     0.00194328    -0.00020012
349    -0.00648538     0.01262023    -0.00982230    -0.00766657    -0.00180395     0.00529343
350     0.00178385    -0.03248972    -0.00631165     0.00357472    -0.00003470    -0.00229051
351     0.00612219     0.01646545     0.01085908     0.00335979     0.00111729    -0.00162285
352    -0.00162942     0.01912264     0.02804870    -0.00530943     0.00141266     0.00294582
353     0.00058798    -0.00766257    -0.02493964     0.00195920    -0.00056782    -0.00139860
354    -0.00294500    -0.00397044     0.00120393     0.00269025    -0.00130073    -0.00142076
355    -0.01170391    -0.01666613    -0.01447888     0.00910684    -0.00012615     0.00352919
356    -0.00158564     0.01135506     0.01121569    -0.00330949    -0.00033848    -0.00144716
357     0.01130428     0.00523274     0.00745440    -0.00547788    -0.00006331    -0.00328171
358    -0.00135202     0.00331885     0.01092442     0.00056068    -0.00540042    -0.00312533
359    -0.00509003    -0.00567608    -0.00353391    -0.00043183     0.00373828     0.00160362
360     0.00414426     0.00188911    -0.01026096    -0.00060617     0.00261674     0.00205240
361    -0.00010681     0.00396604     0.00224522    -0.00029688    -0.00195534     0.00023318
362     0.00190087    -0.00658459    -0.00654681     0.00019998     0.00113567    -0.00020027
363     0.00261535     0.00347861     0.00624291     0.00020083     0.00096249    -0.00004102
364    -0.02077931     0.01235798     0.01892204     0.00064316    -0.00171371    -0.00026263
365    -0.00239036     0.00035620     0.00547762    -0.00026134     0.00072782     0.00011280
366     0.02252075    -0.00937530    -0.02298648    -0.00029487     0.00094581     0.00007225
367    -0.01867500     0.00666077    -0.02980465     0.00233492    -0.00125240     0.00190213
368    -0.00311089    -0.01258446     0.01443871    -0.00138054     0.00051171    -0.00095988
369     0.02095998     0.00299658     0.01811206    -0.00136672     0.00092333    -0.00113039
370    -0.02470034     0.02190686    -0.02721154     0.00217588    -0.00391913    -0.00523525
371     0.02034754    -0.03102548     0.02036904    -0.00085017     0.00157983     0.00309826
372     0.00054765     0.00144544    -0.00101948    -0.00193009     0.00222184     0.00294903
373    -0.01477152    -0.02404228     0.01100729    -0.00201325     0.00680007     0.00423746
374     0.00894217     0.01764104    -0.02152941     0.00075413    -0.00359697    -0.00139816
375     0.00395410    -0.00618955     0.00242712     0.00133963    -0.00472225    -0.00335970
376    -0.00242381    -0.00597894    -0.02033233     0.00265640     0.00017402     0.00329287
377    -0.00664448     0.00087521     0.00696180    -0.00156832    -0.00022306    -0.00150549
378     0.00477119     0.00756296     0.01295505    -0.00161907     0.00016879    -0.00204060
379     0.00009834    -0.02652551     0.00603602     0.00074823    -0.00161636     0.00161983
380     0.01271942     0.01604838    -0.00399102    -0.00036786     0.00070956    -0.00065105
381    -0.00773118     0.00897039    -0.00509722    -0.00025554     0.00082554    -0.00075827
382    -0.02580135     0.00055843     0.02778714     0.00232213     0.00268322    -0.00164536
383     0.00060301    -0.01386790    -0.00174036    -0.00098856    -0.00155450     0.00081773
384     0.02192717     0.01174753    -0.02428862    -0.00091921    -0.00104975     0.00071259
385    -0.04277600    -0.01998687     0.00757800     0.00306846    -0.00098280     0.00056337
386     0.02383873     0.02248172    -0.00537793    -0.00177707     0.00074861    -0.00041073
387     0.01649322    -0.00322835     0.00328243    -0.00126033     0.00050387    -0.00020544
388    -0.00017688     0.02816703    -0.00474519     0.00078619    -0.00133779     0.00242831
389     0.00744028    -0.01895149    -0.00168525    -0.00040279     0.00072402    -0.00104288
390    -0.00864714    -0.01021579     0.00849082    -0.00053995     0.00057902    -0.00124637
391     0.00356447    -0.01040190    -0.01639972    -0.00317720    -0.00426350    -0.00218320
392    -0.00582879     0.01048875     0.00811356     0.00110685     0.00205559     0.00111439
393     0.00371786    -0.00155067     0.00373361     0.00223770     0.00305422     0.00144128
394    -0.00913452     0.01083282    -0.02199060     0.00185879    -0.00266301     0.00210739
395     0.01056919    -0.00641084     0.01081491    -0.00101270     0.00181849    -0.00127662
396     0.00014101    -0.00996122     0.00377926    -0.00070778     0.00112789    -0.00107561
397    -0.01892973    -0.00888430     0.03546239     0.00739919    -0.00743634    -0.00133454
398     0.00221818     0.01726269    -0.02366569    -0.00435519     0.00356961     0.00178521
399     0.01619327    -0.01749022    -0.01335177    -0.00246893     0.00263533     0.00062466
400     0.00862992     0.00008531    -0.02677103     0.00208918     0.00497226     0.00653207
401     0.00214018    -0.00857804     0.04387452    -0.00086719    -0.00175176    -0.00350704
402    -0.00198727     0.01705906    -0.01287953    -0.00118858    -0.00369663    -0.00475849
403     0.02300257     0.01306419    -0.01570843    -0.00221676     0.00073818     0.00230323
404    -0.00588207     0.00011153     0.00991984     0.00086666    -0.00028242    -0.00098764
405    -0.01568800    -0.02044831     0.00226620     0.00108984    -0.00059085    -0.00126892
406     0.00328779     0.01241485     0.03252730    -0.00526773    -0.00035201    -0.00531016
407    -0.01332074    -0.00792692    -0.01271086     0.00198878     0.00040317     0.00201021
408     0.00339331    -0.00255951    -0.01528203     0.00333132     0.00017454     0.00229250
409    -0.00493930     0.01269080    -0.01853973     0.00020597     0.00145638     0.00273118
410     0.01076484    -0.00679990     0.01423782     0.00004094    -0.00091100    -0.00150866
411    -0.00529953    -0.00413657     0.00522996    -0.00009228    -0.00056822    -0.00144830
412    -0.01381704     0.00968469     0.01965691     0.00148048    -0.00007712    -0.00294939
413     0.00065824     0.00086886    -0.00315769    -0.00068502    -0.00014570     0.00139145
414     0.01204342     0.00020743    -0.01745044    -0.00098254     0.00005615     0.00193010
415     0.01073011    -0.00716312    -0.00102067    -0.00004474    -0.00123494     0.00240835
416    -0.00960449     0.01269194     0.00058877    -0.00011961     0.00062801    -0.00115642
417    -0.00760277    -0.00570728    -0.00128329     0.00008655     0.00072328    -0.00112053
