 Number of water molecules:
         139

 Atomic and electronic energies:
    -2.07918852    -0.11845959

 Atomic coordinates:
  1     9.91132278     4.25300448    11.17835088
  2    11.59186460     3.30411740    10.55594107
  3     8.97282736     4.54109072     9.59864466
  4    -4.26663652    10.72942282     9.71527021
  5    -3.44649960     8.93815718     9.71096263
  6    -3.15257512    11.82699952     8.53754113
  7     3.79508154     7.23830679     9.41017416
  8     4.02606496     6.00013747    10.84502522
  9     4.57504859     6.38252643     7.87253818
 10    -9.20968577     7.28283023    -8.23494560
 11    -9.98652310     5.71332605    -9.18278287
 12    -8.14567831     8.19986859    -9.54268630
 13    -6.76740841   -11.16523257    -6.45175617
 14    -7.33873570   -10.16880127    -7.90196325
 15    -8.45523497   -11.46933443    -5.53359797
 16   -11.48829854     1.60182020     7.20071944
 17   -11.13122684     3.47283071     7.54975214
 18   -11.79578512     1.29784847     5.29147189
 19     3.98990823     8.60574558   -15.78104725
 20     4.57435791     8.80229647   -13.95476220
 21     3.78372105    10.34479869   -16.53195400
 22     8.54790984     7.30898282    -6.51450575
 23     9.47756346     8.30533723    -5.07371803
 24     7.29885802     6.20001694    -5.43518676
 25     1.83007289    -7.25001838   -14.67795813
 26     1.42886715    -6.13168074   -13.17024620
 27     1.10791972    -9.05600289   -14.44781805
 28    -3.93844348     6.48278450     1.58193632
 29    -3.21697105     5.82235075    -0.01300193
 30    -4.88135235     4.88671982     2.18273892
 31     4.29527608    -0.66177018     9.85156052
 32     5.91900193    -1.36301665     9.14870491
 33     3.20739249    -0.03420704     8.43275281
 34     3.03423177     9.43341153    -2.83030575
 35     3.34876983     9.37040083    -0.89577288
 36     3.74166495    11.11393090    -3.44035677
 37    -6.65606894     3.48552334    18.04683300
 38    -5.57187610     1.76122761    17.93687716
 39    -8.29353219     3.10940814    17.32562361
 40    13.05236563    -6.20093745     8.00257078
 41    11.52710938    -5.09667506     8.02070702
 42    14.64130735    -5.22986128     8.60162501
 43   -14.32026336    -5.43997869     7.64618526
 44   -15.83521569    -4.83092339     6.66701239
 45   -14.14016408    -4.36900483     9.17749192
 46     9.37140817   -13.76947868     4.93955446
 47     7.90557073   -12.89742598     4.11458674
 48     9.59445765   -15.53559580     4.10909506
 49     2.49060556     1.72593877    -6.07503861
 50     3.40608664     3.11039498    -5.09255308
 51     0.65119100     2.21029886    -6.09178927
 52     1.11798579     3.69012825     2.16172367
 53     0.31671092     5.37684669     2.33934012
 54     0.32133421     3.12996467     0.47273794
 55    -2.03965183    -3.80954594    -3.73894774
 56    -0.17439000    -3.55507010    -3.94825969
 57    -2.83303147    -2.33656109    -4.68691175
 58     1.32542873     0.39652543     5.91812759
 59     1.10362465     1.52457196     4.40478348
 60    -0.14169153    -0.82876192     6.13005099
 61    -3.69877112    -2.53940025     1.33964136
 62    -4.28509772    -0.79655079     1.69555382
 63    -3.21179427    -2.71471271    -0.50949671
 64    -1.27142143    14.18045528     6.33224872
 65    -1.39529983    12.72774533     5.06638875
 66    -0.07624795    13.75056381     7.79370004
 67     1.93935838   -12.39439806    -9.34953401
 68     0.57235977   -11.91578096    -8.08266002
 69     3.17199061   -13.51946165    -8.34154605
 70    -3.73961021    16.79117122    -4.23655243
 71    -3.99835431    17.91858047    -2.62524438
 72    -4.14780026    14.92552186    -3.74471386
 73    -6.27256150    -0.54946291     7.98244184
 74    -7.08500618    -0.63553756     9.72841952
 75    -4.76982207    -1.65876219     8.13400631
 76    -2.87111215     6.97444311    16.92159543
 77    -3.07686753     8.65632766    17.72858549
 78    -4.29761246     5.99358230    17.74052385
 79   -15.64938793    -0.26918593    -0.22635444
 80   -16.59887561    -1.22026646     1.16984810
 81   -16.11512505    -1.01967506    -1.86467491
 82    -5.36896951     3.03023908   -10.91324141
 83    -7.23852587     2.81985705   -10.65652627
 84    -5.12228919     4.86238709   -11.39238641
 85    11.22747905    -9.41091732    11.56336489
 86    12.05198159    -8.72500338    13.13901306
 87    11.97871349    -8.25408117    10.14197736
 88   -13.19878464    -5.13838786   -12.29297535
 89   -12.79200195    -6.33799388   -13.67837708
 90   -12.09368611    -5.53791243   -10.81953667
 91    10.22059767     9.34294488     7.21383216
 92     9.05618132    10.84340747     7.51970195
 93    10.52608479     8.46727354     8.84817915
 94   -11.26315904   -12.19189450    -4.36705709
 95   -13.23032080   -12.36933513    -4.69968247
 96   -11.10431220   -11.30689168    -2.71502374
 97    12.42296831     4.13422946    -5.03357353
 98    11.51476816     2.42410122    -4.88078331
 99    11.20384005     5.20752286    -6.09414372
100    -6.04115850    -5.87366607     4.63385894
101    -7.68430840    -4.92299791     4.53135563
102    -4.95480769    -4.88500356     3.40175297
103    -6.24670163    -8.17019486   -10.81620110
104    -5.42566561    -8.90464764   -12.44924140
105    -4.71006726    -7.48164330    -9.83513531
106     9.07807132    -7.14928886    -0.21765004
107     9.81339584    -7.77949952     1.53413301
108     8.34884248    -5.37971956     0.05554945
109    13.97242793     1.49741391     8.56748785
110    12.93930350     1.23502721     7.00987353
111    15.44136266     2.46639532     7.85155061
112    -3.98748326   -10.08067747   -15.12773895
113    -3.54624227    -9.22535255   -16.74632110
114    -2.63515379   -11.30345606   -14.46917854
115     0.51173730   -12.30816815   -14.15221086
116     0.91810058   -13.90529647   -15.19380639
117     0.69035564   -12.63154285   -12.27724664
118    -1.35647498     6.51254093     9.40248051
119     0.47257661     6.89862583     9.74245664
120    -1.61544301     4.60423123     9.83647299
121     4.64824734     8.33033911    -9.96885066
122     6.15551525     8.00216021    -8.74383602
123     4.13460809     6.48891503   -10.57522375
124   -15.07839461     4.28698101    -2.40142888
125   -14.84791780     5.61861124    -0.98985249
126   -15.91029449     2.86947213    -1.44806479
127    -4.55899827     0.17248299    -6.21567233
128    -4.19172400     1.52322543    -4.87365590
129    -4.69132015     1.22246964    -7.85215562
130    -2.10723680   -12.29766783     9.49213663
131    -3.28781616   -10.76075707     9.15808358
132    -2.48138111   -13.51392804     8.06661080
133     8.19523427     7.42134243     2.35616138
134     6.45840025     8.26472968     2.45228519
135     9.11867930     7.71767713     3.94292170
136    11.50570921    -8.05171685    -4.55271449
137    10.39989985    -9.32665656    -5.50800103
138    10.58790905    -7.84514388    -2.84530191
139     6.80611339    -2.17015445     0.05592405
140     6.54292506    -0.28329143     0.43006122
141     5.72880256    -2.65646773    -1.47713427
142    16.42164468     0.39576808    -3.24542836
143    15.22805421     1.25378374    -4.40992110
144    16.08408352    -1.49642618    -3.64068526
145     0.12914356    -5.68462378     2.84943097
146    -1.17997146    -4.39364525     2.30701260
147     0.06152641    -7.14089785     1.63720235
148    -8.61478901     8.30797217    -3.34471968
149    -8.03904629     6.47072131    -2.84221634
150    -9.02636343     8.07868233    -5.22491033
151    14.62206397    -4.38682372    -3.20260968
152    13.42563067    -5.83588850    -3.48590723
153    15.61056905    -4.86452527    -1.58593958
154   -11.00748697    10.42956041     0.48690086
155   -10.58120734     9.90785212    -1.35718507
156    -9.32534874    11.03017620     1.27483517
157    11.35608591    -9.10230569     3.91621429
158    11.94472731    -8.28295075     5.47642341
159    10.70809896   -10.83394668     4.42368666
160     5.38059875     4.91779350    -3.75311848
161     5.90608435     3.84864941    -2.21607436
162     4.21775863     6.27554495    -3.21484159
163    16.43073424    -2.76053437    10.43519833
164    18.05256335    -2.51193247     9.58129770
165    15.35165054    -1.17649376    10.15934260
166    14.27862029     7.66455675     4.63519975
167    13.19615458     8.72350316     5.88360062
168    14.23499056     8.58372626     2.98125182
169    -6.55901881     2.53490386     3.75247346
170    -6.34436457     1.69898501     5.49373052
171    -8.42578086     2.32560804     3.12513375
172    15.07611717    -5.51353251     1.67283732
173    15.68329439    -4.95035006     3.44064119
174    13.91180144    -7.04229175     1.97010455
175   -14.04271746    -6.73843533    -4.13215564
176   -12.98415101    -6.24777478    -2.60939734
177   -12.77279473    -7.10700919    -5.55155403
178   -10.60877051    -4.66720933    -0.33868473
179   -10.81308266    -3.62234097     1.25472102
180    -9.92094565    -3.68859394    -1.77237274
181     0.71491044    -3.56266618   -18.05764615
182     2.46458050    -2.92275146   -18.45354932
183     0.91053611    -5.02873351   -16.82189434
184    -1.76197965    -3.37300433     8.05813015
185    -1.89525533    -4.94040924     7.01707181
186    -0.91197315    -3.91683680     9.69787248
187    10.84749309     2.64693330     4.13978221
188    11.37351749     4.34799559     3.24608029
189    11.49933096     1.15461219     2.95534027
190     4.67128300    14.90983617     1.85191076
191     5.47714264    14.99411585     0.11194376
192     3.18958297    16.12330361     1.71301385
193     3.62343697     9.93340544     2.36586071
194     1.95069888     9.81827124     3.33801399
195     4.08808460    11.84334393     2.43529247
196    17.83764491     3.48023431     0.77546080
197    17.22398948     2.34744633    -0.64500071
198    19.14187109     4.68696778     0.01357154
199    -5.46185915   -10.45942859     1.84510408
200    -3.82483417   -10.14107591     0.89069879
201    -5.67374355    -9.01107834     3.04204997
202    14.13773470     6.70168412    -0.86039911
203    15.40243932     5.60080571     0.13182476
204    13.83178413     5.64195217    -2.55870295
205    -9.98137689    -3.03103943     4.86278046
206   -11.64302525    -3.89714891     5.27959986
207    -9.83610905    -1.70335974     6.25607442
208     0.67408295   -13.83644170     4.26653424
209     0.37898377   -12.20156586     3.41122527
210     2.57651918   -14.00105286     4.54972454
211     8.10937947   -10.93035558    -7.04333986
212     7.22036510   -12.61133272    -6.65891915
213     8.44952575   -10.75295925    -8.87458859
214     6.61371316    -5.35115944   -15.43505597
215     4.78290030    -5.99646037   -15.25827469
216     6.48460647    -3.83292263   -16.62055707
217     0.10554810     2.92713166    16.15214005
218    -0.74546303     4.64353895    16.24772914
219     1.81982634     3.29611420    15.43908126
220    10.82471085    -1.00593694    -5.10393760
221     9.86883545    -1.79134664    -6.51543766
222    11.74455545    -2.37645129    -4.28482189
223    -0.86996902     7.91813495    -5.54985260
224    -1.77264313     6.56577473    -4.55416012
225     0.58991164     8.47245828    -4.39163658
226    -9.38941493    10.79369359     7.21337684
227    -9.27455711    12.53430561     6.44154960
228    -7.95707902    10.69628510     8.57488969
229     7.75850797    -9.51306033   -12.16874821
230     7.78657958    -7.96109386   -13.30826051
231     6.13886203   -10.41774898   -12.61024722
232    -0.48418340    15.10700098    -8.14486829
233    -1.51244413    13.44974001    -8.42826373
234    -1.52255649    16.11207992    -6.84710786
235    -1.27391101   -16.90581171     0.80198232
236    -3.17280967   -16.76904391     0.90978819
237    -0.52952533   -16.09473514     2.37172446
238    -7.73881191    -1.13146666    13.25913222
239    -7.04079618    -2.91538782    13.39333955
240    -7.07361366     0.03703557    14.61164795
241    -5.49132307    -8.50838831     9.29029014
242    -5.41291884    -7.35112389     7.80783474
243    -7.37310596    -8.74425102     9.63997335
244    -0.81067546     0.73189427   -12.61660836
245    -2.55167635     1.25624651   -11.90412637
246    -0.83675335     1.01526259   -14.52823988
247    -4.62980642    11.84519718    -3.10907432
248    -3.15874892    10.99943694    -4.17162042
249    -6.15410865    10.63444245    -3.25706380
250     6.69453468    13.10800469     6.87057303
251     6.14248236    14.18846593     5.41944745
252     5.13969014    12.86786924     7.95432619
253   -16.15606000    -8.78915301     1.24598445
254   -16.58157025   -10.57698626     1.85214260
255   -14.27213959    -8.73799980     0.88337135
256     1.28757527   -14.95415570    -3.37713657
257     0.14787526   -13.53058375    -3.96806603
258     0.47488609   -15.65102372    -1.70084628
259    11.32810510    -5.16924709    -9.01842635
260    11.51831177    -5.99260892    -7.24381921
261    12.26351396    -6.36153707   -10.21042838
262    -4.50924694    18.52612879     1.04176442
263    -4.56513023    17.46129552     2.68127461
264    -6.15992503    19.40512467     0.96054419
265    -4.00747777    -0.52171471    17.44180967
266    -3.52254853    -2.08702872    16.48815856
267    -2.37927071     0.42638136    17.58482463
268    -0.31825326     9.85403594    -9.97274812
269     1.55407528     9.86400579   -10.24457751
270    -0.61248778     9.12874188    -8.16444100
271     6.92090341    13.62470605    -2.90093732
272     6.41245359    13.84902258    -4.68743097
273     8.41847908    12.40089042    -2.70171220
274     3.06133339     3.52522663   -10.91977719
275     1.48780166     2.65580052   -11.54036447
276     3.32346365     2.67591686    -9.14490050
277   -17.69158355    -4.31839158     3.16617175
278   -19.43519210    -4.94231760     2.60051520
279   -16.63330293    -5.81303017     2.72299283
280     4.70188848    -9.26101904    -1.85333407
281     4.99205985   -10.16654979    -3.53237991
282     6.32894683    -8.23793214    -1.53814428
283     5.45131961   -10.84628469     3.28504755
284     5.00868883    -9.20692909     4.20566263
285     5.50075605   -10.44812985     1.42476801
286   -13.49392766     0.36105965   -13.24066827
287   -12.31964077     0.37350039   -14.78151215
288   -13.64757296    -1.59688964   -12.93003559
289    -6.19561133    15.84722302     5.03422129
290    -5.02339628    15.36100391     6.39801723
291    -6.46361523    14.22767540     3.94584067
292     2.42302310    12.08195658     9.52403015
293     3.12590062    10.29837894     9.75407361
294     1.57174396    12.40015885    11.18320786
295    -1.89261383   -11.35665195    -5.03593606
296    -3.74869694   -11.91842034    -5.26302789
297    -1.91400997    -9.80380780    -6.14703669
298    -0.86130401     1.75201956    11.14921345
299    -0.78805029     2.03790949    13.01842771
300    -1.89469745     0.26212635    10.87664080
301    -2.25233855     0.41611487   -18.00417309
302    -1.14656296    -1.17424893   -17.95184060
303    -3.35768997     0.22500832   -19.48031407
304   -10.51412223    -9.82731474     0.12168598
305    -8.73876830   -10.46807533     0.75247891
306   -10.36872031    -7.87769668    -0.09108611
307     4.56579086     3.41923280    12.64914514
308     3.94038023     1.89815485    11.53553803
309     6.46708160     3.30728915    12.48144478
310     6.18662565    -5.61300135    -7.85966405
311     7.93877309    -5.06194699    -8.28523359
312     6.23116333    -7.50722612    -7.76170985
313    -5.10533731     8.29741674   -11.70685915
314    -3.24662251     8.71633072   -11.16384770
315    -5.34702770     8.99793314   -13.36019081
316   -10.59545735    -9.05752695     9.37710778
317   -10.64818835   -10.55065531     8.31587745
318   -12.04910188    -7.90669195     8.87747107
319     0.60379373    17.60412473     2.17285380
320    -0.02075859    16.72028012     3.72975786
321    -0.89825889    18.55675765     1.46044942
322    17.25778189     3.73979139     5.71058872
323    17.58400135     3.14857505     3.86831260
324    16.19890391     5.39830361     5.54898833
325     5.40076489    -1.02820320   -18.44881792
326     5.08663242     0.53019023   -17.41048839
327     6.67364450    -0.52173592   -19.74587596
328   -12.65013298    -1.48287859    10.91566563
329   -12.34277227    -0.02039864     9.64780056
330   -11.13328485    -1.63245678    12.00812517
331   -12.85569460     1.08356808    -5.71962120
332   -13.43538873     2.53327546    -4.56607173
333   -14.19519860    -0.27024875    -5.40277338
334    -9.06273762    -2.45342175    -5.21468235
335    -7.50343955    -1.39786760    -5.32852797
336   -10.42605568    -1.13552597    -5.61858565
337   -16.48448351    -2.45057727    -4.84927179
338   -15.63058964    -4.23854989    -4.49509600
339   -18.17169267    -2.67333468    -5.63984195
340     7.16376941   -11.62922937     9.65713712
341     8.54465720   -10.73363752    10.71991260
342     8.09568850   -12.32839037     8.12438647
343    10.07027087     9.45395033    -2.16933140
344     9.15609371     8.64593001    -0.67581467
345    11.90092916     8.85845809    -1.81440388
346    -0.58846518    -9.82042079    -0.30883321
347    -1.30455144   -10.30658526    -1.99668911
348     1.29794706    -9.26247563    -0.78281739
349   -11.34544260     1.93377608     2.06758094
350   -11.95077078     3.73388471     1.93803194
351   -12.60323875     0.91802792     0.95153321
352   -13.64153725     6.41494159     2.44951919
353   -13.55369944     6.80102489     4.25681112
354   -12.84532553     7.85071416     1.41699992
355     5.93277204     2.68591014     0.97799295
356     6.71621751     4.35437864     1.51383374
357     4.04732303     2.72743658     1.65960599
358    -2.21007068    -6.69104229    -8.15140788
359    -2.26071250    -5.80921006    -6.46557803
360    -1.06593814    -5.56739517    -9.24558388
361    -6.44988347   -15.81992666     1.23529379
362    -6.36376906   -13.96997878     1.66502890
363    -8.09994546   -16.21177440     0.44184239
364     5.19324334   -15.38010220    -6.55053148
365     5.42113767   -17.22582721    -6.83694962
366     3.79412519   -15.33617675    -5.12293533
367     8.49062827    -3.01319825     6.37942583
368     8.93779205    -2.34288990     4.60122281
369     6.96287027    -4.18598280     6.16126351
370     0.98437827    -3.84983384   -10.99130462
371     0.05272460    -2.26459852   -11.47718936
372     2.59181727    -3.40206505   -10.13805697
373    -5.77024170    11.62879461     2.11106459
374    -4.85586706    12.12289024     0.53109600
375    -5.36035248     9.81998334     2.42955087
376     6.45431295     3.60303795     6.51123433
377     8.20317098     3.43277065     5.60291584
378     5.46569726     2.09095919     5.94673625
379     2.30968321    -9.28282655     9.31595997
380     3.86291953   -10.48392207     9.40331627
381     0.87092644   -10.53343935     9.67054036
382     4.32529668    13.84464570    -7.46327191
383     2.46921020    14.36609579    -7.52596071
384     4.64629336    12.61488694    -8.85868888
385    11.49364828    -1.27078604     1.19996544
386    10.04300216    -1.22583666    -0.01492218
387    12.82581808    -2.49041410     0.56563518
388     1.20557761    -4.73748769    11.82325057
389     1.70446428    -6.53780513    11.36635867
390     2.67487521    -3.57479773    11.36444773
391   -10.10704535    -6.56920306    -8.03633614
392    -8.77032773    -7.12466333    -9.31618312
393    -9.41200338    -5.06497854    -7.10754906
394     4.35820399    -5.78318400     5.80001797
395     2.93605765    -5.37751748     4.43725206
396     3.57816181    -7.07221025     7.04422464
397     3.43126850    -3.09750217    -4.31164245
398     3.11595496    -1.31760626    -4.95587876
399     4.51315069    -4.10157811    -5.62258378
400    -1.06559138     9.17709133     4.89731140
401    -0.97420052     8.09154727     6.54219040
402    -2.41057372     8.20350004     3.86606451
403   -12.76721816     7.36983529     7.32390008
404   -13.83389684     7.79716356     8.73616178
405   -11.30340838     8.63294940     7.49296850
406   -10.44727871     2.75037123   -10.06615319
407   -11.77013695     2.16160151   -11.21377679
408   -11.28523573     2.61273260    -8.28934164
409    -0.80830943    10.86325751    13.69591613
410    -2.28789931    11.36105938    12.50670790
411    -1.26287029     9.09306409    14.28248725
412     3.86551642     3.28652099   -16.14380004
413     3.64159791     5.04012640   -16.96394838
414     3.66830046     3.54245082   -14.24688631
415    -3.53967692    -4.56499028    14.12025337
416    -1.85596795    -4.12517379    13.20225292
417    -3.80830695    -6.43677797    13.86918469

 Atomic and electronic forces:
  1     0.06264597    -0.03263966    -0.00935864     0.00160933     0.00009027     0.00183417
  2    -0.04672350     0.02508964     0.02378719    -0.00082220     0.00001625    -0.00078447
  3    -0.01805207     0.00334405    -0.01947937    -0.00101389    -0.00008788    -0.00110989
  4     0.02042921    -0.00185425    -0.01655975    -0.00057464     0.00194561     0.00335800
  5    -0.00768853     0.01836671    -0.00045667     0.00021715    -0.00089136    -0.00205177
  6    -0.01607513    -0.01467183     0.01410859     0.00015395    -0.00125764    -0.00170262
  7    -0.00621462     0.00927589    -0.01327890     0.00180478     0.00111341     0.00366153
  8     0.00534085    -0.01059714     0.01025070    -0.00075181    -0.00029544    -0.00164146
  9     0.00308508    -0.00210557     0.00531700    -0.00133004    -0.00055457    -0.00208035
 10    -0.00989192    -0.02306231    -0.01484075    -0.00613268     0.00334075    -0.00512752
 11     0.01506463     0.02744372     0.01567044     0.00280305    -0.00078069     0.00245509
 12     0.00077022    -0.00215467    -0.00000794     0.00221140    -0.00177163     0.00268397
 13    -0.00687148    -0.01565222     0.03218508    -0.00091084    -0.00296680    -0.00078913
 14     0.00145412     0.01765413    -0.03216871     0.00054453     0.00147210     0.00057459
 15     0.00787629    -0.00872849     0.00104123     0.00055770     0.00135369     0.00026995
 16    -0.00097050     0.00587560    -0.00596107    -0.00295364    -0.00062897     0.00315290
 17    -0.00758731    -0.01305495    -0.01294133     0.00146909     0.00001543    -0.00168927
 18     0.00538417     0.01638642     0.01787241     0.00194216     0.00046406    -0.00162513
 19     0.00178722     0.00504695     0.00839959     0.00135966     0.00110356    -0.00289704
 20    -0.00346458     0.00013943    -0.01060765    -0.00094806    -0.00073250     0.00159546
 21     0.00125692    -0.00468865     0.00345973    -0.00052941    -0.00059663     0.00123212
 22    -0.00027089    -0.00098911     0.03475389     0.00493844     0.00173045    -0.00187898
 23    -0.01141870    -0.00540753    -0.02325637    -0.00224792    -0.00091662     0.00050910
 24     0.01238438     0.01243841    -0.01991242    -0.00354700    -0.00099142     0.00113239
 25    -0.00058612    -0.01609965    -0.01256649     0.00069615    -0.00186960    -0.00209711
 26    -0.00515508    -0.00486818     0.00778628    -0.00045182     0.00121025     0.00132569
 27     0.00741376     0.01927449     0.00470277    -0.00024482     0.00093446     0.00088124
 28    -0.00320801    -0.02448434    -0.00098994    -0.00797050     0.01255632     0.01871132
 29     0.00611515     0.01141607    -0.01234464     0.00418139    -0.00833807    -0.01009796
 30    -0.00819344     0.01356723     0.02017955     0.00471634    -0.00240148    -0.00859431
 31     0.01077787    -0.01301848     0.02157246     0.00167463    -0.00110102     0.00324059
 32     0.00148230    -0.00022038    -0.00658646    -0.00096840     0.00059269    -0.00141000
 33    -0.01144888     0.00046193    -0.01732038    -0.00105106     0.00070804    -0.00217462
 34    -0.00544879    -0.01050228     0.02150774     0.00854967     0.00972159    -0.00081891
 35     0.00072286     0.01203500    -0.01576750    -0.00404201    -0.00428053    -0.00111271
 36     0.00404972     0.00026074     0.00327093    -0.00266644    -0.00340598     0.00047255
 37     0.05709130    -0.02797964     0.00943386    -0.00038835    -0.00000758     0.00179315
 38    -0.02816185     0.04347129     0.00578917     0.00015266     0.00008150    -0.00092426
 39    -0.03408749    -0.00682305    -0.01147008     0.00027640     0.00002097    -0.00090274
 40     0.02885116    -0.01310838     0.00009000     0.00135669    -0.00087207     0.00093995
 41    -0.00867947     0.02016929     0.00085006    -0.00077567     0.00049167    -0.00059880
 42    -0.02447809    -0.00161131     0.00010071    -0.00064697     0.00033909    -0.00042884
 43     0.00449318    -0.01771051    -0.02071777    -0.00162834    -0.00121752     0.00138219
 44    -0.00297692     0.00246976     0.00049227     0.00088311     0.00054772    -0.00060297
 45     0.00189047     0.01821250     0.01784151     0.00076583     0.00051178    -0.00075845
 46     0.01930444    -0.03510882    -0.00588131     0.00087003    -0.00130853     0.00056312
 47    -0.01757677     0.00507033    -0.00704435    -0.00048438     0.00079291    -0.00031950
 48    -0.00608138     0.03288985     0.01549694    -0.00037586     0.00061082    -0.00021199
 49    -0.01962674    -0.00754037     0.00169265     0.01488593    -0.00585700    -0.01136529
 50     0.01298947     0.00025260    -0.00390873    -0.00817331     0.00071321     0.00396189
 51     0.00424125    -0.00110092    -0.00570152    -0.00714708     0.00341499     0.00879849
 52    -0.02297468    -0.01378185    -0.05353163     0.01227108     0.00033664     0.01859425
 53     0.00165380     0.02168533     0.02283061    -0.00409540    -0.00295373    -0.00860958
 54     0.01928114    -0.00708331     0.02634173    -0.00806851     0.00154518    -0.01036570
 55    -0.00715742     0.01679124    -0.00226511     0.00014853    -0.01369365    -0.00233550
 56     0.01804277    -0.00737396     0.00346829    -0.00171206     0.00635643     0.00130669
 57    -0.00808630    -0.00688420    -0.00267416     0.00092890     0.00806605     0.00299568
 58     0.00849235    -0.01024345     0.00692050     0.00302699    -0.00275064     0.00750685
 59    -0.00735370     0.00412496    -0.00349704    -0.00248321     0.00153989    -0.00543926
 60     0.00364423     0.00516088     0.00025133    -0.00081346     0.00179574    -0.00359592
 61     0.01327670    -0.01493857    -0.00661237    -0.00296576    -0.01186455     0.00753943
 62    -0.00956042     0.01373648     0.00415996     0.00277790     0.00577536    -0.00566972
 63    -0.00464998    -0.00306684     0.00205174     0.00126230     0.00763075    -0.00242000
 64    -0.00710462     0.00394716     0.00257267     0.00026530     0.00322619     0.00271972
 65     0.01016990    -0.00004273     0.01501062    -0.00017433    -0.00219424    -0.00184447
 66     0.00288084    -0.00512274    -0.01651009    -0.00026781    -0.00131918    -0.00134831
 67    -0.00060448    -0.00771122     0.02205517     0.00059021    -0.00228586    -0.00097751
 68     0.00519963    -0.00238007    -0.00653655    -0.00024214     0.00136155     0.00048889
 69    -0.00557435     0.00678367    -0.01067288    -0.00032753     0.00104607     0.00035642
 70    -0.00559947    -0.00220028     0.03064899    -0.00050333     0.00444971    -0.00057825
 71     0.00514397    -0.02737776    -0.02833335     0.00024005    -0.00194706     0.00001266
 72     0.00188903     0.02787427    -0.00082788     0.00050078    -0.00299264     0.00032226
 73    -0.01563547     0.01461216     0.01352178    -0.00188017    -0.00188226     0.00487073
 74    -0.00126380     0.00385427    -0.00520137     0.00074285     0.00063617    -0.00187320
 75     0.02190242    -0.01557699    -0.00538242     0.00058511     0.00116888    -0.00241017
 76    -0.00288732     0.00158998     0.00002694    -0.00007394     0.00035704     0.00204997
 77     0.00686718     0.01658576     0.00216977     0.00004033    -0.00022613    -0.00090466
 78    -0.00440448    -0.01675479    -0.00535439     0.00009981    -0.00011373    -0.00095599
 79     0.00482533     0.00882099     0.04475232    -0.00387617    -0.00112772     0.00069387
 80     0.00557431     0.00183546    -0.01071864     0.00155596     0.00052501    -0.00041154
 81    -0.00991298    -0.01797688    -0.02827278     0.00182545     0.00061379    -0.00009600
 82     0.02386826    -0.00795742     0.01005089    -0.00344047    -0.00068025    -0.00938903
 83    -0.01940707    -0.00272807    -0.00171957     0.00228017     0.00038667     0.00378989
 84    -0.00133591     0.00802222    -0.00284839     0.00137023    -0.00061959     0.00432679
 85     0.01957394     0.02882872    -0.01560342     0.00085636    -0.00083072     0.00090231
 86    -0.00443379    -0.00658925     0.00182992    -0.00039699     0.00034357    -0.00043806
 87    -0.01224738    -0.02031753     0.01593125    -0.00051715     0.00043275    -0.00046392
 88    -0.00844546     0.01836112    -0.00903266    -0.00178999    -0.00143885    -0.00160226
 89     0.00185238    -0.00827705    -0.00481103     0.00070539     0.00066845     0.00074810
 90     0.00683668    -0.00642474     0.01464437     0.00102146     0.00095607     0.00086426
 91     0.00391329    -0.00167373    -0.01204143     0.00213857     0.00099651     0.00168713
 92    -0.00342607     0.00267356    -0.00228119    -0.00098265    -0.00063703    -0.00088300
 93    -0.00217443    -0.00188660     0.01436885    -0.00093199    -0.00035944    -0.00083824
 94    -0.06042947    -0.01489574    -0.02941189    -0.00120340    -0.00211055    -0.00024451
 95     0.05642624     0.00515883     0.00784376     0.00060577     0.00088236     0.00011922
 96     0.00270835     0.01074703     0.02366743     0.00069449     0.00117066     0.00001377
 97    -0.01584010    -0.00887150    -0.00194841     0.00364328     0.00014269    -0.00064267
 98     0.00968766     0.00508395    -0.00161961    -0.00206866     0.00017220     0.00036672
 99     0.00924761    -0.00163657     0.00419431    -0.00201391    -0.00024820     0.00054859
100     0.02716427    -0.01796874    -0.00802316    -0.00159444    -0.00392679     0.00299509
101    -0.02051246     0.01000014     0.00941283     0.00118077     0.00184047    -0.00154231
102     0.00401602     0.00146903     0.00050783     0.00091272     0.00279593    -0.00197199
103     0.02016471    -0.00132821    -0.01866359    -0.00097401    -0.00286369    -0.00201406
104    -0.01508750     0.00527842     0.01350773     0.00030266     0.00118583     0.00094007
105    -0.00720396    -0.00468825    -0.00012257     0.00041181     0.00183532     0.00120901
106     0.00550866    -0.00324274     0.02374880     0.00236531    -0.00225949     0.00048049
107    -0.01204791     0.01189571    -0.02953966    -0.00100028     0.00094940    -0.00033804
108     0.00469607    -0.00351224     0.00724906    -0.00155683     0.00132848    -0.00037830
109    -0.01358098    -0.00962143     0.01628219     0.00172626    -0.00022236     0.00118894
110    -0.01659964    -0.00339978    -0.00748038    -0.00105904     0.00016415    -0.00067001
111     0.02097413     0.01089888    -0.00310418    -0.00084163     0.00005300    -0.00049661
112    -0.01199934    -0.00459564     0.02250321    -0.00022036    -0.00171251    -0.00157706
113     0.01088688    -0.00435059    -0.00410561     0.00007631     0.00074298     0.00082370
114    -0.00038284     0.01346382    -0.01802974     0.00002449     0.00087571     0.00070188
115    -0.00525227    -0.01320401    -0.03413967     0.00028236    -0.00165143    -0.00120804
116    -0.00308689     0.02004153     0.02281060    -0.00012318     0.00068923     0.00049921
117     0.01104890    -0.00637799     0.00920897    -0.00016859     0.00094601     0.00056899
118    -0.02388888    -0.01632608    -0.00578162     0.00032517     0.00125106     0.00512309
119     0.01555891    -0.00272999     0.00355510    -0.00047805    -0.00061195    -0.00228019
120     0.01143070     0.02098612    -0.00189093    -0.00010713    -0.00021738    -0.00260980
121     0.00895600    -0.04105833    -0.00058050     0.00390036     0.00273295    -0.00426520
122    -0.01282536     0.00810575    -0.01397141    -0.00232162    -0.00124226     0.00175047
123     0.00782078     0.03555794     0.01187967    -0.00211149    -0.00098514     0.00268642
124     0.00833548     0.02877966     0.02065802    -0.00497809     0.00027262     0.00008301
125    -0.00125605    -0.01061315    -0.01923806     0.00245209    -0.00040093    -0.00032294
126    -0.00343317    -0.01465875    -0.00024653     0.00218671     0.00011734    -0.00018823
127     0.01277451     0.03977267     0.01193880    -0.00920592    -0.01439859    -0.01490658
128    -0.00893457    -0.02002537    -0.01369576     0.00674485     0.00785067     0.00838275
129    -0.00437963    -0.01592480     0.00097853     0.00333847     0.00348573     0.00730703
130    -0.00980450     0.01614517    -0.01521081     0.00000726    -0.00163894     0.00124367
131     0.00863722    -0.01552443     0.01298803     0.00007119     0.00092035    -0.00075218
132     0.00520728     0.00013013     0.00526257     0.00001507     0.00085928    -0.00053367
133    -0.02089712    -0.01356268    -0.03936970     0.00479511     0.00178050     0.00226066
134     0.00702135     0.00528919     0.00933017    -0.00266290    -0.00145015    -0.00154325
135     0.00915764     0.01313734     0.03014230    -0.00182407    -0.00066991    -0.00104849
136    -0.01550038     0.00042944     0.00374436     0.00189202    -0.00160923    -0.00028497
137     0.00383691    -0.00026534    -0.00002241    -0.00084492     0.00086755     0.00020249
138     0.00569024    -0.00136700    -0.00398582    -0.00104044     0.00093224     0.00002871
139    -0.01288369    -0.01185056    -0.01722169     0.00555745    -0.00356461     0.00157995
140    -0.00270831    -0.00481233    -0.00127625    -0.00360671     0.00159646    -0.00121771
141     0.00157651     0.00802468     0.00977903    -0.00312275     0.00247525    -0.00038771
142     0.00196861    -0.02518891     0.00049537     0.00225765    -0.00038545    -0.00009207
143    -0.00919502     0.01660585    -0.00958800    -0.00129491     0.00017223     0.00014371
144     0.00682157     0.01597689     0.01204141    -0.00109399     0.00030369     0.00006907
145     0.00863749     0.01122129     0.00952775     0.00137931    -0.00570804     0.00331784
146    -0.00217117    -0.00269813    -0.00100398    -0.00045089     0.00390300    -0.00237090
147    -0.00768169    -0.00898709    -0.00656079    -0.00055659     0.00272895    -0.00105746
148     0.02777801    -0.05631066     0.00435019    -0.01012623     0.00782623    -0.00116459
149    -0.01947849     0.04766122    -0.00491128     0.00771603    -0.00404621     0.00025631
150    -0.00602841     0.00765970    -0.00633515     0.00434255    -0.00297687     0.00173074
151     0.01627310     0.01296338     0.01252306     0.00213219    -0.00101092    -0.00009033
152    -0.00394255    -0.01541807    -0.00827737    -0.00105279     0.00063543     0.00006715
153    -0.01113154     0.00370438    -0.00985284    -0.00095271     0.00045225    -0.00004889
154     0.01939574    -0.00015710    -0.00719719    -0.00459500     0.00363693     0.00165975
155     0.00023554     0.00581810     0.02130241     0.00290143    -0.00224255    -0.00045262
156    -0.01999291    -0.00520557    -0.00917610     0.00216313    -0.00229488    -0.00120923
157    -0.00898721    -0.00504870    -0.03323736     0.00146225    -0.00137208     0.00069656
158     0.01169649     0.01506246     0.03065775    -0.00071271     0.00059941    -0.00040448
159     0.00160832    -0.00563207     0.00197352    -0.00060906     0.00068221    -0.00032884
160     0.01119283    -0.03772349     0.00636587     0.01284034     0.00229518    -0.00238592
161    -0.00211971     0.01117293    -0.00464361    -0.00607819    -0.00020809    -0.00014205
162    -0.00932130     0.02848551     0.01124730    -0.00707407    -0.00302417     0.00095449
163    -0.02978105    -0.00423407     0.00399248     0.00116625    -0.00039745     0.00081373
164     0.02213019     0.00768824    -0.00877029    -0.00057442     0.00017297    -0.00034419
165     0.00667834    -0.00358847     0.00054592    -0.00066074     0.00017930    -0.00047918
166    -0.00779620     0.01003133     0.01971425     0.00215955     0.00053737     0.00093982
167     0.00684847    -0.01339344    -0.01601380    -0.00103598    -0.00034737    -0.00056752
168    -0.00024572     0.00212059    -0.00737105    -0.00115191    -0.00035204    -0.00038562
169    -0.00409898     0.00342792    -0.01895881    -0.00715557    -0.00161356     0.01068100
170    -0.01282190    -0.00262661    -0.00695502     0.00206480     0.00090750    -0.00404874
171     0.02252507    -0.00464468     0.01865559     0.00388842     0.00077771    -0.00372119
172    -0.00190578    -0.00710927     0.03075623     0.00177878    -0.00093785     0.00043157
173    -0.00818878    -0.00821953    -0.02506738    -0.00082979     0.00039644    -0.00027697
174     0.01019137     0.01178984     0.00019552    -0.00085115     0.00056233    -0.00023734
175     0.01439351     0.00089627    -0.00493034    -0.00244932    -0.00216156    -0.00033075
176    -0.00165808    -0.00131855    -0.00224557     0.00141973     0.00131223     0.00000779
177    -0.00733006     0.00147323     0.00520103     0.00119659     0.00122629     0.00034454
178    -0.01613073    -0.02689851     0.01646773    -0.00394368    -0.00393767     0.00105970
179     0.00769528     0.00483411    -0.00594111     0.00210803     0.00179106    -0.00095563
180     0.00957070     0.01896776    -0.01407268     0.00260521     0.00251586    -0.00026594
181    -0.00924676    -0.00621778     0.00274911     0.00045920    -0.00111612    -0.00242517
182     0.00827105     0.00480017    -0.00074564    -0.00033842     0.00046943     0.00115006
183     0.00349488     0.00102341    -0.00345800    -0.00026153     0.00072012     0.00119490
184    -0.01223087     0.01157165     0.00115727     0.00015003    -0.00274118     0.00421064
185     0.00059186    -0.00892015    -0.00748436    -0.00004824     0.00165228    -0.00186333
186     0.00799170    -0.00031687    -0.00138410    -0.00016822     0.00101975    -0.00167489
187     0.02611597     0.01398427    -0.03491314     0.00337669    -0.00024099     0.00173339
188    -0.00766908    -0.03962063     0.01836098    -0.00173850    -0.00009929    -0.00074116
189    -0.01711874     0.02937694     0.02089750    -0.00169088     0.00029946    -0.00067802
190     0.01107487    -0.01239993    -0.00378910     0.00205642     0.00340983     0.00131167
191     0.00718914    -0.00379458    -0.00094803    -0.00114559    -0.00171072    -0.00038882
192    -0.00957018     0.00865582     0.00681112    -0.00075445    -0.00176631    -0.00059519
193    -0.01025586     0.00843584    -0.00076707     0.00486450     0.00536817     0.00414695
194     0.00828365     0.00034232     0.00078337    -0.00192659    -0.00295754    -0.00281816
195     0.00037959    -0.01269607    -0.00210355    -0.00169179    -0.00224366    -0.00134602
196     0.00931821     0.01621201    -0.00826543     0.00196253    -0.00000896     0.00032144
197     0.00264703    -0.00955608    -0.00683145    -0.00106864     0.00006742    -0.00010196
198    -0.00895515    -0.01384344     0.00613195    -0.00088004    -0.00004608    -0.00010378
199    -0.00481149    -0.01135787    -0.01279602    -0.00077344    -0.00333591     0.00104111
200     0.00152305    -0.00266579     0.00369611     0.00023151     0.00194329    -0.00048393
201    -0.00039631     0.01244704     0.01139981     0.00049446     0.00179511    -0.00079673
202     0.00377597    -0.03661136    -0.03756282     0.00286551     0.00055067     0.00028531
203    -0.00856115     0.00908462    -0.00429803    -0.00125991    -0.00014563    -0.00018824
204     0.00275683     0.02770655     0.03969946    -0.00156159    -0.00020257     0.00000833
205    -0.02441876     0.00205712     0.00302340    -0.00311206    -0.00266242     0.00301730
206     0.00268386    -0.00302037     0.00151210     0.00129675     0.00103399    -0.00109116
207     0.00825389    -0.00026754    -0.00580808     0.00147368     0.00102305    -0.00172626
208     0.01794683    -0.01745551     0.01317502     0.00034320    -0.00210166     0.00082046
209    -0.00238896     0.01619009    -0.00919118    -0.00020988     0.00130262    -0.00049037
210    -0.01477618     0.00479865    -0.00160927    -0.00026042     0.00096544    -0.00038884
211    -0.00936398    -0.00177682     0.04094071     0.00135673    -0.00191471    -0.00059930
212     0.00604066     0.00528675    -0.01343270    -0.00054559     0.00094043     0.00024119
213    -0.00083539    -0.00413999    -0.02986103    -0.00063994     0.00086305     0.00038368
214    -0.01725677     0.00004628    -0.00365937     0.00123077    -0.00124625    -0.00180433
215     0.01423972     0.00150670    -0.00033299    -0.00054266     0.00074378     0.00098980
216     0.00244953    -0.00428716     0.00559297    -0.00059530     0.00050724     0.00096620
217    -0.00647348    -0.00515109    -0.00361663     0.00027431    -0.00007822     0.00227394
218    -0.00831533     0.00315396     0.00748676    -0.00008547    -0.00006479    -0.00114065
219     0.01553164    -0.00268902    -0.00402427    -0.00025878     0.00001804    -0.00117539
220    -0.02034528     0.03362724    -0.00182416     0.00383061    -0.00134844    -0.00077882
221    -0.00253725    -0.00329151    -0.01415647    -0.00188152     0.00083743     0.00063324
222     0.02599494    -0.02411846     0.01562092    -0.00161154     0.00068899     0.00020988
223    -0.00934817    -0.01444337     0.02683153     0.00592497     0.01833192    -0.01319652
224     0.00028419     0.00820593    -0.01069473    -0.00193058    -0.01109445     0.00780200
225     0.00530898     0.00806758    -0.00884684    -0.00439852    -0.00782209     0.00327465
226     0.03649752     0.00774781     0.02957778    -0.00205289     0.00206820     0.00282388
227    -0.00137748    -0.00181398     0.00087982     0.00093453    -0.00118712    -0.00120288
228    -0.02124364     0.00276012    -0.02504241     0.00077892    -0.00096305    -0.00151651
229    -0.00511901    -0.00142301    -0.00093717     0.00117076    -0.00154105    -0.00113729
230     0.00163048     0.00116757     0.00078203    -0.00062578     0.00072363     0.00067741
231     0.00290593     0.00111258     0.00096504    -0.00048447     0.00081427     0.00058743
232    -0.03180949    -0.02922305     0.01077972     0.00065978     0.00428237    -0.00210353
233     0.02237568     0.03121496    -0.00260187    -0.00020519    -0.00260954     0.00157109
234     0.00513919    -0.00014610    -0.00654389    -0.00012791    -0.00218392     0.00075931
235     0.00908789    -0.00440597    -0.01381051     0.00008329    -0.00186581     0.00030331
236    -0.00784223     0.00133370     0.00415798     0.00004532     0.00094440    -0.00015969
237    -0.00308199     0.00409491     0.00419585    -0.00008036     0.00095678    -0.00023835
238    -0.01213515     0.00181646    -0.01737704    -0.00085275    -0.00072233     0.00243883
239     0.00731302     0.01065368     0.01194980     0.00034557     0.00046174    -0.00113885
240     0.00680761    -0.01489799     0.00166021     0.00033040     0.00023871    -0.00116380
241     0.00199648    -0.00708775     0.01049885    -0.00052494    -0.00192003     0.00188492
242    -0.00248705     0.01122705    -0.01627764     0.00036100     0.00122231    -0.00116155
243    -0.00055902     0.00011455     0.00165333     0.00035720     0.00085080    -0.00084353
244    -0.01320957     0.00436671     0.01195177     0.00096808    -0.00195037    -0.00688599
245     0.01091123    -0.00110767    -0.01678503     0.00014485     0.00105598     0.00420196
246    -0.00718829    -0.00169886     0.00263218    -0.00030457     0.00055747     0.00260459
247     0.03191606    -0.03781250    -0.02709805    -0.00296873     0.01036405    -0.00070819
248    -0.03850158     0.02309024     0.02547691     0.00074726    -0.00639445     0.00146671
249     0.00695345     0.01227081     0.00049245     0.00287444    -0.00528515     0.00049902
250     0.00670168    -0.00393478     0.00412735     0.00174411     0.00187913     0.00185814
251     0.00008135     0.00615642    -0.01048559    -0.00088886    -0.00113689    -0.00085295
252    -0.00604906    -0.00065991     0.00477882    -0.00075637    -0.00096433    -0.00109266
253     0.00461605    -0.01670156     0.01075326    -0.00165296    -0.00147530     0.00045426
254     0.00566018     0.01847358    -0.00809814     0.00066810     0.00066146    -0.00020615
255    -0.00482253    -0.00592383    -0.00108750     0.00090783     0.00093371    -0.00026096
256     0.00007066    -0.01393210     0.02728479     0.00042044    -0.00224793    -0.00010427
257    -0.00846307     0.00054797     0.00118166    -0.00018288     0.00134470     0.00011412
258     0.00924148     0.00782668    -0.02771007    -0.00014816     0.00107280    -0.00004574
259     0.00441271    -0.02237550     0.02271754     0.00210459    -0.00136211    -0.00101760
260     0.00219772     0.00842165    -0.02221178    -0.00107074     0.00074818     0.00037202
261    -0.00763240     0.01198840     0.00465298    -0.00084196     0.00057908     0.00044978
262     0.01743356    -0.01529061     0.00864793    -0.00049929     0.00324273     0.00078123
263    -0.00709351     0.01078181    -0.01341851     0.00028630    -0.00167642    -0.00063484
264    -0.01342764     0.00802084     0.00032552     0.00034749    -0.00139625    -0.00031102
265    -0.00460447     0.00182251     0.00046758    -0.00017335    -0.00038711     0.00189494
266    -0.00458775    -0.01730680    -0.00670906     0.00006980     0.00029251    -0.00098648
267     0.01483780     0.01208124     0.00286170     0.00001016     0.00015153    -0.00097217
268    -0.02985150    -0.00290227     0.01040334     0.00158676     0.00509164    -0.00600439
269     0.01553928    -0.00471790    -0.00025237    -0.00125778    -0.00209698     0.00256475
270     0.00832004     0.00469271    -0.01795555    -0.00121989    -0.00405902     0.00410383
271     0.00912185    -0.00897345     0.03879392     0.00295843     0.00327158    -0.00014617
272    -0.00149746     0.00113782    -0.02726638    -0.00140255    -0.00167791     0.00036558
273    -0.01218189     0.00835194    -0.01020448    -0.00165304    -0.00137995     0.00003904
274     0.01386238    -0.00865982     0.04309977     0.00435752    -0.00000857    -0.00689390
275    -0.01247890    -0.00751637    -0.01392876    -0.00161316     0.00038467     0.00388559
276     0.00152769     0.01678222    -0.03071862    -0.00336918     0.00053119     0.00401534
277    -0.03007599     0.00575044    -0.00384782    -0.00206623    -0.00106143     0.00077251
278     0.01256902     0.01424900     0.00881452     0.00089777     0.00044697    -0.00027152
279     0.01657448    -0.01652119    -0.00616275     0.00101326     0.00066447    -0.00037490
280     0.00821745     0.00069482    -0.01033187     0.00179999    -0.00337496     0.00016907
281    -0.00258824     0.00483615     0.01202400    -0.00078097     0.00150201     0.00011293
282    -0.00893985    -0.00743073     0.00104090    -0.00112062     0.00156257    -0.00012621
283    -0.00178083     0.00590492     0.01050742     0.00119533    -0.00226820     0.00091318
284     0.00465368    -0.00856310    -0.00542805    -0.00069898     0.00124939    -0.00065809
285    -0.00390671     0.00265255    -0.00667278    -0.00070277     0.00128874    -0.00036179
286     0.01828187    -0.05216872    -0.02192327    -0.00229695    -0.00067046    -0.00220113
287    -0.01435912     0.01096821     0.01402950     0.00097229     0.00031524     0.00118982
288    -0.00654709     0.03480906     0.00584092     0.00108175     0.00049853     0.00099230
289    -0.02343818    -0.01919486    -0.02861195    -0.00096788     0.00296652     0.00184733
290     0.01879000    -0.00307580     0.01647516     0.00033952    -0.00140501    -0.00107411
291     0.00682108     0.02016902     0.01140907     0.00075838    -0.00189143    -0.00116658
292    -0.00126751     0.00225503    -0.00351613     0.00100264     0.00186844     0.00266361
293     0.00289058    -0.00451006    -0.00793750    -0.00063888    -0.00081585    -0.00150064
294    -0.00582864     0.00362988     0.01471739    -0.00032328    -0.00076714    -0.00119846
295    -0.01244192     0.00283718    -0.00899738     0.00006865    -0.00348572    -0.00058802
296     0.00563963    -0.00263091     0.00400013     0.00015931     0.00159989     0.00028303
297     0.00572919     0.00825613    -0.00267795    -0.00004126     0.00204516     0.00055468
298     0.00629570     0.02756732    -0.00609529     0.00038463    -0.00054488     0.00414125
299     0.00558752     0.00161829     0.01526763    -0.00014256     0.00016045    -0.00163965
300    -0.01651967    -0.02951680    -0.00803877    -0.00003828     0.00050540    -0.00206773
301     0.00951519     0.00335403     0.02241831    -0.00000065    -0.00065511    -0.00319625
302     0.00174785     0.00092831    -0.00229306    -0.00010561     0.00046035     0.00149103
303    -0.01194566    -0.00080220    -0.01717021     0.00008703     0.00026533     0.00133659
304     0.02813015     0.00769018     0.00929381    -0.00164423    -0.00267373     0.00053187
305    -0.03066248     0.01769972    -0.01145406     0.00066912     0.00144778    -0.00033948
306     0.00337785    -0.01989978     0.00509995     0.00114045     0.00161745    -0.00034670
307    -0.01198507    -0.01671342    -0.01350942     0.00118678    -0.00002747     0.00269721
308     0.00895466     0.01744946     0.01892854    -0.00067357     0.00018541    -0.00156636
309     0.00611782     0.00415722     0.00534134    -0.00067621     0.00002104    -0.00118323
310    -0.02194231     0.00787851     0.01462890     0.00273672    -0.00300820    -0.00175804
311     0.01817385     0.00074276    -0.01260472    -0.00135563     0.00115741     0.00077742
312     0.00266574    -0.00751451    -0.00417112    -0.00104493     0.00137871     0.00065506
313     0.03454027    -0.01866612     0.05460706    -0.00182228     0.00312215    -0.00604391
314    -0.02674288    -0.00073250    -0.00974965     0.00035794    -0.00203167     0.00338545
315    -0.00460868     0.02074765    -0.04435886     0.00063432    -0.00113910     0.00227006
316     0.00065425     0.02998353     0.01698365    -0.00095051    -0.00143431     0.00135691
317    -0.00411941    -0.02766763    -0.01915348     0.00044944     0.00075389    -0.00058077
318     0.00133799    -0.00086960     0.00007829     0.00058955     0.00068983    -0.00068831
319    -0.00554999     0.00537901    -0.00558353     0.00066433     0.00335142     0.00112520
320    -0.00218793    -0.00264545     0.00870477    -0.00027567    -0.00168961    -0.00080837
321    -0.00013402    -0.00111390    -0.00081882    -0.00014049    -0.00163156    -0.00043563
322    -0.00529406     0.01037446    -0.01007284     0.00169173     0.00001444     0.00071709
323    -0.00191925     0.01215036     0.01464864    -0.00090472     0.00001945    -0.00029239
324     0.01270723    -0.01749795    -0.00336195    -0.00092133    -0.00009154    -0.00040498
325     0.00477802    -0.02198776    -0.00402859     0.00102295    -0.00061747    -0.00213887
326    -0.01011059     0.01659645     0.00952666    -0.00062366     0.00025914     0.00127099
327     0.00332684     0.00119461    -0.00555416    -0.00046802     0.00021539     0.00090691
328    -0.01901744     0.00438144    -0.01780014    -0.00150653    -0.00073119     0.00195650
329     0.00046156    -0.01380855     0.00972272     0.00095678     0.00034012    -0.00116237
330     0.01739997     0.00337245     0.01016300     0.00063794     0.00037235    -0.00104606
331     0.00638326     0.00585189     0.00765020    -0.00595089    -0.00145857    -0.00180431
332    -0.00182612    -0.00008261    -0.00337322     0.00313258     0.00030946     0.00056482
333    -0.00289129    -0.00278561    -0.00650367     0.00231119     0.00076355     0.00055649
334    -0.01410262     0.01382279     0.00358857    -0.00628482    -0.00577061    -0.00256649
335     0.02107523    -0.00185025    -0.00412594     0.00420212     0.00418970     0.00235281
336    -0.00684332    -0.01014549     0.00159588     0.00337051     0.00202392     0.00130314
337     0.03159555    -0.01976748     0.02041127    -0.00304605    -0.00130700    -0.00049242
338    -0.02382551     0.02995872    -0.01424487     0.00143863     0.00085002     0.00020965
339    -0.00909033    -0.01036243    -0.00701058     0.00124518     0.00049412     0.00024187
340     0.00568898     0.00543918    -0.00475709     0.00075540    -0.00123198     0.00098839
341    -0.00758381    -0.00822748    -0.00768462    -0.00039794     0.00053198    -0.00049309
342    -0.00389323    -0.00092404     0.00753442    -0.00040997     0.00063581    -0.00042615
343     0.01353894    -0.01077224     0.01069863     0.00397151     0.00191249     0.00009239
344    -0.00312220     0.00576891    -0.00014275    -0.00235942    -0.00105935    -0.00037239
345    -0.00910328     0.00609825    -0.00653244    -0.00169384    -0.00063737    -0.00007867
346     0.06188217     0.03006589     0.00015469     0.00049740    -0.00425077     0.00069850
347    -0.00874625    -0.00923602    -0.01478738    -0.00013075     0.00210056    -0.00007756
348    -0.04603852    -0.02102112     0.01362257    -0.00058329     0.00217748    -0.00029159
349    -0.00431090    -0.02813005    -0.02094548    -0.00660054    -0.00120963     0.00350314
350    -0.01100586     0.01504159     0.00392374     0.00322113    -0.00005193    -0.00155820
351     0.01022819     0.01142066     0.01491238     0.00297562     0.00077743    -0.00104920
352    -0.00221849    -0.01362078    -0.06517496    -0.00443310     0.00111562     0.00200599
353     0.00560124     0.01611488     0.04084245     0.00183099    -0.00052608    -0.00112664
354    -0.00152269     0.00436306     0.01858448     0.00244411    -0.00099860    -0.00095047
355    -0.04575723     0.00011878    -0.00003069     0.00944881    -0.00103866     0.00412779
356     0.00639190     0.00140697     0.00705730    -0.00387920    -0.00033361    -0.00177429
357     0.04182566     0.00458483    -0.00851347    -0.00559374     0.00076130    -0.00387883
358     0.00787608     0.00338838    -0.00574454    -0.00001604    -0.00514044    -0.00280897
359    -0.00423576     0.00142261     0.01053229     0.00003705     0.00357607     0.00149972
360    -0.00177358    -0.00871977    -0.00127247    -0.00030246     0.00250637     0.00183558
361     0.01362643    -0.00410591     0.00482104    -0.00041874    -0.00191733     0.00037277
362     0.00060690     0.00621940    -0.00024860     0.00026743     0.00113063    -0.00027071
363    -0.01013799     0.00013917    -0.00499763     0.00026488     0.00089211    -0.00013432
364    -0.02699151     0.01069187     0.02789508     0.00067494    -0.00173576    -0.00036952
365     0.00633866    -0.01117973    -0.00551130    -0.00027087     0.00074108     0.00015387
366     0.01855321     0.00364057    -0.01923750    -0.00030523     0.00096683     0.00013329
367     0.00926593     0.00866728    -0.01986918     0.00238952    -0.00147947     0.00200663
368    -0.00563309    -0.00859999     0.02256096    -0.00150755     0.00080435    -0.00097135
369    -0.00080327     0.00130664    -0.00097788    -0.00115273     0.00098233    -0.00110360
370    -0.01504095    -0.02059615     0.00448183     0.00159897    -0.00374630    -0.00426284
371     0.00156724     0.01546540    -0.00787186    -0.00070294     0.00182866     0.00279120
372     0.01613290     0.00645203     0.00379430    -0.00132071     0.00192652     0.00210329
373    -0.01158617     0.01090544     0.01081627    -0.00288443     0.00646528     0.00383655
374     0.00329783     0.00444822    -0.01470194     0.00127249    -0.00405697    -0.00149829
375     0.00182974    -0.01517612     0.00105393     0.00195752    -0.00382120    -0.00314847
376     0.02455041     0.00784365    -0.00985001     0.00356826     0.00000980     0.00378317
377    -0.01969060    -0.00184770     0.01126636    -0.00185570     0.00002603    -0.00146593
378    -0.00415595    -0.00508925     0.00114109    -0.00203573     0.00039606    -0.00229265
379     0.01329735    -0.02744352     0.00205004     0.00061878    -0.00178213     0.00164537
380    -0.00577654     0.01934736     0.00088461    -0.00033729     0.00078777    -0.00066969
381    -0.00447131     0.00836641    -0.00311824    -0.00018371     0.00085455    -0.00074044
382     0.00746060    -0.00342574     0.01357109     0.00231910     0.00364915    -0.00177830
383    -0.00052671     0.00432825    -0.00776715    -0.00091159    -0.00209604     0.00098408
384    -0.00126417    -0.00325376    -0.00610065    -0.00126465    -0.00167129     0.00118052
385     0.02835970     0.00374803     0.01127152     0.00332905    -0.00118120     0.00090337
386    -0.00850560    -0.00650682    -0.00577607    -0.00210809     0.00082909    -0.00042805
387    -0.00243621     0.00036075    -0.00051575    -0.00137900     0.00055802    -0.00028213
388    -0.00418077     0.00445169     0.00322246     0.00056157    -0.00138993     0.00241016
389     0.00550344     0.00064142    -0.00291300    -0.00028793     0.00075467    -0.00104047
390    -0.00245480    -0.00303248     0.00115388    -0.00044882     0.00066519    -0.00129887
391    -0.01366710    -0.01099174    -0.01029299    -0.00231845    -0.00302542    -0.00163489
392     0.00352923    -0.00004543     0.00236882     0.00091218     0.00150881     0.00095309
393     0.00454658     0.01078388     0.00835552     0.00161799     0.00198355     0.00104608
394    -0.03317394    -0.00816102    -0.02607633     0.00187637    -0.00270433     0.00241438
395     0.02551954    -0.01118269     0.03550955    -0.00107934     0.00191029    -0.00149111
396     0.00230234     0.01233918    -0.00647041    -0.00063780     0.00118749    -0.00107063
397     0.00501174    -0.01165565    -0.00303605     0.00635418    -0.00759866    -0.00213167
398     0.00857210    -0.00086098    -0.00935290    -0.00459788     0.00424606     0.00220032
399    -0.01322063     0.01567381     0.01044357    -0.00224741     0.00258570     0.00106178
400    -0.01168821    -0.03426527     0.00670074     0.00095029     0.00537053     0.00727198
401     0.00280452     0.01764408    -0.01346259    -0.00041582    -0.00169046    -0.00344786
402     0.01054818     0.01249982     0.00337953     0.00028876    -0.00354042    -0.00502992
403     0.01940871    -0.01687731    -0.01680083    -0.00254739     0.00092133     0.00241871
404    -0.03045591     0.00519248     0.03036881     0.00100638    -0.00036715    -0.00098839
405     0.00306785     0.00258351    -0.01289131     0.00121535    -0.00067944    -0.00136143
406     0.02430372     0.02220600     0.05791650    -0.00477203    -0.00052588    -0.00446116
407    -0.03285336    -0.01966335    -0.03260082     0.00179214     0.00027967     0.00165274
408     0.00724507    -0.00691785    -0.02100042     0.00298948     0.00034731     0.00193925
409    -0.02425620     0.00204740    -0.02031458     0.00019185     0.00103859     0.00232350
410     0.01822424    -0.00574455     0.01647528     0.00001109    -0.00065039    -0.00126319
411     0.00409320     0.00401168     0.00448260    -0.00006502    -0.00040250    -0.00123217
412    -0.00108436     0.01249039    -0.00644057     0.00148994    -0.00006644    -0.00332923
413     0.00349335    -0.01401292     0.01403567    -0.00062586    -0.00015790     0.00153784
414     0.00229838     0.00094020    -0.00465531    -0.00106625     0.00000146     0.00211873
415     0.01923153     0.00985001    -0.01430674    -0.00017284    -0.00102798     0.00211131
416    -0.01725607    -0.01337287     0.01551257    -0.00002314     0.00058218    -0.00119486
417     0.00106787     0.00038068    -0.00050129     0.00009276     0.00056873    -0.00093479
