 Number of water molecules:
         139

 Atomic and electronic energies:
    -2.06150618    -0.10282429

 Atomic coordinates:
  1     9.39608419     5.33146318    11.02052094
  2    11.31932859     5.28265927    11.13210525
  3     8.78209766     4.54025482     9.41762388
  4    -4.34943730     9.98123667     9.63230976
  5    -3.62041098     8.21081184     9.59520639
  6    -3.20190932    11.11911601     8.74547865
  7     3.73555771     7.09068046     9.39126437
  8     4.39466238     6.79996522    11.16246850
  9     4.76961822     5.84470600     8.38373447
 10    -8.82072479     7.31643760    -8.18645290
 11    -9.79911684     5.96935818    -9.12933033
 12    -7.82457727     8.20724561    -9.61365988
 13    -6.81393504   -12.03708484    -6.76377553
 14    -7.07862942   -10.57664654    -7.92405803
 15    -8.60411013   -12.60885957    -6.10789731
 16   -12.01821261     1.96596305     6.94878192
 17   -12.29585276     3.64497819     7.72574836
 18   -11.38307649     2.32445548     5.13486985
 19     4.04228725     8.35419921   -15.65733067
 20     4.51705097     8.48658881   -13.80954023
 21     4.01194531    10.17561672   -16.24673158
 22     8.16398987     7.71431115    -6.70076374
 23     8.98908560     8.89651525    -5.46633877
 24     7.20748072     6.40435987    -5.58181368
 25     1.34522837    -6.93049230   -14.29151671
 26     0.56011250    -5.97573925   -12.87702415
 27     0.68676295    -8.75791503   -14.01984369
 28    -5.00326049     6.32438705     1.46496629
 29    -5.36443543     6.47096944    -0.45666129
 30    -5.55985992     4.55115850     2.07352118
 31     5.04190470    -1.26329114    10.15254987
 32     6.75430053    -1.58772212     9.30511379
 33     3.69609707    -1.00914341     8.77837904
 34     3.41268451     9.80666709    -2.59614719
 35     3.15012058     9.26984093    -0.83313512
 36     3.96452984    11.63169496    -2.50713752
 37    -7.07526934     4.19750425    17.02993601
 38    -5.63208611     2.96319111    16.87229056
 39    -8.56765589     3.28842829    16.22433270
 40    12.47445087    -5.71747522     8.47701116
 41    11.07644506    -4.55957694     7.72880960
 42    13.79808172    -4.45696786     9.30247127
 43   -14.29320690    -6.15405299     7.92295674
 44   -16.10901663    -5.90038878     7.64023282
 45   -13.79415649    -4.81933264     9.12222169
 46     8.90605792   -12.92026358     4.71929412
 47     7.45977222   -11.81274305     4.04282496
 48     8.62756491   -14.68744837     4.03886745
 49     2.76224369     1.25426795    -6.00894458
 50     3.94830229     2.40611778    -4.96648291
 51     1.02011230     1.68207148    -5.29444517
 52     0.60417273     3.40671387     2.14398543
 53     0.29086477     5.26409026     1.62972841
 54    -0.84265532     2.41402909     1.33848318
 55    -2.23113191    -3.55440391    -3.83622649
 56    -0.41425362    -3.04267067    -3.60632881
 57    -3.15720595    -2.14274184    -4.71498732
 58     1.81291301     0.61736392     6.27558211
 59     1.30107674     1.81490672     4.88136235
 60     0.22737763     0.14941494     7.30789473
 61    -4.07956454    -2.81416002     1.26109139
 62    -4.32113519    -0.86863396     1.19093747
 63    -3.63714176    -3.23858825    -0.52122701
 64    -1.01136222    13.26006070     6.34993027
 65    -1.49537133    11.55807525     5.51277485
 66     0.32165943    12.85539744     7.71674402
 67     0.96878209   -13.49706825    -9.19282996
 68    -0.19756896   -12.67459110    -7.93098227
 69     2.27765505   -14.49483442    -8.18600461
 70    -3.12691116    16.62570146    -4.04246008
 71    -3.40290067    17.79433357    -2.55239014
 72    -4.28832353    15.03944573    -3.61944560
 73    -6.72779279    -0.60547337     7.53179565
 74    -7.48328192    -0.28942966     9.23142492
 75    -5.14766916    -1.74789963     7.72056185
 76    -2.75215169     7.21522987    16.97052516
 77    -3.17996410     7.95362557    18.61969135
 78    -4.34094756     6.22563326    16.42512668
 79   -15.94885026    -0.60438755    -0.05085029
 80   -16.46333075    -1.45450420     1.55366962
 81   -16.69152539    -1.76685092    -1.35127388
 82    -5.47339503     3.47940664   -11.39254205
 83    -7.36375385     3.09203574   -11.37315813
 84    -5.25920831     5.42073372   -11.36375651
 85    11.91286686    -9.86293354    11.32472916
 86    13.34150312   -10.00426017    12.55970921
 87    12.09851042    -8.10374632    10.66994423
 88   -13.61980097    -5.16533248   -11.66123570
 89   -14.13345741    -6.75255723   -12.48802895
 90   -12.63702305    -5.48009336    -9.99360817
 91     9.98371205     9.59711034     7.06064541
 92     9.36187591    11.48233715     7.32432430
 93     9.22002658     8.68849527     8.45904737
 94   -11.55300536   -11.80780072    -4.63640508
 95   -13.11206350   -10.93991151    -4.67359633
 96   -10.50869622   -11.40243399    -3.07371328
 97    11.98327312     3.80443986    -4.69903349
 98    11.41976081     1.99390550    -5.06948943
 99    10.98423702     4.93872820    -5.84161817
100    -6.25759130    -6.12410449     4.55967665
101    -7.86745149    -5.15717184     4.84990798
102    -5.20321934    -4.72277699     3.67393903
103    -6.76160219    -8.35804436   -10.49993941
104    -6.09476646    -8.51160616   -12.28285418
105    -5.24781644    -7.54351471    -9.51813119
106     9.00008457    -7.13722194    -0.01689883
107     9.83850989    -7.64348884     1.65282993
108     8.29656583    -5.31382018     0.27942698
109    14.05303672     1.27895960     8.17575830
110    12.77771831     1.76098145     6.85200198
111    15.77032022     1.85113241     7.46207345
112    -4.43740407    -9.62854701   -14.92491347
113    -3.78488683    -8.38519525   -16.25269652
114    -3.10526645   -10.95903461   -14.94124339
115     0.45698452   -12.00353257   -14.03642438
116     0.81519002   -13.62517301   -15.00242333
117     0.37815612   -12.38506389   -12.10401300
118    -1.15452128     5.74954836     8.72928813
119     0.67284046     6.25845315     8.88433784
120    -1.31135166     3.98954163     9.63483893
121     4.30624481     7.95509066   -10.55142537
122     5.53568776     7.67265305    -9.08559388
123     3.87167464     6.12196493   -10.85882792
124   -15.18214144     3.99251414    -1.93758670
125   -15.22491295     4.93074108    -0.19933394
126   -15.64381176     2.11016664    -1.58653285
127    -4.45697291     0.66982650    -5.95780071
128    -3.75511598     1.90691504    -4.68441054
129    -4.68976989     1.65450063    -7.61985479
130    -1.43731888   -11.83532021     9.81136193
131    -3.17218628   -11.22850117    10.17903960
132    -1.44608875   -12.96534098     8.29765411
133     7.63077900     7.47611159     2.67944653
134     5.98853600     8.52460573     2.73461555
135     8.68141055     8.20867006     4.11657714
136    12.21079952    -8.76905634    -4.45703472
137    11.10970864   -10.30479156    -4.99219466
138    11.33419704    -8.09556052    -2.90496038
139     7.37135892    -2.03734083    -0.71943042
140     6.85067524    -0.41058060     0.04808868
141     6.11270118    -2.53816424    -2.05540101
142    16.82276817     0.72731099    -2.86293803
143    15.23769624     1.38439925    -3.73955400
144    16.79585472    -1.08913142    -3.21682307
145    -0.15332715    -5.46571578     3.01809674
146    -1.32044486    -4.22209110     2.19379351
147    -0.21342961    -7.13554215     2.02080399
148    -8.53655461     7.70541342    -3.13939866
149    -9.61865998     6.18924555    -2.58664781
150    -8.42821236     7.70625255    -5.05345281
151    14.98689349    -4.18089842    -3.50967237
152    15.01807788    -5.59062224    -4.82866871
153    15.21686456    -4.99978765    -1.81192127
154   -10.75844993    11.15117166     0.52260849
155    -9.98318227    10.01306788    -0.85722543
156    -9.35757989    12.29676734     1.20767121
157    11.69551450    -8.42011242     4.25357812
158    12.22368004    -7.66994199     5.94996568
159    10.76739202   -10.09905921     4.77987504
160     5.73220508     5.01341367    -3.44723204
161     6.28343447     4.20883185    -1.78230039
162     4.97076232     6.67046319    -2.83333711
163    16.15025967    -2.75847330    10.13371969
164    18.01752287    -2.39735115    10.71277658
165    15.50851258    -1.05552398     9.63083025
166    13.60679317     7.13190007     4.55982244
167    12.38751106     8.26813270     5.19834676
168    14.48410545     8.08277484     3.16568677
169    -6.22401970     1.54644433     2.71381070
170    -6.24397023     0.89868107     4.59175532
171    -8.05425645     1.13787747     2.18979114
172    15.34386334    -5.72345944     1.98561591
173    16.89033701    -6.13661053     2.94218937
174    13.93072107    -6.88777080     2.76147148
175   -13.85086979    -6.99461214    -3.81759277
176   -12.64434136    -6.23861557    -2.49943797
177   -12.67046551    -7.00889292    -5.42559134
178   -11.58221714    -4.91049543    -0.12424780
179   -11.77819916    -4.01834613     1.59952275
180   -10.09327135    -4.22726442    -1.05807078
181     0.99446456    -3.98942754   -18.96323856
182     2.60632719    -2.98195873   -19.01332715
183     0.94717514    -4.87002519   -17.23510946
184    -2.14937899    -3.64019892     8.00403772
185    -1.45929500    -4.21101692     6.31588169
186    -0.77382977    -4.16486621     9.30397172
187    11.12161122     2.77137340     4.44069939
188    12.52279215     4.01233920     3.79870739
189    11.26010269     1.28745455     3.31558303
190     4.88563078    14.81616561     2.19621708
191     6.04639632    14.91687687     0.63537478
192     3.47942674    16.08924518     1.92897252
193     3.05336852     9.88652095     2.47710474
194     1.42128016     9.50982425     3.44441870
195     3.55155915    11.78424328     2.89763326
196    18.70829115     3.81643723     0.48961182
197    17.96460283     2.41048375    -0.61775723
198    20.04843392     4.66651172    -0.57453637
199    -4.67275519   -10.39656743     2.48792645
200    -3.31966136   -10.01894704     1.11606607
201    -5.07514554    -8.81665389     3.57552519
202    14.31059194     6.35995458    -0.86265706
203    16.03186132     5.53957987    -0.33800339
204    13.60289507     5.11030525    -2.13276099
205   -11.18917262    -3.15203902     4.51339014
206   -12.64153210    -3.70141456     5.61286460
207   -10.39344430    -1.58204499     5.29276468
208     0.66941304   -13.32901876     4.80969814
209    -0.51986666   -12.16803161     3.91683214
210     2.46906924   -12.63614736     4.19932636
211     8.37092034   -11.03088956    -7.10200637
212     7.06755459   -12.42195186    -6.79478195
213     8.23728820   -10.45502804    -8.87751121
214     6.04878024    -5.32543315   -15.53269924
215     4.22451219    -5.92890409   -15.10580489
216     5.90885301    -3.89685349   -16.89817436
217     0.76298112     2.62623697    15.86982913
218     0.08105872     4.40813851    15.86793072
219     2.65669981     2.81481689    15.38941507
220    11.39973880    -0.98173305    -5.48763495
221    10.67590270    -2.23989640    -6.75238443
222    12.68150026    -1.92988379    -4.40602581
223    -0.66269684     9.00165695    -5.11564460
224    -1.21657724     7.23663353    -4.58141418
225     0.84719691     9.26733924    -3.94778472
226    -9.00753888    10.82567691     7.33029840
227    -8.27976563    12.06900694     6.07349496
228    -7.44603632    10.23380516     8.29956784
229     7.54540780    -9.63433829   -12.37830207
230     7.44779019    -7.93819402   -13.25233639
231     8.27181042   -10.76782930   -13.81491456
232    -0.30180486    15.54297077    -8.10166772
233    -1.16571565    13.97359495    -8.76712813
234    -1.17354003    16.08563203    -6.53187576
235    -1.00404017   -17.28868965     0.72537842
236    -2.80521393   -17.21972201     1.33888166
237    -0.05255677   -16.95850008     2.34151538
238    -7.48591851    -1.07981035    12.89269487
239    -6.30452385    -2.44388840    13.51867833
240    -6.68507792     0.58786907    13.39329544
241    -5.54393436    -7.99707138     9.42352262
242    -5.24362272    -6.85354492     7.90705426
243    -7.37989246    -8.59895450     9.25747799
244    -1.04435786     1.42636921   -12.97451486
245    -2.68888036     2.18055295   -12.41708016
246    -1.24619169     1.13225251   -14.85932307
247    -4.87167599    11.58894191    -3.07858127
248    -3.37772026    10.78808632    -4.12763232
249    -6.17506146    10.11030153    -2.92287469
250     6.90622991    13.93158623     7.39446006
251     6.41630782    14.75635421     5.72402175
252     5.25027744    13.70915413     8.26607874
253   -16.99783608    -8.55221405     0.10348033
254   -16.22041649    -7.86342793    -1.53335340
255   -16.14108246   -10.25554090     0.44565753
256     1.05313005   -14.92870896    -3.33308333
257    -0.26310138   -13.90082743    -4.31285206
258     0.21195752   -15.94689836    -1.94675947
259    10.74291059    -5.26950313    -8.47283623
260    11.51065246    -6.03371509    -6.94130761
261    11.13992370    -6.44071484    -9.95771325
262    -3.99851051    19.36894137     0.89874491
263    -4.71699589    18.39857908     2.49878797
264    -5.14903252    20.83369535     0.65701227
265    -3.44715456    -0.22014815    16.74911615
266    -3.37990283    -2.08586934    16.15540949
267    -1.63218517     0.46948890    16.40515677
268    -0.43243667     9.85829467    -9.95617667
269     1.36955295     9.09738735   -10.42212098
270    -0.49569883     9.82136770    -7.98768021
271     7.07171008    14.04980962    -2.37414973
272     6.54992164    14.19190882    -4.24934130
273     8.21607378    12.58953899    -2.19215455
274     3.29138602     3.19664211   -10.59335758
275     1.77073644     2.59842889   -11.66217977
276     3.17739114     2.51017958    -8.86878523
277   -17.98820895    -4.57946098     2.98544940
278   -19.87455257    -4.97210651     3.33231678
279   -17.22126884    -6.06953725     2.03476540
280     4.58457784    -9.35107039    -1.63194158
281     5.25990590   -10.45081866    -3.05069444
282     5.99528594    -8.03003635    -1.17575624
283     4.58958697   -10.19503749     3.53045346
284     4.71793836    -8.46773963     4.30477105
285     4.57444067    -9.88069192     1.63200825
286   -12.40722913    -0.25851628   -13.65937151
287   -12.33066214    -0.95197550   -15.38841713
288   -12.82391974    -1.84644070   -12.63439007
289    -5.34553076    16.04453463     4.89123280
290    -4.25520464    15.36647059     6.31611790
291    -5.27709693    14.43056171     3.74523527
292     2.34744128    12.06085659     9.77413673
293     2.98799341    10.28758369     9.36814831
294     1.70173468    11.99686679    11.54014421
295    -1.92819535   -11.21997236    -5.38580647
296    -3.86879202   -11.55038277    -5.54303472
297    -1.70313790    -9.49584954    -6.30267786
298    -1.42302663     1.18238270    11.19210539
299    -0.67242418     1.61550130    12.90194656
300    -1.71374363    -0.68138743    11.30025235
301    -2.09941708    -0.15510425   -17.84648982
302    -0.76822058    -1.40219463   -18.36960332
303    -3.23068894     0.22150629   -19.33589040
304   -10.07081033   -10.49577281    -0.02517114
305    -8.56823709   -10.65275120     1.28592945
306   -10.83350328    -8.75856400     0.04810115
307     5.11108653     3.40274698    13.14176694
308     5.00562007     1.87134356    12.12751821
309     6.98067236     3.85514420    12.92919905
310     5.59177889    -5.51531495    -8.25907276
311     7.54072082    -5.50378149    -8.45905901
312     4.95078482    -6.89389288    -9.35924542
313    -5.15842477     8.82521707   -11.95743388
314    -3.43844393     9.07172715   -11.24011559
315    -5.17650637     9.90617143   -13.57093391
316   -10.52108265    -9.46721008     9.15535109
317   -11.33989587   -10.90054477    10.06897146
318   -11.80080246    -8.18426726     8.56420102
319     0.44039577    16.85855583     2.23774833
320    -0.18096417    16.05727335     3.83341113
321    -1.05705577    17.80982031     1.41969972
322    17.78874266     3.95928189     5.54739423
323    18.29190886     3.88481803     3.62796293
324    16.51173769     5.39116859     5.54001047
325     4.96589943    -1.01976835   -18.28840088
326     4.27752613     0.44426671   -17.40703203
327     6.64332825    -0.65927750   -19.06040960
328   -12.09882027    -2.27673823    10.20771245
329   -12.01627658    -0.85582201     8.95702985
330   -10.57116711    -2.12361743    11.34918650
331   -12.76897821     0.75030129    -5.52971891
332   -13.23062372     2.37431770    -4.67911781
333   -14.28571599    -0.35529067    -5.53618015
334    -8.44273003    -2.39511503    -4.87385488
335    -6.75495750    -1.49605370    -4.80098939
336    -9.66647004    -1.01570492    -4.23713282
337   -16.57944098    -2.86884010    -5.28677961
338   -15.78564022    -4.49805017    -4.55908981
339   -16.97294545    -3.11771489    -7.13394024
340     7.20040065   -10.70176147     9.18661933
341     8.64913241   -10.43886536    10.41383672
342     8.02982186   -11.54592075     7.72119510
343    10.31888697     9.56105674    -1.58046852
344     9.17541120     9.00922513    -0.17900530
345    11.69744943     8.32460276    -1.45515831
346    -0.76040754    -9.32046300    -0.81517789
347    -1.29657979    -9.90594415    -2.61515721
348     1.16030942    -9.17680254    -0.87974238
349   -11.23568228     1.84032628     1.81137768
350   -11.74666063     3.62386778     1.87201184
351   -12.67075083     0.92749429     0.85314578
352   -12.59679437     6.76567568     2.25076995
353   -12.97753379     7.20651611     4.08551766
354   -12.04399095     8.41039119     1.34242088
355     5.76668201     2.71364410     1.11020122
356     6.51503728     4.25193042     2.04350310
357     3.83491114     2.88138965     1.30034762
358    -2.48667002    -6.85675548    -8.01959598
359    -2.52320708    -5.76909168    -6.33054358
360    -1.45630097    -5.77269035    -9.19709826
361    -5.77741878   -15.87981643     2.03141339
362    -5.57689679   -14.02124739     2.35517115
363    -7.59152688   -16.17419762     1.79778551
364     5.08456164   -15.01893228    -5.99162074
365     5.50503527   -16.81651845    -6.31317053
366     3.51073349   -14.94512980    -4.76146968
367     8.63080455    -2.79950045     6.35289108
368     9.55918823    -2.05675676     4.83020320
369     7.05338478    -3.63760593     5.75305427
370     0.13419938    -3.12047736   -10.73487893
371    -0.37110229    -1.47479540   -11.43767871
372     1.90237478    -2.72143402   -10.18348756
373    -5.69986469    11.83496783     1.97393641
374    -4.86228533    11.67618062     0.27724392
375    -5.78325999     9.91932569     2.49929548
376     6.56410685     3.70218089     6.77297744
377     8.20425207     3.56898560     5.68471692
378     5.23596544     2.63434550     5.83255434
379     2.52411502    -8.68893344     8.75450301
380     4.20100390    -9.65814976     8.96121640
381     1.16147009   -10.05553080     8.45975281
382     4.91394403    13.83376166    -6.96670346
383     3.22308310    14.53358393    -7.49801751
384     5.69867166    12.75927738    -8.30716952
385    11.90483559    -1.44447948     1.78313162
386    10.53774475    -1.43680974     0.37019752
387    13.04275688    -2.93098612     1.79580166
388     1.08241111    -4.91652662    12.19734880
389     1.58110204    -6.54464419    11.24637335
390     2.58130420    -3.81990300    11.87561953
391   -10.50367474    -6.00794013    -7.68608046
392    -9.13119488    -6.95356955    -8.66522490
393    -9.68188643    -4.69098063    -6.63402100
394     4.60915325    -5.63829400     5.39192555
395     2.90169892    -5.30165918     4.47731530
396     3.99065719    -6.48121735     7.00616448
397     3.02358482    -3.46007085    -4.06913521
398     2.74458576    -1.78795120    -5.03271216
399     3.86849208    -4.69386052    -5.27399756
400    -1.49766439     8.53040824     4.25400283
401    -1.17928287     7.11557294     5.53778020
402    -2.75123231     7.77515950     2.91598728
403   -12.75738284     7.13515860     7.67670229
404   -14.40335649     8.10575242     7.71408127
405   -11.27080061     8.29628248     7.85831277
406   -10.46933579     2.73106839   -10.03158808
407   -11.49098589     1.85315842   -11.42708756
408   -11.20336179     1.97920330    -8.40032226
409    -0.96023805    10.60764526    13.65441925
410    -2.38332845    10.43828497    12.38601693
411    -1.36597979     9.46571153    15.09492547
412     4.06224976     3.18649028   -15.83934038
413     3.58512413     5.04505326   -15.94320773
414     4.33827369     2.91378510   -13.95948341
415    -3.81926042    -4.37078858    13.66374352
416    -1.87456368    -4.53428222    13.46808867
417    -4.53645511    -5.52341789    12.27586506

 Atomic and electronic forces:
  1     0.01434427     0.01032677     0.01755169     0.00163659     0.00026529     0.00199696
  2    -0.01493208    -0.00423636    -0.00742109    -0.00077365    -0.00010414    -0.00081147
  3     0.00202966    -0.00776751    -0.01271102    -0.00104623    -0.00010120    -0.00119224
  4    -0.02475321    -0.02125636     0.01554444    -0.00074663     0.00185565     0.00354794
  5     0.00497779    -0.00101343    -0.00370573     0.00032729    -0.00082076    -0.00215116
  6     0.02206679     0.02030772    -0.01552838     0.00022731    -0.00118437    -0.00179038
  7    -0.00381792     0.00809254     0.00463346     0.00173500     0.00111872     0.00379973
  8    -0.00282932    -0.00040811     0.00574394    -0.00068226    -0.00036195    -0.00152774
  9     0.00743608    -0.00808640    -0.01251754    -0.00120889    -0.00042552    -0.00203966
 10     0.01803781     0.01407120    -0.01876697    -0.00617295     0.00328689    -0.00495022
 11    -0.00497913    -0.00906960     0.00307239     0.00273052    -0.00081182     0.00225306
 12    -0.00686663    -0.00435607     0.01680537     0.00221962    -0.00170533     0.00259655
 13    -0.02388880    -0.02393553     0.03159732    -0.00085150    -0.00263583    -0.00071966
 14    -0.00589554     0.00878469    -0.01695524     0.00052934     0.00141080     0.00054156
 15     0.03155956     0.01536898    -0.01503580     0.00048947     0.00115927     0.00025770
 16     0.01679582    -0.02272161    -0.02641960    -0.00295244    -0.00043600     0.00278733
 17    -0.00625303     0.02595283     0.00974075     0.00133233    -0.00002034    -0.00132305
 18    -0.01166374    -0.00765558     0.01996443     0.00204262     0.00024468    -0.00167694
 19    -0.00145635     0.01735973    -0.00433334     0.00138643     0.00113636    -0.00308721
 20    -0.00024814    -0.00552089     0.00763550    -0.00098951    -0.00077129     0.00174861
 21    -0.00123313    -0.01081571    -0.00361345    -0.00055625    -0.00063211     0.00130147
 22    -0.01203622    -0.01686665     0.00287096     0.00520025     0.00216971    -0.00214940
 23     0.00533290     0.00563725     0.00353555    -0.00231866    -0.00114724     0.00062343
 24     0.01072296     0.01392597    -0.01012488    -0.00372675    -0.00117464     0.00124215
 25    -0.00730504    -0.02282028    -0.00733779     0.00061788    -0.00206962    -0.00232155
 26    -0.00516141     0.01843318     0.01305299    -0.00033102     0.00135147     0.00146736
 27     0.01491909     0.00973274    -0.01058255    -0.00020604     0.00102679     0.00095867
 28     0.00332657    -0.00037238    -0.03182316    -0.01051665     0.00884909     0.01409157
 29    -0.00433053    -0.00622592     0.03257336     0.00726596    -0.00586543    -0.00496744
 30    -0.00178974     0.00865194    -0.00517054     0.00521595    -0.00152864    -0.00675812
 31    -0.00684107    -0.00114313    -0.00358951     0.00157256    -0.00108368     0.00293968
 32    -0.01328082     0.00094871    -0.00118368    -0.00093776     0.00055274    -0.00130784
 33     0.01874545     0.00261056     0.00339547    -0.00093022     0.00075074    -0.00193225
 34     0.00400765    -0.00977325    -0.02296437     0.00773048     0.00927967    -0.00020087
 35    -0.00075117     0.00390146     0.03690431    -0.00413692    -0.00475846    -0.00140705
 36     0.00459261     0.00676536    -0.00304102    -0.00239517    -0.00334957    -0.00000219
 37    -0.00695476    -0.01007901    -0.01962664    -0.00051094     0.00006818     0.00189990
 38     0.00535212    -0.00741060     0.00962885     0.00020044     0.00002716    -0.00101600
 39     0.00544924     0.01058494     0.01088494     0.00034497     0.00001012    -0.00095991
 40     0.00580115     0.03571332     0.00664143     0.00140096    -0.00090218     0.00108640
 41     0.01170025    -0.00928414     0.00978957    -0.00085336     0.00053196    -0.00068413
 42    -0.01840973    -0.02266516    -0.01659853    -0.00067435     0.00034324    -0.00051439
 43     0.00531606    -0.02712886    -0.01823144    -0.00149434    -0.00115276     0.00126173
 44    -0.02368326    -0.00023670    -0.00790923     0.00073870     0.00048490    -0.00053003
 45     0.01741874     0.02677216     0.02412110     0.00074856     0.00051778    -0.00073367
 46    -0.00631067     0.00677341    -0.00688477     0.00095923    -0.00146926     0.00065316
 47     0.00205458    -0.01019726     0.00447313    -0.00054853     0.00090557    -0.00039156
 48     0.00097047     0.00713520     0.00350367    -0.00040317     0.00070262    -0.00025546
 49    -0.01811599     0.02099034     0.03330085     0.01466452    -0.00715162    -0.01091510
 50     0.00324506    -0.00954768    -0.01428182    -0.00785269     0.00153005     0.00327275
 51     0.01472582    -0.00737043    -0.01371781    -0.00796886     0.00513297     0.00753890
 52    -0.01809451     0.01964658    -0.02623795     0.00992226    -0.00036018     0.02001394
 53     0.00677288    -0.02126861     0.01352749    -0.00420209    -0.00319960    -0.00908942
 54     0.01134776     0.00464634     0.01208668    -0.00275833     0.00245765    -0.01109864
 55    -0.01138316    -0.00141430     0.00754866    -0.00113528    -0.01470605    -0.00298555
 56     0.01149639    -0.00790929    -0.00150696    -0.00151328     0.00767731     0.00135660
 57    -0.00103626     0.00525346    -0.00927867     0.00205590     0.00786562     0.00321073
 58    -0.01170062    -0.01390137     0.01970478     0.00288921    -0.00218732     0.00709772
 59    -0.00520209     0.00235515    -0.00360900    -0.00209962     0.00104598    -0.00507712
 60     0.01606136     0.00977796    -0.01295829    -0.00068043     0.00107934    -0.00333166
 61     0.00475579     0.03826449    -0.00089237    -0.00411351    -0.01089601     0.00671711
 62    -0.00818918    -0.02544749     0.01596694     0.00359000     0.00584532    -0.00529418
 63     0.00255868    -0.01747911    -0.01892153     0.00186316     0.00661166    -0.00195011
 64    -0.01130531    -0.01935225    -0.00430647     0.00025810     0.00338041     0.00315111
 65     0.01035858     0.01598410     0.00533808    -0.00006387    -0.00217421    -0.00224262
 66    -0.00154685     0.00484246    -0.00537724    -0.00030478    -0.00136330    -0.00152472
 67     0.00722499    -0.00556876    -0.00246467     0.00035669    -0.00220460    -0.00086329
 68    -0.00381873     0.00060316     0.00612515    -0.00012886     0.00131859     0.00044046
 69    -0.00503576     0.00843711    -0.00497645    -0.00023172     0.00102648     0.00032222
 70    -0.03805486    -0.04254099     0.02053555    -0.00045979     0.00460002    -0.00051256
 71     0.00448664     0.00370645    -0.00093516     0.00022216    -0.00198514    -0.00000618
 72     0.03253843     0.03647050    -0.01415762     0.00061614    -0.00286811     0.00025654
 73     0.02437302    -0.00973623    -0.02894205    -0.00231262    -0.00186869     0.00473822
 74     0.00110382    -0.00437764     0.01616771     0.00090889     0.00059264    -0.00189119
 75    -0.01878370     0.01106556     0.00771184     0.00079148     0.00119971    -0.00241368
 76    -0.00759092    -0.02034248    -0.02858961    -0.00009976     0.00037993     0.00200948
 77    -0.00436212     0.00896288     0.02287867     0.00005564    -0.00017679    -0.00084573
 78     0.01076686     0.00944758     0.00938833     0.00014314    -0.00015227    -0.00106554
 79     0.00629218     0.00522489    -0.00630591    -0.00346256    -0.00101049     0.00062954
 80    -0.00360929    -0.00675785     0.01913269     0.00146409     0.00049630    -0.00041808
 81    -0.00078192    -0.00125226    -0.01436467     0.00153981     0.00054834    -0.00012847
 82     0.00946673     0.01463728     0.00776731    -0.00342007    -0.00016844    -0.00812700
 83     0.00138766     0.00335237     0.00216544     0.00199240     0.00019893     0.00315322
 84    -0.00866933    -0.01732302    -0.00571659     0.00158706    -0.00081702     0.00401038
 85     0.00248645    -0.01392249     0.01639792     0.00084725    -0.00082439     0.00085995
 86    -0.00105286    -0.00830487     0.00233924    -0.00038257     0.00034081    -0.00038290
 87    -0.00369839     0.01855417    -0.01879475    -0.00050458     0.00042046    -0.00048157
 88     0.00956099     0.02905696     0.02040049    -0.00186658    -0.00137988    -0.00144360
 89     0.00002768    -0.01901913    -0.00069598     0.00074921     0.00062670     0.00060505
 90    -0.00770405    -0.00543880    -0.02072912     0.00109229     0.00091254     0.00075451
 91    -0.00677528     0.06367989    -0.02445391     0.00217849     0.00111878     0.00179070
 92     0.01114752    -0.03605784    -0.00849423    -0.00094483    -0.00067188    -0.00084252
 93    -0.01276341    -0.02321524     0.03227377    -0.00101450    -0.00047401    -0.00102166
 94     0.06045538    -0.04163902    -0.01672905    -0.00130281    -0.00204824    -0.00028120
 95    -0.04957305     0.03265507     0.00768228     0.00073459     0.00093993     0.00013894
 96    -0.01289060     0.00279224     0.00682589     0.00069210     0.00118573     0.00004312
 97     0.00568884     0.00642353     0.00980438     0.00411854     0.00008306    -0.00063638
 98     0.00128858    -0.00450549    -0.00241482    -0.00217566     0.00025006     0.00041194
 99    -0.00287199     0.00340166    -0.00553911    -0.00223390    -0.00024505     0.00057127
100     0.01627081     0.03659942    -0.01103084    -0.00174899    -0.00373450     0.00279342
101    -0.01703931    -0.00817741     0.00605780     0.00115642     0.00163571    -0.00142046
102    -0.00446064    -0.02348195     0.00290869     0.00109937     0.00260203    -0.00200171
103     0.01848348     0.02527118     0.03097845    -0.00116291    -0.00277833    -0.00186416
104     0.00008211    -0.01023512    -0.01222069     0.00042438     0.00118562     0.00095938
105    -0.01864914    -0.01565645    -0.01302793     0.00057116     0.00181894     0.00115076
106    -0.01482941     0.03013679     0.00853079     0.00243319    -0.00238684     0.00057034
107     0.00226372     0.00037045    -0.00403999    -0.00103610     0.00098840    -0.00037495
108     0.01496982    -0.02578772    -0.00797897    -0.00161814     0.00140303    -0.00045294
109     0.02748376     0.00233324     0.00980718     0.00180230    -0.00025275     0.00122550
110    -0.01064917     0.00405043    -0.00868349    -0.00112186     0.00013405    -0.00072774
111    -0.01222760     0.00194781     0.00169046    -0.00085906     0.00008098    -0.00049191
112     0.00820931     0.02622289    -0.02084062    -0.00035568    -0.00176464    -0.00165924
113    -0.01331293    -0.00623207     0.01165257     0.00013440     0.00080106     0.00092015
114     0.00778893    -0.01615796     0.00846491     0.00007756     0.00085057     0.00072760
115    -0.01016803    -0.00186176     0.00825211     0.00024909    -0.00172569    -0.00127716
116    -0.00028588     0.00795652     0.01395731    -0.00010962     0.00072214     0.00052448
117     0.00814265    -0.00768811    -0.02138119    -0.00013578     0.00099959     0.00060119
118    -0.02023576    -0.02889729     0.00460547     0.00030568     0.00115159     0.00585001
119     0.01570916     0.00231973     0.00764805    -0.00055669    -0.00062647    -0.00265270
120     0.00273108     0.02542197    -0.01182105    -0.00009926    -0.00011416    -0.00268946
121     0.01293374     0.00401348     0.01969315     0.00375813     0.00270908    -0.00486631
122     0.00563431     0.02096026    -0.00413788    -0.00248478    -0.00139525     0.00218942
123    -0.01080398    -0.01493844    -0.01150325    -0.00209270    -0.00094334     0.00302303
124     0.00170827    -0.00240541     0.02880745    -0.00455399     0.00016098     0.00023514
125     0.00039823    -0.01690604    -0.03369273     0.00214613    -0.00022763    -0.00039449
126     0.00125035     0.02341499     0.00406245     0.00210506     0.00021554    -0.00015716
127     0.01186017     0.01718681     0.00144024    -0.01216031    -0.01333751    -0.01545500
128    -0.00747640    -0.00221920    -0.00873073     0.00750410     0.00646361     0.00799589
129    -0.00263709    -0.01145079     0.00795739     0.00423130     0.00298989     0.00718479
130     0.01691810    -0.00251619     0.00181139     0.00003727    -0.00163537     0.00132571
131    -0.01540884     0.00754776    -0.00046602     0.00007646     0.00080966    -0.00070400
132    -0.00166956    -0.00535845    -0.00595785    -0.00001820     0.00087914    -0.00058205
133    -0.01501783     0.01295672    -0.00259812     0.00504019     0.00207910     0.00282727
134     0.00753467    -0.00722328    -0.00113355    -0.00262491    -0.00166409    -0.00180791
135     0.00243223    -0.00377605     0.00132938    -0.00182976    -0.00081047    -0.00117540
136    -0.01195557    -0.01623555    -0.00574604     0.00174535    -0.00152683    -0.00023711
137     0.01232665     0.02132019    -0.00134291    -0.00076497     0.00081744     0.00014472
138    -0.00164063     0.00234840     0.00623882    -0.00100161     0.00088269     0.00002696
139     0.01298186    -0.02591634    -0.00237482     0.00580380    -0.00345601     0.00115684
140    -0.01104856     0.02323477     0.00695271    -0.00367279     0.00162539    -0.00111417
141    -0.00553086     0.00209175    -0.00273207    -0.00326541     0.00246160    -0.00019275
142    -0.01504140     0.03532810    -0.00450829     0.00227579    -0.00034021    -0.00003532
143     0.00881547     0.00221189     0.00424911    -0.00136828     0.00017095     0.00009379
144     0.00143618    -0.03717338    -0.00302324    -0.00108164     0.00026724     0.00003753
145     0.02162446    -0.02046287     0.00975660     0.00108656    -0.00601570     0.00377344
146    -0.01262421     0.00076267    -0.00774247    -0.00022795     0.00418380    -0.00260170
147    -0.00578353     0.01734399     0.00333010    -0.00040355     0.00275327    -0.00118576
148     0.00597486    -0.01321336     0.03292846    -0.01079593     0.00673524    -0.00078164
149     0.00597436     0.01752029    -0.01356612     0.00547937    -0.00191210    -0.00004957
150    -0.01125929    -0.00362891    -0.01549313     0.00476163    -0.00299167     0.00175446
151     0.00120661    -0.00059770    -0.01797895     0.00216935    -0.00099174    -0.00012207
152    -0.00068654     0.00508828     0.01401122    -0.00096561     0.00052163     0.00013009
153     0.00111048    -0.00510203     0.01017598    -0.00101076     0.00050423    -0.00004481
154     0.01482901    -0.01024517    -0.00988383    -0.00402564     0.00342515     0.00144577
155    -0.00562732     0.01807698     0.01010735     0.00281354    -0.00223107    -0.00063118
156    -0.00808103    -0.00915898    -0.00777804     0.00170826    -0.00197538    -0.00088148
157    -0.01990756    -0.03391280     0.00846951     0.00154736    -0.00136318     0.00078271
158     0.00011311     0.00615711     0.00465303    -0.00073569     0.00058444    -0.00044750
159     0.01828089     0.02449886    -0.01405565    -0.00065291     0.00070496    -0.00038198
160    -0.01563123    -0.00127237     0.01714501     0.01285568     0.00243859    -0.00155081
161     0.00579588    -0.00947124    -0.00470936    -0.00581200    -0.00046485    -0.00055802
162     0.00158414     0.00580460    -0.01279992    -0.00620796    -0.00280732     0.00028412
163     0.06409219    -0.01053078     0.02718498     0.00122657    -0.00042722     0.00086994
164    -0.04545573    -0.01400019    -0.01308324    -0.00054640     0.00016256    -0.00036696
165    -0.01902672     0.01977429    -0.01008416    -0.00069656     0.00018318    -0.00049221
166     0.06550203    -0.03756343    -0.03300624     0.00240138     0.00056036     0.00111574
167    -0.05294454     0.04326843     0.03641110    -0.00121224    -0.00040373    -0.00066672
168    -0.00018305    -0.00304688    -0.00519549    -0.00117138    -0.00032681    -0.00041413
169    -0.00812344    -0.01268929     0.02709137    -0.00894399    -0.00358881     0.01098360
170     0.00559604     0.01017829    -0.02180507     0.00252080     0.00138263    -0.00407598
171     0.00337296     0.00919985    -0.00318854     0.00428527     0.00156420    -0.00342662
172    -0.03998054    -0.01348990    -0.00210949     0.00175350    -0.00094176     0.00046630
173     0.01696688    -0.00199333     0.00928351    -0.00074558     0.00038396    -0.00022015
174     0.02021384     0.01698089    -0.01226019    -0.00085825     0.00056549    -0.00029100
175     0.02303470    -0.00185583    -0.04351494    -0.00238081    -0.00208317    -0.00025410
176    -0.01222012     0.00133631     0.01241263     0.00143420     0.00129427    -0.00000449
177    -0.02435100    -0.00162473     0.02146382     0.00121671     0.00118269     0.00032645
178    -0.00342401    -0.00503930     0.00486508    -0.00352055    -0.00303756     0.00088294
179     0.00959155    -0.00504550    -0.00722886     0.00179215     0.00135145    -0.00075865
180     0.00903369     0.00889650     0.00387068     0.00227155     0.00212935    -0.00040743
181    -0.01540380    -0.01593817     0.01596272     0.00037371    -0.00101163    -0.00219970
182     0.01223766     0.00766845    -0.00031416    -0.00029775     0.00044184     0.00111234
183     0.00176060     0.00214847    -0.01478313    -0.00022273     0.00068601     0.00119561
184     0.02408112     0.00386357     0.01285589    -0.00014973    -0.00275558     0.00415416
185    -0.00097119    -0.00521263    -0.00267970    -0.00007732     0.00192515    -0.00225684
186    -0.02254682     0.00204006    -0.01281093    -0.00014471     0.00109221    -0.00171747
187     0.00883072     0.03854070     0.00312985     0.00328542    -0.00018823     0.00179103
188    -0.02536890    -0.00980437     0.01533296    -0.00151802    -0.00005181    -0.00067785
189     0.00581722    -0.02926597    -0.02047992    -0.00175164     0.00029622    -0.00079262
190     0.02806131    -0.01413558     0.00288173     0.00200896     0.00338453     0.00144132
191    -0.01068203     0.00057878     0.00483140    -0.00113004    -0.00163565    -0.00046278
192    -0.01113857     0.00371855    -0.00130096    -0.00073579    -0.00174801    -0.00063165
193     0.01191570     0.02792423     0.01115161     0.00466116     0.00607985     0.00494622
194     0.00218047     0.00690183    -0.00156093    -0.00169519    -0.00316636    -0.00329947
195    -0.01101227    -0.03418873    -0.01173356    -0.00153998    -0.00236943    -0.00159464
196     0.00174146     0.01243732     0.00155235     0.00187884     0.00002709     0.00028141
197     0.00205199    -0.00405406    -0.00341925    -0.00102848     0.00005755    -0.00010206
198    -0.00148762    -0.00448431     0.00332209    -0.00084408    -0.00004416    -0.00007754
199     0.00678296    -0.00413576    -0.00743134    -0.00069225    -0.00332072     0.00120672
200    -0.01574627     0.00434103     0.01913584     0.00022727     0.00198749    -0.00053749
201     0.00570312    -0.00871605    -0.01613900     0.00047986     0.00178692    -0.00089389
202     0.03327578    -0.01734337     0.01185265     0.00295076     0.00051705     0.00031405
203    -0.02624344     0.01581008    -0.00443994    -0.00123480    -0.00013918    -0.00015525
204    -0.00769411     0.00126352    -0.00832561    -0.00169603    -0.00017370    -0.00004847
205     0.01484351     0.00926273    -0.00406942    -0.00308154    -0.00217245     0.00235432
206    -0.00232851    -0.00345087     0.00682998     0.00121846     0.00080670    -0.00092849
207    -0.00918852    -0.00800974     0.00166942     0.00169832     0.00099395    -0.00157572
208     0.05346174     0.01871013    -0.02092503     0.00031608    -0.00216234     0.00094901
209    -0.01335399     0.00024839    -0.00194418    -0.00010582     0.00131052    -0.00054262
210    -0.04491706    -0.01892493     0.02375304    -0.00030016     0.00113554    -0.00047662
211    -0.00120041    -0.01003477     0.02698320     0.00135264    -0.00193276    -0.00060653
212     0.00367144     0.00140317    -0.00502262    -0.00055450     0.00099619     0.00026623
213    -0.00680521     0.00187898    -0.02341528    -0.00066890     0.00093051     0.00042220
214    -0.01340824     0.01094088    -0.01385118     0.00118368    -0.00133621    -0.00195679
215     0.01916187     0.00734820    -0.00756734    -0.00051757     0.00081412     0.00107955
216    -0.00336298    -0.02376595     0.02815431    -0.00055189     0.00053228     0.00102606
217     0.01653470     0.00017347    -0.01371624     0.00031778    -0.00010713     0.00231237
218    -0.00224940     0.00329187     0.00649533    -0.00011799    -0.00005808    -0.00117480
219    -0.01768525    -0.00215060     0.00295392    -0.00028390     0.00004301    -0.00115303
220    -0.00504509    -0.00249809     0.00081286     0.00370787    -0.00125801    -0.00082220
221     0.00574362     0.00031075     0.00237177    -0.00172348     0.00079225     0.00057948
222    -0.00216004    -0.00512565    -0.00536705    -0.00156855     0.00058741     0.00019977
223    -0.02374441    -0.03433185     0.01991827     0.00386468     0.01759708    -0.00822840
224    -0.00146138     0.01582253    -0.01511306    -0.00183243    -0.01068489     0.00567599
225     0.01581829     0.01969848    -0.00655027    -0.00347067    -0.00749472     0.00190008
226     0.01670866    -0.00314866    -0.00517360    -0.00199337     0.00201033     0.00276674
227    -0.01062008     0.00068849     0.00220809     0.00100471    -0.00131588    -0.00135575
228    -0.00604342     0.00155354     0.00555924     0.00083606    -0.00098643    -0.00161992
229     0.02406735    -0.01737625    -0.03126430     0.00113273    -0.00159453    -0.00119178
230    -0.00857359     0.00910664     0.00075935    -0.00062880     0.00077928     0.00072768
231    -0.01607492     0.01338379     0.03159367    -0.00045932     0.00065170     0.00051376
232     0.02031874    -0.01987363    -0.02878994     0.00053050     0.00414436    -0.00190723
233     0.00263671     0.00777048     0.00247045    -0.00015636    -0.00238259     0.00141108
234    -0.01707678     0.00955028     0.02290893    -0.00011876    -0.00225198     0.00071064
235     0.01058972    -0.00075819     0.00955957     0.00006879    -0.00182111     0.00028711
236    -0.01760951     0.00229895    -0.00742773     0.00004434     0.00090381    -0.00016983
237     0.00787519     0.00162363    -0.00289899    -0.00007580     0.00089246    -0.00021376
238    -0.01409388     0.02419549    -0.00956357    -0.00092161    -0.00073296     0.00250935
239     0.00812978    -0.00819000     0.00350455     0.00032985     0.00043007    -0.00117769
240    -0.00112589    -0.01150388     0.00049751     0.00040822     0.00023917    -0.00133445
241    -0.00404702     0.00367586     0.00259623    -0.00062173    -0.00189124     0.00198735
242    -0.00187958    -0.00668286     0.00190345     0.00041132     0.00122053    -0.00124644
243     0.00409798     0.00041694     0.00175148     0.00040536     0.00087362    -0.00085957
244     0.02359605    -0.00532962     0.00686973     0.00048719    -0.00146130    -0.00698131
245    -0.02056082     0.00789034     0.00373895     0.00038230     0.00059103     0.00401898
246    -0.00240919    -0.00392083    -0.00850870    -0.00011104     0.00051101     0.00255472
247     0.01374311    -0.05244759    -0.01624248    -0.00385042     0.01018110    -0.00060785
248    -0.02469652     0.02358978     0.01777751     0.00133836    -0.00644279     0.00138579
249     0.01130086     0.02890912    -0.00727158     0.00348805    -0.00522915     0.00021687
250     0.00469292     0.00304215    -0.01933240     0.00148558     0.00177354     0.00171281
251     0.00729190    -0.00243793     0.00220408    -0.00079212    -0.00108123    -0.00080559
252    -0.01160344    -0.00405634     0.01492887    -0.00064508    -0.00093174    -0.00100069
253     0.01506660    -0.01537482    -0.00593922    -0.00165440    -0.00131468     0.00029198
254    -0.00104166    -0.00614571     0.00793094     0.00095036     0.00075111    -0.00006803
255    -0.00903774     0.01755755    -0.00405920     0.00072377     0.00069525    -0.00015244
256     0.00577753     0.00713116    -0.01627360     0.00035695    -0.00231661    -0.00010048
257    -0.00058253    -0.00524178     0.01613965    -0.00011509     0.00131790     0.00013532
258    -0.01036452    -0.00131660     0.00713805    -0.00010960     0.00106596    -0.00003249
259    -0.00750690    -0.00075073    -0.02962900     0.00231299    -0.00161691    -0.00109112
260     0.00773295    -0.01596990     0.01683540    -0.00111975     0.00080144     0.00036910
261    -0.00157347     0.01008060     0.01373228    -0.00092109     0.00070792     0.00052676
262    -0.01204751    -0.03481881     0.03538352    -0.00041149     0.00295299     0.00065732
263     0.01619632     0.01799207    -0.03195987     0.00029489    -0.00149363    -0.00051684
264    -0.00525686     0.01089233    -0.00245125     0.00023932    -0.00123460    -0.00023423
265     0.02551461    -0.00754792    -0.01724283    -0.00017530    -0.00038873     0.00204098
266    -0.00630039     0.01924673     0.00762027     0.00008625     0.00029974    -0.00101449
267    -0.02303676    -0.00304658     0.01311947    -0.00000855     0.00017191    -0.00108999
268     0.03241205    -0.01728315     0.00243549     0.00121541     0.00543179    -0.00626504
269    -0.03683113     0.02060991     0.01084094    -0.00125831    -0.00219345     0.00306330
270     0.00268793    -0.00150762    -0.01924320    -0.00091187    -0.00421635     0.00357840
271    -0.01984176     0.01775700    -0.00743303     0.00277729     0.00328328     0.00005740
272     0.00198494    -0.00079646     0.01099178    -0.00135008    -0.00171853     0.00027345
273     0.02099815    -0.01868380    -0.00176767    -0.00166963    -0.00150516    -0.00006067
274    -0.00717904     0.00978552    -0.05145514     0.00483122    -0.00035353    -0.00749644
275     0.00577008    -0.00014262     0.01394453    -0.00155213     0.00042253     0.00390944
276    -0.00478934    -0.02009477     0.02838783    -0.00371578     0.00078745     0.00461397
277    -0.02760551     0.00885478     0.01392350    -0.00195033    -0.00097508     0.00067489
278     0.03376026     0.00213827    -0.00910047     0.00082109     0.00038559    -0.00027009
279    -0.00794616    -0.00593979    -0.00210879     0.00096302     0.00059868    -0.00028960
280     0.01596224     0.02225787     0.01077717     0.00175530    -0.00353042     0.00024514
281     0.00066986     0.00517626     0.00425871    -0.00075750     0.00149666     0.00005621
282    -0.01645858    -0.02849470    -0.01361285    -0.00117502     0.00173272    -0.00020368
283     0.00362712    -0.02413520    -0.02052082     0.00121076    -0.00259038     0.00115524
284     0.00233689     0.01575853     0.01145581    -0.00075686     0.00138462    -0.00079862
285    -0.00073753    -0.00422325    -0.00201993    -0.00071935     0.00150755    -0.00047184
286    -0.00587503    -0.01451939     0.01995625    -0.00217915    -0.00079080    -0.00228697
287     0.00275176     0.00276197    -0.02135744     0.00084732     0.00036493     0.00103404
288    -0.00008772     0.00708260     0.00249603     0.00112487     0.00055458     0.00103218
289     0.01326320    -0.04436420    -0.01365691    -0.00085950     0.00300317     0.00181805
290     0.00043760     0.01859924     0.00549220     0.00030017    -0.00142355    -0.00108396
291    -0.01323458     0.02970586     0.00122146     0.00064199    -0.00198400    -0.00117382
292     0.01224111    -0.00063639    -0.02490581     0.00088121     0.00182270     0.00266405
293     0.00037983    -0.00070155     0.00563198    -0.00062873    -0.00089096    -0.00159221
294    -0.00984921    -0.00246222     0.02150794    -0.00029585    -0.00072068    -0.00121069
295    -0.01711359     0.01914813    -0.01180304    -0.00003705    -0.00355108    -0.00069363
296     0.01692180    -0.00426764    -0.00208313     0.00022991     0.00165706     0.00033379
297    -0.00494649    -0.01786427     0.00429042    -0.00001017     0.00214249     0.00062625
298     0.00423787     0.00528469     0.00100028     0.00010395    -0.00066581     0.00407719
299     0.00334806     0.00612597     0.00203299    -0.00011719     0.00019571    -0.00164840
300    -0.00624143    -0.00964911    -0.00427071    -0.00000837     0.00054883    -0.00185991
301    -0.01541789     0.02094243     0.00705097    -0.00006526    -0.00078180    -0.00320241
302     0.00511865    -0.01337979    -0.00943816    -0.00009167     0.00044583     0.00141809
303     0.00733469    -0.00483108     0.00389920     0.00011678     0.00027214     0.00136151
304     0.03974395    -0.01156299     0.02936347    -0.00151539    -0.00256505     0.00046247
305    -0.03778456     0.01148762    -0.03232180     0.00065981     0.00137801    -0.00037415
306     0.00377592     0.00622882     0.00936964     0.00100478     0.00136499    -0.00028957
307     0.01673653     0.02693718     0.01870354     0.00110235    -0.00001479     0.00252282
308    -0.01082134    -0.03934680    -0.02202915    -0.00063933     0.00015153    -0.00138964
309    -0.00691992     0.00955860     0.00455076    -0.00063046    -0.00002534    -0.00111919
310     0.01436309     0.01083177     0.00829822     0.00273928    -0.00334061    -0.00211983
311    -0.01784485     0.00231838     0.00341343    -0.00131968     0.00127163     0.00083544
312    -0.00134804    -0.01194630    -0.00946281    -0.00097557     0.00150476     0.00098679
313    -0.02342860     0.00448270    -0.02488153    -0.00190227     0.00299757    -0.00534136
314     0.02668724     0.00667774     0.01155682     0.00058365    -0.00201787     0.00315382
315    -0.00219862    -0.01259312     0.01781653     0.00060928    -0.00115272     0.00199565
316     0.02180162    -0.00232641    -0.00074854    -0.00095551    -0.00141659     0.00128766
317    -0.00766355     0.00183758    -0.00031691     0.00039859     0.00060042    -0.00052918
318    -0.01274151     0.00042325    -0.00008104     0.00059817     0.00069703    -0.00066826
319    -0.01622503     0.01664672    -0.01852655     0.00061691     0.00368336     0.00134423
320    -0.00575239    -0.00424250     0.00872923    -0.00023062    -0.00180719    -0.00093618
321     0.01331401    -0.00699974     0.01072394    -0.00009220    -0.00179360    -0.00050760
322     0.00012379     0.00523867    -0.03689087     0.00167688     0.00003779     0.00069687
323    -0.00053118    -0.00732368     0.02970034    -0.00088460    -0.00001611    -0.00027369
324    -0.00228499    -0.00150703     0.00866551    -0.00092085    -0.00009392    -0.00040912
325     0.01006689    -0.06269011    -0.02579882     0.00099525    -0.00067147    -0.00231048
326    -0.00670262     0.04757015     0.02046200    -0.00057303     0.00029272     0.00139690
327     0.00501341     0.01295955    -0.00045026    -0.00050541     0.00025141     0.00098612
328    -0.00043119    -0.00878357     0.00760259    -0.00158453    -0.00088350     0.00197696
329    -0.00093107     0.01484732    -0.00493887     0.00101121     0.00042771    -0.00114969
330     0.00126505     0.00180294     0.00250720     0.00067890     0.00043188    -0.00108188
331     0.03286114     0.00947980    -0.00758664    -0.00558059    -0.00144845    -0.00154867
332    -0.01183476     0.00922830     0.00785263     0.00296285     0.00030897     0.00055669
333    -0.02075904    -0.01423631     0.00230926     0.00212961     0.00067114     0.00051529
334    -0.00869673     0.02091074     0.02752923    -0.00671844    -0.00609589    -0.00254755
335     0.00186322    -0.00371478    -0.01265937     0.00445514     0.00458733     0.00221546
336     0.00007310    -0.01855479    -0.01657874     0.00397762     0.00235335     0.00092209
337     0.00612208    -0.00433671     0.00941709    -0.00277308    -0.00120634    -0.00051498
338    -0.00622537     0.00993628    -0.01343555     0.00133919     0.00077141     0.00019343
339     0.00091832    -0.00566491     0.00373757     0.00122707     0.00054046     0.00037197
340    -0.00538258     0.00797755     0.01061702     0.00085325    -0.00134368     0.00111667
341     0.00240057     0.00182707     0.00443258    -0.00041781     0.00055630    -0.00052014
342     0.00295741    -0.01169863    -0.01489088    -0.00045446     0.00069437    -0.00047643
343    -0.03318604     0.01949388    -0.00823961     0.00394600     0.00195349     0.00031972
344    -0.00849553     0.00023627     0.01053262    -0.00230977    -0.00114449    -0.00050218
345     0.03797099    -0.01859528    -0.00222461    -0.00186551    -0.00065928    -0.00015391
346    -0.00208614     0.00293219    -0.00774684     0.00037725    -0.00478505     0.00063230
347     0.00748767     0.00054847     0.02026407    -0.00008061     0.00227833     0.00001947
348    -0.00101001    -0.00500431    -0.00694463    -0.00053615     0.00231094    -0.00029759
349     0.00074761    -0.04605205    -0.01701893    -0.00646074    -0.00112521     0.00314206
350    -0.01210541     0.04139259     0.00029732     0.00310651    -0.00004232    -0.00145017
351     0.01101628     0.00580517     0.01189953     0.00279017     0.00066114    -0.00091208
352     0.00088265     0.00161831    -0.00717868    -0.00470936     0.00142749     0.00217693
353     0.00490208     0.00171979    -0.00546211     0.00183040    -0.00060682    -0.00111552
354    -0.00777304    -0.00637568     0.01666859     0.00240601    -0.00115363    -0.00095581
355    -0.01627729     0.01262052     0.00556832     0.00984620    -0.00104827     0.00488266
356     0.00179877    -0.00798171    -0.00530493    -0.00382593    -0.00030919    -0.00215125
357     0.01596434    -0.00387116     0.00423317    -0.00610241     0.00068332    -0.00435997
358    -0.00271181     0.02696135     0.04947557    -0.00036758    -0.00514155    -0.00273178
359    -0.00144780    -0.02585785    -0.03494667     0.00031382     0.00367034     0.00152126
360     0.00543578     0.00732297    -0.01028065    -0.00007634     0.00252761     0.00181409
361     0.01743430    -0.00070571     0.00402890    -0.00038946    -0.00189218     0.00044811
362     0.00577938     0.00984692     0.00140789     0.00024231     0.00111980    -0.00031406
363    -0.02240107    -0.00637226    -0.00393388     0.00025799     0.00087511    -0.00019379
364    -0.01598737     0.02188715     0.00846853     0.00069696    -0.00187719    -0.00034985
365     0.00040840    -0.01424754     0.00263723    -0.00028419     0.00079127     0.00014675
366     0.02202299    -0.00718773    -0.01349547    -0.00030133     0.00104867     0.00012650
367     0.03342417     0.02199551     0.00146515     0.00246448    -0.00147610     0.00211518
368    -0.00731249    -0.00645405     0.00884737    -0.00147898     0.00071747    -0.00096645
369    -0.01842723    -0.01509315    -0.00839138    -0.00129946     0.00103683    -0.00122532
370     0.01412112    -0.02315704     0.01734125     0.00123276    -0.00437002    -0.00536176
371    -0.02314281     0.02837390    -0.02158255    -0.00051302     0.00187984     0.00330215
372     0.01043401    -0.01064643     0.00505650    -0.00128393     0.00218120     0.00266006
373    -0.00052921    -0.05486666     0.02427480    -0.00295122     0.00615682     0.00350713
374     0.00326328     0.01827454    -0.01746504     0.00163205    -0.00424507    -0.00155671
375    -0.00413894     0.04063707    -0.00103360     0.00210812    -0.00328961    -0.00275085
376     0.00415280    -0.00852253    -0.02420466     0.00339552     0.00007385     0.00382779
377    -0.01426094    -0.00135451     0.01372046    -0.00186144    -0.00000885    -0.00154756
378     0.01413022     0.00592341     0.01443793    -0.00211750     0.00025910    -0.00255841
379    -0.00440273    -0.00275012    -0.00204239     0.00069541    -0.00195680     0.00182960
380    -0.00345882    -0.00016631     0.00255500    -0.00038937     0.00085195    -0.00075047
381     0.00937328     0.00818092     0.01167699    -0.00021782     0.00099824    -0.00081637
382     0.00861205     0.00011254     0.01330245     0.00245145     0.00374850    -0.00160278
383    -0.00437390     0.00061677    -0.00761997    -0.00092751    -0.00202031     0.00090592
384    -0.00659687    -0.00008883    -0.00791204    -0.00133661    -0.00163989     0.00101928
385    -0.03697877     0.03094632    -0.00521182     0.00317224    -0.00113919     0.00100942
386     0.02523568    -0.01522045     0.01613344    -0.00200442     0.00079670    -0.00047771
387     0.01057296    -0.02009438    -0.01112133    -0.00129318     0.00055836    -0.00038077
388    -0.00317115    -0.01393990    -0.01978924     0.00045580    -0.00132835     0.00235399
389    -0.00820763     0.00105875     0.00945621    -0.00026151     0.00077546    -0.00107573
390     0.01471463     0.01533683     0.00573255    -0.00037818     0.00062842    -0.00125430
391    -0.02138889    -0.03075891    -0.01717430    -0.00262010    -0.00288169    -0.00156514
392    -0.00066688     0.00397484     0.00030515     0.00104712     0.00149930     0.00088046
393     0.01858751     0.02340812     0.01383347     0.00180194     0.00189049     0.00095499
394    -0.03291634     0.01610202    -0.01706246     0.00203808    -0.00288146     0.00253804
395     0.02013169     0.00039243     0.00317098    -0.00106857     0.00198213    -0.00160674
396     0.00490326    -0.00762356     0.00919379    -0.00070728     0.00121177    -0.00117358
397    -0.00858294     0.01722919     0.00245393     0.00612996    -0.00877841    -0.00201344
398     0.01455101    -0.01543679     0.00108498    -0.00428411     0.00491445     0.00237165
399     0.00312092     0.00292943    -0.00627641    -0.00209499     0.00302038     0.00102162
400    -0.00789508    -0.01609343    -0.01797403     0.00020567     0.00626916     0.00896190
401    -0.00683363     0.00572082     0.00266451    -0.00028523    -0.00193384    -0.00450952
402     0.01132357     0.00881622     0.02588765     0.00113424    -0.00421331    -0.00581431
403    -0.01833025    -0.01719145    -0.00715093    -0.00239497     0.00079337     0.00226740
404     0.01159488     0.00271950     0.00487693     0.00105901    -0.00038623    -0.00087411
405     0.00603119     0.01871179     0.00126519     0.00115989    -0.00058544    -0.00129232
406    -0.01060145    -0.00424703     0.01050488    -0.00462708    -0.00047651    -0.00402358
407     0.00590706     0.00014606    -0.00381141     0.00170346     0.00030867     0.00156739
408     0.00473512     0.00314604    -0.00689311     0.00273836     0.00047897     0.00172760
409     0.00995251     0.01613503    -0.02206532     0.00011730     0.00102564     0.00236394
410    -0.00156580     0.00102230     0.00467229     0.00005573    -0.00062263    -0.00135709
411    -0.00726235    -0.01426021     0.01596054    -0.00002546    -0.00037171    -0.00110968
412    -0.00448994     0.00174073     0.01433636     0.00156874    -0.00009853    -0.00353689
413     0.00442262     0.00474693    -0.00894984    -0.00072956    -0.00020108     0.00180236
414     0.00208345    -0.00230241    -0.00457798    -0.00116293     0.00012116     0.00214614
415     0.01773379    -0.00841364    -0.01251357    -0.00027678    -0.00106219     0.00221186
416    -0.01522206    -0.00536521     0.00147042     0.00000655     0.00056445    -0.00113776
417     0.00380396     0.00117330     0.00909774     0.00020697     0.00067353    -0.00111844
