 Number of water molecules:
         139

 Atomic and electronic energies:
    -2.06207737    -0.11068670

 Atomic coordinates:
  1     9.43778058     4.95111246    11.00843486
  2    11.02225014     3.83122321    10.95844497
  3     8.35402656     4.71654229     9.40706664
  4    -4.28754510    10.18314522     9.47815337
  5    -3.40185945     8.52844985     9.09713406
  6    -3.15068099    11.49067392     8.74186325
  7     3.69956344     7.04633719     9.37254912
  8     4.04584361     5.86506323    10.84306396
  9     4.76885005     6.41517801     7.92998029
 10    -8.57624584     7.27350912    -8.21276108
 11    -9.43793209     5.77795629    -9.05147644
 12    -7.31632083     8.01876408    -9.36741442
 13    -7.15731392   -11.99101136    -6.61600000
 14    -7.56539142   -10.59047025    -7.87459621
 15    -8.78928706   -12.23398514    -5.61136816
 16   -11.93223445     2.24165370     7.08970603
 17   -12.11547935     4.16492395     7.44683918
 18   -11.55868452     2.06924491     5.10755006
 19     3.87322548     8.15143619   -15.35163342
 20     4.59659834     8.09365019   -13.54109087
 21     3.14552439     9.92375319   -15.57083962
 22     8.50713494     7.27202093    -6.90747347
 23     8.54409810     8.37785150    -5.32187879
 24     7.17889983     5.94466693    -6.41874765
 25     1.32528005    -6.99549575   -14.47177640
 26     0.25839614    -6.05328850   -13.19884327
 27     0.97512576    -8.89377410   -14.02036839
 28    -5.02119310     6.31912164     1.24060599
 29    -4.49399521     6.58219882    -0.61602700
 30    -5.53550995     4.43363710     1.38043837
 31     4.88714957    -1.25182954    10.18187634
 32     6.36543970    -2.08874656     9.29782793
 33     3.48704257    -0.98439950     8.93191352
 34     3.42401574    10.00542381    -2.38284511
 35     3.18010671     9.77456918    -0.50664410
 36     4.50381217    11.66586841    -2.56505723
 37    -6.65147116     3.75631846    16.81983467
 38    -5.63283056     2.13747687    16.72422399
 39    -8.15687327     3.49840965    15.74727046
 40    12.78279864    -5.79398076     8.35067559
 41    11.50601259    -4.57506417     7.66576885
 42    14.31108347    -4.82434775     8.98121266
 43   -14.22781086    -6.05287180     7.97496009
 44   -15.80062858    -5.80770158     6.97088851
 45   -13.85516007    -4.47823973     8.93992444
 46     8.81660341   -12.62211942     4.60916467
 47     7.35740721   -11.83431505     3.69564844
 48     8.75103950   -14.36031929     3.88456079
 49     2.61091643     1.56317870    -5.82387452
 50     3.82113777     2.61405291    -4.73796324
 51     0.90338373     2.42963300    -5.71393320
 52     0.56408857     3.62615485     2.33021055
 53     0.39066396     5.49527811     2.07276956
 54    -0.54250636     2.87452289     0.92140238
 55    -2.03162625    -3.47470384    -3.88569737
 56    -0.10242085    -3.70833585    -3.91828986
 57    -2.45872331    -1.90848561    -4.92641766
 58     1.55401400     0.68964047     6.74075212
 59     0.94345242     1.88607998     5.32231149
 60     0.20588229     0.66611568     8.13530793
 61    -3.94807382    -2.69849682     1.33924331
 62    -4.62316550    -0.87662637     1.66418725
 63    -3.85462774    -2.98663118    -0.57450689
 64    -1.30801772    13.45265816     6.53336432
 65    -1.57270524    11.75995691     5.60457003
 66     0.21082703    13.20264712     7.57719593
 67     0.96680857   -13.41396090    -9.39294083
 68    -0.19092919   -13.41499656    -7.97141006
 69     2.63018900   -13.71681828    -8.69023159
 70    -3.35857690    16.67898125    -3.95103568
 71    -3.73895637    17.81425124    -2.42211794
 72    -4.03800675    14.93296288    -3.54851227
 73    -6.33391032    -0.60009091     7.09444814
 74    -6.91662065    -0.37002529     8.91068660
 75    -5.10238480    -2.11521497     7.30059805
 76    -2.75668781     7.02513376    16.91880082
 77    -3.02325424     7.51169359    18.74560714
 78    -4.38724303     6.05021804    16.44734558
 79   -15.91871365    -0.77392194    -0.03452227
 80   -16.38951840    -2.00640980     1.33533252
 81   -16.16818506    -1.51261395    -1.77946924
 82    -5.50058798     3.59428084   -11.67232764
 83    -7.36744196     3.17551863   -11.51314789
 84    -5.55081338     5.57166518   -11.58436707
 85    11.85011978    -9.83978812    11.49829512
 86    13.39165232   -10.05069676    12.62578659
 87    11.90742679    -8.22316904    10.56108424
 88   -13.75055861    -5.12374387   -11.60799704
 89   -13.76863162    -6.71281226   -12.54650901
 90   -12.35883206    -5.40510339   -10.23227693
 91     9.92829880     9.65817789     6.95552439
 92     9.16266558    11.45730075     6.86281681
 93     9.92328520     9.12740810     8.78624076
 94   -11.53892203   -11.97804646    -4.13004290
 95   -12.41559684   -10.49922927    -4.64011084
 96   -11.15095086   -11.60419590    -2.27703392
 97    12.27206968     3.94519695    -4.81686628
 98    11.57402692     2.20315814    -4.96564207
 99    11.27626506     4.98869660    -6.03990848
100    -6.30046956    -6.06878635     4.64662400
101    -8.06448066    -5.20940379     4.80618075
102    -5.52870805    -4.93967030     3.31550754
103    -6.71346487    -8.03989195   -10.39742807
104    -6.00491759    -8.21899866   -12.14275250
105    -5.13683561    -7.46590138    -9.35054416
106     9.12962949    -7.14164401    -0.18569637
107    10.20901373    -7.21315697     1.42431002
108     8.55085373    -5.30431479    -0.32806766
109    14.13106013     1.24923692     8.33320495
110    12.77831463     1.44821956     7.10705690
111    15.66636322     1.94023680     7.39323886
112    -4.34748492    -9.36882130   -14.85347573
113    -4.20324600    -9.43141583   -16.70536507
114    -2.84917130   -10.16997175   -14.03721569
115     0.20980227   -11.75463620   -13.98572384
116     1.38702730   -12.99497876   -15.04116384
117     0.34176505   -12.63734725   -12.27757698
118    -1.39718009     5.69271935     8.70578077
119     0.47507191     6.04936705     9.00907873
120    -1.61629345     3.96966770     9.57551559
121     4.44889158     8.15590940   -10.40223662
122     6.29791135     7.78975520    -9.82047622
123     3.57198550     6.44192087   -10.09587607
124   -15.21665588     3.97469013    -2.39054595
125   -14.12408587     5.29006433    -1.40102107
126   -15.50316593     2.50138524    -1.25605028
127    -4.24128107     0.84658838    -6.05426823
128    -4.27926778     2.67801736    -5.41121732
129    -4.17946262     1.36186449    -7.90923611
130    -1.46650792   -11.88103571    10.09729765
131    -2.63919219   -10.40184091     9.85421152
132    -1.23982811   -12.60672502     8.32627728
133     7.53288031     7.48893465     2.45766260
134     5.80046935     8.29131731     2.72146443
135     8.49279064     8.02425032     4.12052112
136    12.07682161    -8.43031325    -4.38000440
137    10.92475766    -9.41233280    -5.56447900
138    11.08104344    -8.34592828    -2.70950632
139     7.50750590    -2.24691463    -0.69604153
140     6.98271962    -0.59024552     0.01400361
141     6.08488520    -2.75189581    -1.71777783
142    16.46885941     0.96699816    -2.91307699
143    14.84160324     1.85829440    -3.45076157
144    16.27893165    -0.80120875    -3.37328078
145     0.24236169    -5.33726676     3.01702155
146    -1.36288191    -4.24454937     2.64120416
147     0.54082734    -6.57324635     1.56086127
148    -8.56466277     7.94246045    -3.05806204
149    -8.70626360     6.29809602    -2.11256948
150    -8.49412163     7.67064723    -4.97875259
151    14.76648064    -4.07831170    -3.32125784
152    13.74693918    -5.69221478    -3.68005302
153    15.85931819    -4.45640702    -1.77901718
154   -11.10477445    10.92434798     0.49665512
155   -10.19514662    10.06616136    -0.91839319
156    -9.83417952    11.98904997     1.40015834
157    11.83821829    -8.65372229     4.19018192
158    12.01962052    -7.82598437     5.87453549
159    10.82924194   -10.30011109     4.56953595
160     5.63756355     5.03488534    -3.26250671
161     5.55041627     3.93773883    -1.64807945
162     4.88776992     6.70812413    -2.82320962
163    16.30963446    -2.72452834    10.22747456
164    18.15599699    -2.09388088    10.16348416
165    15.36639396    -1.13157090     9.85662955
166    13.72810084     7.10349107     4.72946956
167    12.57887493     8.42549225     5.54239445
168    13.57979828     7.27264275     2.74251854
169    -6.10735943     1.49902941     2.48097309
170    -6.33536784     0.83402668     4.30998952
171    -7.75879896     1.34939264     1.67536911
172    15.43075473    -5.96705069     1.82033901
173    16.62115619    -5.47818939     3.20821682
174    14.31061560    -7.40449678     2.58399305
175   -14.11270913    -7.09302562    -4.09768710
176   -13.16781753    -6.05492019    -2.65227973
177   -12.71852373    -7.02541365    -5.55407090
178   -11.11483849    -5.07150447    -0.25293515
179   -11.18712625    -4.12693377     1.49872799
180   -10.04281401    -3.87597173    -1.39699053
181     0.77107826    -4.29879449   -19.16034903
182     2.33631897    -3.23575519   -19.22453907
183     0.93086356    -5.62522233   -17.73781496
184    -1.67973176    -3.64137415     8.33072892
185    -1.40260368    -4.76223232     6.82224825
186    -0.48811056    -4.42685937     9.61854316
187    10.69899148     2.90385129     4.55598300
188    11.87224468     4.41795652     4.62224912
189    11.43147060     1.66770678     3.34800870
190     4.99023521    14.94621358     2.29096168
191     5.90168410    14.76406256     0.67349068
192     3.42679189    16.09001082     1.84011040
193     2.92329974     9.87962463     2.52707812
194     1.21411200     9.58231488     3.39737648
195     3.57209283    11.71759212     2.76298614
196    18.80617414     3.77566844     0.45197326
197    18.15582529     2.65824953    -1.00141520
198    20.29175605     4.67786865    -0.16461686
199    -5.03439365   -10.35117886     2.40729861
200    -3.71559842    -9.60941356     1.18447021
201    -5.54255261    -8.95073793     3.66931831
202    14.53891366     6.27606330    -1.02114242
203    16.01217292     5.42512800    -0.19986901
204    14.06919790     5.32858872    -2.57696923
205   -11.10666330    -3.42313275     4.50448816
206   -12.35589016    -4.39286761     5.65361535
207   -10.47248099    -2.00165530     5.63089545
208     0.63226630   -13.69475713     4.89230506
209    -0.73940135   -12.99873235     3.74937643
210     2.24342332   -12.77271910     4.40512621
211     8.42701982   -10.90000933    -6.75761581
212     6.94849603   -12.05764148    -6.30353598
213     8.14398212   -10.45776824    -8.59241223
214     5.98936952    -5.79444248   -15.46948484
215     4.07884542    -6.37416337   -15.47521744
216     5.92153462    -4.07347134   -16.43608721
217     0.55052223     2.85707844    15.98537320
218    -0.31450939     4.52798539    16.17562982
219     2.33699646     3.27286109    15.40853748
220    11.20152058    -1.17904067    -5.67246354
221    10.94132174    -2.23759185    -7.21041152
222    12.00849741    -2.37626392    -4.41758469
223    -0.85337210     8.72202899    -5.13809757
224    -1.01824151     6.90902076    -4.57679819
225     0.55398163     9.54390773    -4.15427537
226    -8.85113324    10.68931274     7.45371938
227    -8.31014294    11.62238616     5.80583858
228    -7.22710860    10.74185600     8.57948160
229     7.88407227    -9.35379229   -12.33906594
230     7.33588640    -7.97338596   -13.49153244
231     7.66626475   -10.96315153   -13.37566196
232    -0.04931720    15.01282123    -7.95942304
233    -0.45445638    13.40014763    -8.88147729
234    -1.44898996    15.58755396    -6.67470062
235    -0.97884275   -17.36475659     0.36842903
236    -2.74198845   -17.03241702     1.11706979
237     0.29124893   -16.80263999     1.76683663
238    -7.58493395    -1.00183397    12.47310099
239    -6.82254598    -2.68157510    12.82857180
240    -6.43700098     0.28610907    13.32667815
241    -5.13751242    -8.23600943     9.51988408
242    -5.31356921    -7.16503818     7.89503033
243    -6.87143372    -9.05415617     9.75541504
244    -1.07885139     1.45072160   -12.90122576
245    -2.79730790     2.18459529   -12.36008151
246    -1.43171369     1.08341826   -14.78429735
247    -4.69742927    11.43174754    -2.99798231
248    -3.34137090    10.34382594    -3.78752609
249    -6.40996406    10.40330037    -2.92710397
250     6.91847881    14.02834902     7.35448687
251     6.18123199    14.26238177     5.58182307
252     5.45657304    13.68235749     8.59934437
253   -17.27024028    -8.56347775     0.18151568
254   -17.07592827    -8.52768364    -1.72982272
255   -15.80874473    -9.58179301     0.77953874
256     0.93221409   -14.55433280    -3.37498949
257    -0.54569329   -13.59821103    -4.29372899
258     0.08564219   -15.64423310    -2.04355346
259    10.82099003    -5.44107095    -8.41065737
260    11.73315528    -6.44494702    -7.02991478
261    10.65613862    -6.71709681    -9.88242664
262    -4.07293118    19.01305920     0.99849868
263    -4.88272843    17.91575870     2.43548373
264    -4.87190822    20.73402542     0.97117273
265    -3.78066300    -0.08869697    16.68822392
266    -3.62555836    -1.79642679    15.82772916
267    -1.96902169     0.44646195    16.91589357
268    -0.38145615    10.17281677    -9.98999315
269     1.49636582     9.75314784   -10.21888479
270    -0.67563960    10.09340193    -8.01689096
271     7.06604762    13.72609644    -2.30061913
272     6.98449842    14.16671498    -4.30286850
273     8.50548828    12.48591201    -2.06459632
274     3.17792630     2.98373525   -10.59639857
275     1.38579167     2.29253747   -11.09985240
276     3.38722300     2.46195997    -8.74233315
277   -18.07899901    -4.40093651     3.11646449
278   -19.74148609    -3.62471452     2.70824026
279   -17.84790011    -5.84058843     1.97715869
280     4.22837214    -9.23368376    -1.54755953
281     3.95921979    -9.00938847    -3.41049544
282     5.98171063    -8.35512962    -1.20658174
283     4.41825043   -10.55850624     3.33867705
284     4.52053428    -8.94500280     4.36223433
285     4.14621008   -10.15897062     1.52503760
286   -12.62092431    -0.85407606   -13.72330682
287   -12.91160836    -1.22115822   -15.55092403
288   -13.24778865    -2.42152323   -12.71481102
289    -5.43322543    15.96973783     4.60931867
290    -3.81888510    15.40290836     5.37159748
291    -5.74990936    14.47321230     3.51488430
292     2.60659512    11.99045277     9.90107657
293     3.50773314    10.30231884     9.79857804
294     1.56653783    11.78722180    11.55013985
295    -2.34745621   -11.59123845    -5.62358874
296    -4.22108898   -11.80680854    -5.92609507
297    -2.02556981   -10.03014884    -6.67926137
298    -1.19686343     1.02501515    11.25455242
299    -1.02148203     1.34791972    13.12701827
300    -1.38222467    -0.85135896    11.02345224
301    -2.39743995    -0.30742702   -17.61951261
302    -1.11455144    -1.63741295   -18.12966643
303    -3.15869746     0.37929550   -19.25404661
304    -9.55335920   -10.24154672     0.23294265
305    -7.83805643   -10.43592561     1.04755174
306    -9.86521769    -8.31426245     0.05309944
307     5.11215408     3.25627672    12.89695648
308     4.80435439     1.59004713    12.05123086
309     6.95848659     3.65202869    12.47734591
310     5.32582663    -5.43086873    -7.94639455
311     7.08697243    -4.79152949    -7.68184913
312     5.54999826    -6.31163887    -9.56668688
313    -5.15998552     8.95614234   -11.43817114
314    -3.39941750     9.24782206   -10.79435639
315    -5.26998425     9.69265189   -13.15170248
316   -10.19560865    -9.52257593     9.16875383
317   -11.12760456   -10.74260843    10.26222913
318   -11.51753467    -8.36825138     8.46442056
319     0.51453015    16.92584812     1.77815676
320    -0.09816749    15.81148068     3.21989827
321    -1.02886965    17.99729922     1.11105917
322    17.39568810     3.88893720     5.48798826
323    18.17355698     3.91484358     3.70834897
324    16.40395767     5.49008570     5.52395522
325     5.03391927    -0.81377363   -18.15152511
326     4.88969146     0.60839670   -16.86248537
327     5.70523624     0.00468332   -19.73206826
328   -11.96505451    -1.84964512     9.79962029
329   -11.89033502    -0.24146935     8.60201509
330   -10.47837435    -1.73774707    11.03261499
331   -12.71771586     0.91883339    -5.61397419
332   -13.40210032     2.30125953    -4.46832956
333   -13.91540104    -0.45945312    -5.81118255
334    -8.42958355    -2.18734705    -5.10417293
335    -6.69982850    -1.37645797    -4.77880629
336    -9.56150993    -0.65343611    -5.41969193
337   -16.61039242    -2.81145137    -5.52607038
338   -15.83204660    -4.54059200    -5.14425738
339   -17.63896947    -2.92579939    -7.16076447
340     7.36304416   -10.44793178     9.16867830
341     9.08337092   -10.02430459     9.93254915
342     7.58686574   -11.54603805     7.62712361
343    10.24554862     9.59800280    -1.50183798
344     9.25453355     8.81268287    -0.09477522
345    11.82028227     8.63262215    -1.85114542
346    -0.65340230    -9.00937362    -0.67670782
347    -1.39388828    -9.80579816    -2.28067959
348     1.23048100    -9.11561398    -0.97483471
349   -11.30024622     1.82545718     1.43798620
350   -11.67780041     3.68315036     1.26032703
351   -12.79887657     0.75165354     0.93073854
352   -12.73107514     6.61374360     2.21564374
353   -12.91629390     6.90958110     4.08911328
354   -12.43431503     8.38769404     1.42971797
355     5.69700450     2.49751883     1.29075821
356     6.53560824     4.10655211     1.78470542
357     3.82184721     2.77365063     1.71532477
358    -2.11127509    -6.76761217    -7.74321867
359    -2.03384065    -5.80861572    -6.02830700
360    -1.37793919    -5.65185384    -9.14078719
361    -5.73755322   -15.73019211     2.35846429
362    -5.72589161   -13.83305058     2.81591263
363    -7.46523884   -16.38005297     2.64215874
364     5.02563773   -14.62637488    -6.27556368
365     6.26711841   -15.90122281    -5.68911824
366     3.26967989   -14.83381465    -5.33288969
367     8.66079049    -2.53500631     6.48127536
368     9.81430415    -1.91948697     5.11739846
369     7.26347606    -3.50777920     5.65734748
370     0.19349565    -3.28219722   -10.76609452
371    -0.30463008    -1.72497859   -11.63643268
372     1.66373114    -2.98756143    -9.72298571
373    -5.91051455    11.87114419     1.87907117
374    -5.37926908    12.19692446     0.14530698
375    -5.54725700    10.04005553     2.11469142
376     6.49799244     3.77901033     6.82332321
377     7.98461152     3.21368875     5.69077886
378     5.15938284     2.29067159     6.77031854
379     2.43099729    -8.94958187     8.82995668
380     4.22112696    -9.48007293     9.23602867
381     1.24153730   -10.30132302     9.59629677
382     5.14358151    14.07774998    -7.21216083
383     3.42969566    14.96288192    -7.43248907
384     5.29551059    12.93475682    -8.68287911
385    11.87936282    -1.43464300     1.72962953
386    10.61963072    -1.76014558     0.28341363
387    12.93988364    -3.03335955     1.73302453
388     1.20447595    -5.11163999    12.02244981
389     1.83953059    -6.71469152    11.21678312
390     2.70669615    -3.94970819    12.11724078
391   -10.49969160    -6.14572324    -7.53604165
392    -9.25438178    -6.78518990    -8.87673214
393    -9.56592184    -4.64074353    -6.67662328
394     4.69816384    -5.39997330     5.47872208
395     3.28080068    -4.99857803     4.27573190
396     3.77363382    -6.35798056     6.88479105
397     2.88457530    -3.43834852    -3.85489345
398     2.97643302    -1.49207445    -4.27601578
399     3.80902009    -4.21157446    -5.32572764
400    -1.53300692     8.54296427     4.54459174
401    -1.26192369     7.10555414     5.76887289
402    -2.65456637     7.81735250     3.17102940
403   -12.61289981     7.36391762     7.57945510
404   -13.42809148     7.61426104     9.22034514
405   -11.04754481     8.54230650     7.55244355
406   -10.34941962     2.67929217   -10.05699078
407   -11.42457856     1.56819006   -11.18692211
408   -10.90501372     2.31255188    -8.30703572
409    -0.96958805    10.62823242    13.65453578
410    -2.39942096    10.61203520    12.36925353
411    -1.48140551     9.34753957    14.98999439
412     4.00119600     3.14697375   -15.48260060
413     3.76413231     5.06935895   -15.75704217
414     3.67172245     3.06389247   -13.56247964
415    -3.90248527    -4.63458175    13.12865591
416    -2.09172087    -5.22443387    13.22423174
417    -4.87466997    -6.00078180    12.27564716

 Atomic and electronic forces:
  1     0.00833690    -0.00737162    -0.00703739     0.00155283     0.00007182     0.00192230
  2    -0.01810702     0.01066144    -0.00748097    -0.00075576     0.00003431    -0.00081850
  3     0.01643866    -0.00498584     0.00738735    -0.00098827    -0.00002741    -0.00119972
  4    -0.00031699    -0.00952423     0.00703310    -0.00066740     0.00168567     0.00369349
  5    -0.00212336    -0.00915944     0.00291900     0.00026418    -0.00076348    -0.00228864
  6     0.00602792     0.01881008    -0.00565896     0.00017786    -0.00108764    -0.00182446
  7    -0.01603083     0.00932548     0.00571713     0.00168957     0.00077677     0.00373307
  8     0.00433407    -0.00252336     0.00397770    -0.00069045    -0.00016314    -0.00160538
  9     0.00929469    -0.00985966    -0.00358149    -0.00122905    -0.00035957    -0.00202196
 10    -0.02134019    -0.01905602     0.04075465    -0.00773916     0.00373671    -0.00622110
 11     0.00065138     0.00312301    -0.00581195     0.00342604    -0.00070843     0.00282707
 12     0.01754191     0.01454146    -0.02643678     0.00289543    -0.00214696     0.00350805
 13    -0.00428530     0.01378082    -0.00774036    -0.00075834    -0.00247209    -0.00052037
 14     0.00414370    -0.00872222     0.00096854     0.00047742     0.00132045     0.00041347
 15    -0.00064032    -0.00474108     0.00178125     0.00045530     0.00114133     0.00016848
 16     0.01524915     0.01117435    -0.06128745    -0.00267726    -0.00059783     0.00282843
 17     0.00002561    -0.01890099    -0.00675352     0.00131297     0.00003196    -0.00140658
 18    -0.01391433     0.00980661     0.05788412     0.00184141     0.00046351    -0.00164630
 19    -0.00214765     0.01820255     0.00601683     0.00171967     0.00113186    -0.00355289
 20    -0.00868699     0.00290588    -0.01201192    -0.00126721    -0.00073662     0.00198883
 21     0.00658671    -0.01577028    -0.00030701    -0.00068333    -0.00074922     0.00163844
 22    -0.01970315    -0.00513023     0.01510113     0.00552602     0.00157337    -0.00199142
 23     0.00981855    -0.00105780    -0.01244247    -0.00282205    -0.00110028     0.00059838
 24     0.01484595     0.00702811    -0.00243731    -0.00386612    -0.00069367     0.00138291
 25    -0.01070059    -0.02454190     0.00445774     0.00061376    -0.00210599    -0.00207291
 26     0.00273287     0.01061733     0.00038067    -0.00029217     0.00135629     0.00128705
 27     0.00511395     0.01905034    -0.01352845    -0.00023020     0.00102714     0.00083304
 28     0.01600562    -0.00662377    -0.03752306    -0.01125582     0.00711943     0.01731152
 29    -0.01252544    -0.00044053     0.02700233     0.00708378    -0.00640092    -0.00773108
 30     0.00244715     0.01468234     0.01345213     0.00561712    -0.00004861    -0.00784508
 31     0.00555631    -0.00479149     0.02066793     0.00135458    -0.00112755     0.00263448
 32    -0.00025641     0.00275584    -0.00635266    -0.00078266     0.00061457    -0.00116916
 33    -0.00417386     0.00244690    -0.01511399    -0.00075812     0.00075787    -0.00168287
 34     0.01117524     0.01560617    -0.02502609     0.00858433     0.00926045     0.00081212
 35     0.00173020     0.00566298     0.01620050    -0.00404902    -0.00432538    -0.00187406
 36    -0.01424744    -0.02525318     0.00311743    -0.00273194    -0.00313303    -0.00016683
 37    -0.00414492     0.02431509    -0.00138984    -0.00043613    -0.00006364     0.00189354
 38     0.01030128    -0.01131543     0.00893544     0.00017503     0.00011198    -0.00096988
 39    -0.01587331    -0.00144356    -0.00591728     0.00031760     0.00004840    -0.00098551
 40    -0.00511345    -0.02177195    -0.00488988     0.00124579    -0.00086344     0.00096883
 41    -0.00601673     0.01343518     0.00277694    -0.00074696     0.00049959    -0.00059829
 42     0.00308310     0.01074930     0.00571823    -0.00060107     0.00034146    -0.00044671
 43     0.00943664    -0.02538691    -0.01235592    -0.00132911    -0.00115530     0.00122645
 44    -0.01248980     0.00402571    -0.00444174     0.00071390     0.00053657    -0.00053079
 45     0.00425170     0.02052020     0.01369921     0.00069186     0.00052709    -0.00071594
 46     0.00723444    -0.01094154    -0.00158535     0.00087186    -0.00137797     0.00062470
 47    -0.01843356     0.01889857    -0.00002207    -0.00047956     0.00083658    -0.00035052
 48     0.01059862    -0.01397983     0.00469367    -0.00037280     0.00065276    -0.00024349
 49    -0.00962275     0.00865339     0.01637614     0.01504539    -0.00982365    -0.00869282
 50     0.00258876    -0.00134789    -0.00651087    -0.00801674     0.00258106     0.00229415
 51     0.01010199    -0.00791776    -0.00259792    -0.00787390     0.00583488     0.00681706
 52    -0.01415593    -0.00632604    -0.03244559     0.00791706    -0.00295668     0.01795228
 53     0.00528238     0.00742154     0.01058081    -0.00378481    -0.00152624    -0.00869657
 54     0.01236241    -0.00228437     0.02418863    -0.00345076     0.00404173    -0.01036319
 55    -0.00756892     0.00718409    -0.00195752    -0.00011810    -0.01194127    -0.00118045
 56    -0.00213462     0.00334108     0.00584869    -0.00115082     0.00529181     0.00051618
 57     0.00033666    -0.00628071     0.00324805     0.00059760     0.00748351     0.00207356
 58    -0.00506155     0.01718779    -0.00900866     0.00202664    -0.00219024     0.00574891
 59     0.00347420    -0.01522704     0.01569969    -0.00141463     0.00127665    -0.00419387
 60     0.00547923     0.00146617    -0.01019269    -0.00049816     0.00087290    -0.00259606
 61    -0.00167338     0.00274203    -0.01065190    -0.00225720    -0.00872760     0.00543168
 62     0.00579915    -0.01932455    -0.00270411     0.00212942     0.00454407    -0.00411325
 63     0.00277346     0.00190235     0.01116188     0.00126279     0.00542365    -0.00181121
 64    -0.02822246    -0.01543934    -0.03397436     0.00023790     0.00317910     0.00337279
 65     0.00267421     0.01182911     0.00700027    -0.00010778    -0.00203098    -0.00240387
 66     0.03087085    -0.00007163     0.02401076    -0.00032738    -0.00131428    -0.00159074
 67    -0.01144169     0.00526564    -0.04768276     0.00034611    -0.00207160    -0.00072201
 68    -0.03050024     0.00143221     0.03015963    -0.00011652     0.00113545     0.00030563
 69     0.04282331    -0.00944781     0.01729613    -0.00025382     0.00099436     0.00030264
 70    -0.00464198     0.00134189     0.00959764    -0.00052750     0.00512836    -0.00038638
 71     0.00477130    -0.01026215    -0.01133946     0.00026834    -0.00217937    -0.00009605
 72     0.00047227     0.00311486     0.00076546     0.00061526    -0.00338406     0.00017502
 73     0.01451528    -0.02924370     0.01213394    -0.00187723    -0.00223486     0.00455276
 74    -0.00460199     0.00740548    -0.00220300     0.00073750     0.00073562    -0.00184714
 75    -0.00827804     0.02059311    -0.00854363     0.00060073     0.00129900    -0.00207127
 76    -0.01173738    -0.00369929    -0.00185609    -0.00007233     0.00025635     0.00197737
 77     0.00276216    -0.00037543    -0.00288548     0.00003764    -0.00011704    -0.00082833
 78     0.01223812     0.00326933     0.00684556     0.00012432    -0.00008571    -0.00103437
 79     0.01686782     0.02067191    -0.00782326    -0.00331073    -0.00126228     0.00075997
 80    -0.00595824    -0.01131116     0.00043716     0.00136061     0.00061952    -0.00043333
 81    -0.00636792    -0.00708714     0.00448199     0.00161693     0.00069248    -0.00015958
 82    -0.00242434     0.04183512     0.01147339    -0.00356238    -0.00083595    -0.00883257
 83    -0.00448717    -0.01258906    -0.00029742     0.00215993     0.00051258     0.00345345
 84     0.01075549    -0.02999401    -0.00642890     0.00179900    -0.00066078     0.00437809
 85     0.00360700    -0.02800553     0.02039501     0.00075267    -0.00077635     0.00079548
 86    -0.01183944     0.00715040    -0.01169954    -0.00034422     0.00032404    -0.00035248
 87     0.01321414     0.02486140    -0.01012018    -0.00045258     0.00041244    -0.00044600
 88     0.02810945     0.01062182     0.03996706    -0.00183586    -0.00152104    -0.00134206
 89    -0.00568216    -0.02512268    -0.01782680     0.00073172     0.00070430     0.00059213
 90    -0.02564658     0.00757826    -0.01498083     0.00104194     0.00101295     0.00072572
 91    -0.00923414     0.01367084    -0.01063046     0.00218289     0.00096641     0.00184050
 92     0.00528119    -0.01366571     0.00814738    -0.00101139    -0.00064257    -0.00090175
 93    -0.00103931     0.00189334     0.00226772    -0.00091424    -0.00036330    -0.00091264
 94     0.02352519    -0.03720455     0.02329808    -0.00112188    -0.00196517    -0.00011803
 95    -0.03457721     0.04478297    -0.02250281     0.00069403     0.00101410     0.00010154
 96     0.00883171    -0.00876550     0.00041686     0.00058646     0.00104759    -0.00005623
 97     0.01173129     0.00548044     0.00632085     0.00391444    -0.00011466    -0.00046946
 98    -0.00669512    -0.02355601    -0.00454649    -0.00208972     0.00033598     0.00028590
 99    -0.00516264     0.01086751    -0.00706975    -0.00216248    -0.00010505     0.00047725
100    -0.03444409     0.02567705     0.00418929    -0.00130006    -0.00327259     0.00242301
101     0.01695814    -0.02057581     0.00579814     0.00090565     0.00148185    -0.00122176
102     0.01657999     0.00090607    -0.00568126     0.00081795     0.00225857    -0.00155153
103     0.02413599     0.01951831     0.03813522    -0.00106904    -0.00290723    -0.00167489
104     0.00121931    -0.00890625    -0.02279780     0.00038865     0.00126018     0.00088864
105    -0.02477162    -0.01080566    -0.01227470     0.00047296     0.00185371     0.00095509
106     0.00048107     0.00688187     0.00477518     0.00208057    -0.00217746     0.00055139
107    -0.00559500    -0.00764238    -0.00634711    -0.00093615     0.00089738    -0.00034995
108     0.00164560    -0.00223261     0.00103215    -0.00137940     0.00128343    -0.00036676
109     0.02502708    -0.00143777     0.02066175     0.00164060    -0.00032269     0.00116630
110    -0.03517777     0.00420848    -0.02236492    -0.00100351     0.00020219    -0.00069567
111     0.00421910     0.00639160     0.00196573    -0.00081648     0.00011428    -0.00048618
112    -0.02267861     0.01624292     0.02124735    -0.00030656    -0.00185766    -0.00156698
113     0.00616638    -0.00334131    -0.01800168     0.00011807     0.00076631     0.00074625
114     0.01553053    -0.01190761    -0.00418038     0.00005383     0.00098690     0.00073183
115     0.04374440    -0.05148614    -0.03508118     0.00024232    -0.00175338    -0.00116898
116    -0.03680034     0.04107584     0.01744185    -0.00014324     0.00073137     0.00049759
117    -0.00776115     0.00722277     0.01901377    -0.00013048     0.00094145     0.00050137
118     0.01037103    -0.01504084     0.00586786     0.00026724     0.00058140     0.00564384
119    -0.00082333     0.00812778     0.00059966    -0.00050854    -0.00033141    -0.00254966
120    -0.00625956     0.00694460    -0.00212894    -0.00007115     0.00009772    -0.00251347
121     0.02135219    -0.02547446     0.02170162     0.00455849     0.00280906    -0.00512341
122    -0.02156362     0.01363607    -0.00588376    -0.00240673    -0.00103127     0.00193633
123     0.00587015     0.01166798    -0.01043029    -0.00293653    -0.00116984     0.00364274
124     0.03694037     0.04000835     0.00671848    -0.00480146    -0.00014335     0.00028237
125    -0.02959066    -0.02367037    -0.01478742     0.00278504    -0.00022784    -0.00041661
126    -0.01029560    -0.01373361     0.01310284     0.00219302     0.00031380    -0.00031712
127     0.01078412     0.06322158    -0.01073712    -0.00943333    -0.01752269    -0.01260933
128    -0.00547202    -0.02933121     0.01479897     0.00710428     0.00685715     0.00751569
129    -0.00464711    -0.03074692    -0.00726671     0.00313353     0.00490697     0.00677820
130     0.00871051    -0.00722253    -0.01706771     0.00004988    -0.00143506     0.00116293
131    -0.01237601     0.00725830     0.00558562     0.00003184     0.00079022    -0.00069126
132     0.00202138    -0.00455771     0.01043139    -0.00003733     0.00080291    -0.00053944
133     0.01098321     0.01528580     0.03684446     0.00518040     0.00169740     0.00300480
134    -0.00045342    -0.00011217    -0.00534415    -0.00278923    -0.00140825    -0.00206989
135    -0.01199144    -0.01302835    -0.03092260    -0.00186103    -0.00064730    -0.00127909
136    -0.00193515     0.01312353     0.01445656     0.00164655    -0.00150887    -0.00014628
137    -0.00599974    -0.01074441     0.00127242    -0.00075926     0.00081590     0.00014292
138     0.00663751    -0.00116158    -0.00892329    -0.00087465     0.00085777    -0.00002809
139     0.03054639    -0.00633777     0.01145102     0.00462723    -0.00328459     0.00118340
140    -0.00130127     0.02345917     0.01556904    -0.00296412     0.00167309    -0.00104034
141    -0.03574462    -0.01805964    -0.02750126    -0.00253624     0.00229295    -0.00043692
142    -0.00412499     0.04728077     0.00523205     0.00227847    -0.00042307     0.00002477
143     0.01007622    -0.00642087    -0.00053376    -0.00139904     0.00021031     0.00002828
144    -0.00716659    -0.04157052    -0.01099133    -0.00109233     0.00031130     0.00001528
145    -0.01497560     0.01579177    -0.00287222     0.00108173    -0.00483843     0.00302539
146     0.02509587    -0.02085048    -0.00326782    -0.00021392     0.00307094    -0.00202706
147    -0.01582007     0.00738440     0.00494592    -0.00055181     0.00244369    -0.00103235
148     0.01315394     0.00649110     0.00416292    -0.01248681     0.00757653     0.00011490
149    -0.00568833    -0.00003638    -0.00930982     0.00724888    -0.00239675    -0.00121150
150    -0.00917225    -0.00393457     0.00295581     0.00585614    -0.00329772     0.00176205
151    -0.00340569    -0.00699280     0.00667542     0.00206388    -0.00104801    -0.00002442
152     0.01173268     0.00265348     0.00263354    -0.00098347     0.00063343     0.00003466
153    -0.00764510    -0.00393047    -0.00430252    -0.00091733     0.00045662    -0.00006910
154    -0.00938657     0.00303124     0.00437948    -0.00450123     0.00335310     0.00183692
155     0.00468615    -0.00484103    -0.01392064     0.00311643    -0.00227248    -0.00086490
156     0.00524982     0.00648431     0.00361585     0.00192330    -0.00192196    -0.00113254
157    -0.01246504    -0.02109688    -0.01551696     0.00133030    -0.00126157     0.00070484
158     0.00618821     0.01102866     0.02070558    -0.00064870     0.00056869    -0.00041732
159     0.00904056     0.01241850    -0.00774825    -0.00056685     0.00065275    -0.00034076
160    -0.01544600    -0.03343090     0.00726610     0.01355114     0.00125981    -0.00040016
161     0.01193415     0.01178340    -0.01119644    -0.00645600     0.00037835    -0.00119510
162    -0.00119798     0.02069056     0.00467788    -0.00673604    -0.00239008    -0.00017941
163     0.05228631    -0.00640700     0.00341871     0.00111691    -0.00043630     0.00081508
164    -0.02397395    -0.01781821     0.00441844    -0.00052849     0.00017081    -0.00034854
165    -0.02307657     0.01855789    -0.00624060    -0.00063508     0.00020327    -0.00047512
166    -0.00599934     0.00529606    -0.05136161     0.00228847     0.00039619     0.00113957
167    -0.00133675    -0.00071306    -0.00264143    -0.00113173    -0.00031433    -0.00067083
168     0.00341355     0.00168922     0.04613647    -0.00132826    -0.00024749    -0.00049759
169     0.03518040     0.00755602     0.01352652    -0.00701656    -0.00529260     0.01041306
170     0.00270438     0.00451546    -0.00450003     0.00204473     0.00176029    -0.00367807
171    -0.04542911    -0.00342080    -0.00976926     0.00406309     0.00232152    -0.00372928
172    -0.01732102    -0.01378250     0.00715524     0.00156458    -0.00093448     0.00044439
173     0.00453678     0.00102416     0.00195386    -0.00071510     0.00038075    -0.00024341
174     0.01150763     0.01830781    -0.01049753    -0.00072757     0.00052898    -0.00025508
175     0.06236269     0.03270604    -0.00038680    -0.00210357    -0.00204546    -0.00016989
176    -0.02620136    -0.02986201    -0.02234993     0.00127086     0.00122523    -0.00005607
177    -0.03323713    -0.00221456     0.02369213     0.00109225     0.00119696     0.00025164
178     0.02249674     0.04030386    -0.00436387    -0.00300540    -0.00324140     0.00098029
179    -0.00266975    -0.02049383    -0.02020541     0.00156222     0.00150343    -0.00081620
180    -0.01833164    -0.02238268     0.01702432     0.00203401     0.00220179    -0.00045321
181    -0.01099904    -0.01556892     0.01368337     0.00036616    -0.00113907    -0.00208507
182     0.01077885     0.00277526     0.00496006    -0.00029138     0.00051107     0.00107094
183     0.00121556     0.01784318    -0.01377858    -0.00020984     0.00071368     0.00103147
184    -0.00303448    -0.00148148    -0.01572823     0.00009539    -0.00236727     0.00335639
185    -0.00180242     0.00182754    -0.00959883    -0.00009735     0.00150030    -0.00162123
186    -0.00216736     0.00442238     0.01236849    -0.00016222     0.00095291    -0.00136955
187    -0.00335791     0.00645625     0.01226562     0.00312836    -0.00037392     0.00189427
188     0.00448796     0.00366972    -0.00060882    -0.00142363    -0.00000146    -0.00079442
189     0.00914296    -0.01640223    -0.01828574    -0.00158661     0.00032555    -0.00076517
190    -0.03609992     0.00701141     0.02422356     0.00217211     0.00330146     0.00164644
191     0.02010881    -0.00213868    -0.02955127    -0.00128242    -0.00169829    -0.00059673
192     0.01929632    -0.01447979     0.01050951    -0.00083936    -0.00181845    -0.00074742
193     0.00737792     0.00575892     0.00023146     0.00506272     0.00570356     0.00569856
194     0.00999831     0.01306725     0.00295551    -0.00182566    -0.00298635    -0.00372062
195    -0.01476449    -0.01579007     0.00323747    -0.00175988    -0.00233415    -0.00182224
196    -0.02196611    -0.00852561     0.01172917     0.00180749    -0.00005292     0.00030941
197     0.00064462    -0.00280132     0.00465388    -0.00098250     0.00008431    -0.00010284
198     0.02493240     0.01224460    -0.01134177    -0.00080361    -0.00001076    -0.00010614
199     0.00880878     0.00346888    -0.00232504    -0.00057544    -0.00288939     0.00107994
200    -0.00650830    -0.00484766     0.01354133     0.00020700     0.00176582    -0.00054026
201     0.00683323    -0.00412428    -0.01036750     0.00038310     0.00148998    -0.00075572
202    -0.01015819     0.03062595     0.02466547     0.00286119     0.00033139     0.00035864
203     0.01315964    -0.00978216     0.00157947    -0.00121112    -0.00007080    -0.00019507
204    -0.00749249    -0.01251916    -0.01849129    -0.00157910    -0.00009512    -0.00005112
205    -0.00257653    -0.00310654     0.01682458    -0.00253947    -0.00224725     0.00219555
206     0.00970522     0.00470362    -0.01148300     0.00099307     0.00086331    -0.00086239
207    -0.00130333    -0.00291138    -0.00381151     0.00130867     0.00101918    -0.00139653
208    -0.01226310     0.00225004    -0.00845544     0.00026970    -0.00184636     0.00081620
209     0.00507418    -0.00332934     0.00603192    -0.00007918     0.00107363    -0.00042309
210     0.00204014     0.00296377     0.00228880    -0.00024256     0.00098422    -0.00043040
211    -0.00629530     0.00398289    -0.00505028     0.00125805    -0.00185653    -0.00043688
212     0.00491291    -0.00311191    -0.00029643    -0.00052965     0.00097949     0.00018731
213     0.00187679     0.00047473    -0.00357993    -0.00062099     0.00091452     0.00033372
214    -0.03171294     0.02231832    -0.02314777     0.00114006    -0.00145939    -0.00175322
215     0.03166699     0.00788524     0.00960593    -0.00046711     0.00083043     0.00094326
216     0.00656567    -0.02465415     0.01603772    -0.00059205     0.00063469     0.00098985
217     0.00895763    -0.01076188    -0.00658163     0.00028754    -0.00017795     0.00215292
218    -0.00951680     0.01333553     0.00542999    -0.00009516    -0.00000525    -0.00108571
219    -0.00023019    -0.00422072    -0.00062138    -0.00025543     0.00006873    -0.00109384
220    -0.00765162     0.01932449     0.01698210     0.00348768    -0.00148210    -0.00067544
221    -0.00004610    -0.01153120    -0.01586961    -0.00153812     0.00079374     0.00048584
222     0.00858406     0.00293306     0.00043492    -0.00150863     0.00073412     0.00014008
223    -0.01888861    -0.01439075    -0.00007090     0.00554959     0.02200382    -0.01008254
224     0.00717196     0.01047277    -0.00283830    -0.00391952    -0.01097227     0.00597178
225     0.01740002     0.00495159     0.00703901    -0.00379725    -0.00815889     0.00188470
226     0.03069340     0.01869186    -0.02240586    -0.00197301     0.00183603     0.00309272
227    -0.01300507    -0.01536749     0.03147742     0.00113617    -0.00132050    -0.00163140
228    -0.01949264    -0.00513525    -0.01082016     0.00072488    -0.00088735    -0.00164226
229     0.00461132    -0.03491431     0.01453274     0.00112247    -0.00156828    -0.00104286
230    -0.00746634     0.02539331    -0.01826167    -0.00058874     0.00078347     0.00065133
231     0.00429843     0.01206797     0.00979811    -0.00043606     0.00069496     0.00046069
232    -0.01005392     0.01778124     0.02584616     0.00093352     0.00503056    -0.00227588
233    -0.01120514     0.00153608     0.00109781    -0.00049211    -0.00282638     0.00176979
234     0.02326035    -0.01359085    -0.02633342    -0.00015002    -0.00272637     0.00087092
235     0.01299820     0.01795928     0.03379657     0.00008005    -0.00164667     0.00026458
236     0.00665419    -0.00293122    -0.00553398     0.00002685     0.00083598    -0.00016551
237    -0.02414418    -0.01270404    -0.02292471    -0.00009003     0.00082453    -0.00019014
238    -0.00466091     0.02968083    -0.00507992    -0.00084530    -0.00083512     0.00239984
239     0.01355353    -0.01836839     0.00559813     0.00032624     0.00048894    -0.00109732
240    -0.00636950    -0.00983541    -0.00376428     0.00033129     0.00031433    -0.00124771
241    -0.00549005     0.01033784    -0.01577353    -0.00041642    -0.00171910     0.00171614
242     0.00101250    -0.01283507     0.01468624     0.00030299     0.00108612    -0.00103217
243    -0.00016712     0.00127205    -0.00404030     0.00027351     0.00077103    -0.00073672
244    -0.01691811    -0.00121553    -0.00047696     0.00071402    -0.00229733    -0.00744245
245     0.00386968     0.00129511    -0.00027807     0.00037543     0.00107823     0.00437667
246     0.00893640    -0.00427756     0.00464425    -0.00013845     0.00077772     0.00269629
247    -0.03823104    -0.01271965     0.01146425    -0.00449227     0.01273804    -0.00008973
248     0.00036328    -0.00038174    -0.00856162     0.00162780    -0.00852717     0.00118773
249     0.03617511     0.01732698    -0.01039170     0.00383788    -0.00562351    -0.00010492
250    -0.01261455    -0.01191312     0.00138784     0.00153941     0.00166917     0.00180069
251     0.00130607     0.00571542     0.00996791    -0.00090360    -0.00109536    -0.00095416
252     0.01089682     0.00555617    -0.01583894    -0.00065688    -0.00082068    -0.00103008
253    -0.00411084     0.00615521    -0.01517727    -0.00149180    -0.00128710     0.00032942
254    -0.00143579     0.00264295     0.00611595     0.00078333     0.00068322    -0.00007454
255     0.00800410    -0.00717889     0.00821124     0.00070100     0.00072190    -0.00020201
256    -0.01514720     0.01635005    -0.02606004     0.00033760    -0.00217659    -0.00002679
257     0.01919263    -0.01140487     0.01802730    -0.00010111     0.00123354     0.00007854
258    -0.00324527    -0.00804855     0.00701935    -0.00010427     0.00099197    -0.00005404
259    -0.00346045    -0.02766292    -0.01929075     0.00212153    -0.00163818    -0.00087357
260    -0.00249775     0.00618217    -0.00170996    -0.00097353     0.00077311     0.00027655
261     0.00130191     0.01971651     0.01471639    -0.00086497     0.00076367     0.00046092
262    -0.00387572    -0.01384513    -0.00053488    -0.00045165     0.00329215     0.00090381
263     0.00742607     0.02079162    -0.01298715     0.00034861    -0.00167394    -0.00067513
264    -0.00362305    -0.00100999     0.00647294     0.00022856    -0.00133689    -0.00032767
265     0.00527361    -0.02367600    -0.01507890    -0.00016747    -0.00043438     0.00190384
266    -0.00706460    -0.00156981     0.00309015     0.00008093     0.00031760    -0.00096635
267     0.00846598     0.01205709     0.00649815    -0.00000261     0.00019112    -0.00096063
268     0.00021105    -0.00074739     0.04006699     0.00167110     0.00612861    -0.00684651
269    -0.00573789     0.00024277    -0.00313384    -0.00156450    -0.00252641     0.00315252
270     0.00623658    -0.00472346    -0.03627250    -0.00110172    -0.00481641     0.00388557
271    -0.01053263     0.01586686    -0.06604032     0.00326301     0.00340713     0.00025832
272     0.00010544    -0.01424462     0.06613618    -0.00151847    -0.00167722     0.00021395
273     0.00769975    -0.00368330    -0.00149142    -0.00180615    -0.00141275    -0.00016647
274    -0.03048478    -0.00402262     0.01344324     0.00551598    -0.00150777    -0.00781554
275     0.02621883     0.01003538    -0.00530458    -0.00197708     0.00123802     0.00456466
276     0.00202117    -0.00423386    -0.00895698    -0.00414734     0.00153518     0.00422952
277     0.00587104     0.03325568     0.02509321    -0.00181926    -0.00101239     0.00071944
278    -0.00976676     0.00193101     0.00039727     0.00087267     0.00040056    -0.00029195
279     0.00472246    -0.03728416    -0.02269242     0.00087330     0.00057385    -0.00028655
280     0.03937251     0.02689233     0.00619534     0.00145286    -0.00322045     0.00037037
281    -0.00029719    -0.00355537    -0.00708609    -0.00075606     0.00172410     0.00003569
282    -0.02785839    -0.02020026    -0.00288707    -0.00092309     0.00149335    -0.00022298
283     0.00369141    -0.01113407     0.02727569     0.00096267    -0.00226125     0.00097334
284    -0.00093369     0.00201034    -0.00486410    -0.00057291     0.00118392    -0.00066134
285    -0.00246305     0.00969496    -0.02438003    -0.00055474     0.00132681    -0.00042176
286    -0.00187744     0.00006050     0.01636543    -0.00216123    -0.00109411    -0.00218696
287    -0.00101722    -0.00141507    -0.00374479     0.00084102     0.00044147     0.00096905
288     0.00535087     0.01070064    -0.01213602     0.00107077     0.00066501     0.00092571
289    -0.00604434     0.01150967     0.00109462    -0.00093633     0.00320633     0.00211948
290     0.02280149     0.00496587     0.02665244     0.00026800    -0.00164285    -0.00125594
291    -0.01934652    -0.01683482    -0.01878649     0.00075264    -0.00205332    -0.00133532
292    -0.01300404     0.00225739     0.01805209     0.00095941     0.00158594     0.00271804
293     0.00121384    -0.00761593    -0.00505803    -0.00063868    -0.00068585    -0.00150379
294     0.00627945     0.00698071    -0.01359663    -0.00030757    -0.00063819    -0.00126832
295     0.01605365     0.01053206    -0.00031981    -0.00005780    -0.00303865    -0.00046793
296    -0.02263329    -0.01534411     0.00364706     0.00019026     0.00143958     0.00024547
297     0.00871736     0.00824616    -0.00150394    -0.00000071     0.00177826     0.00043129
298    -0.00333521     0.00865264    -0.00868235     0.00019903    -0.00085480     0.00359117
299     0.00528063     0.00241800     0.00503070    -0.00008784     0.00027775    -0.00145797
300    -0.00354502    -0.00928378    -0.00089803    -0.00007296     0.00062450    -0.00166898
301    -0.00532879     0.01237924    -0.01230357    -0.00008130    -0.00109726    -0.00335066
302    -0.00081140    -0.00544340    -0.00232381    -0.00008997     0.00058912     0.00145192
303     0.00701049    -0.00780634     0.01527737     0.00009851     0.00035970     0.00143729
304    -0.01953436     0.02894125    -0.00904967    -0.00126655    -0.00251755     0.00057671
305     0.00861678    -0.00261485     0.00418560     0.00051901     0.00135506    -0.00038023
306     0.00124150    -0.02375520     0.00462237     0.00088185     0.00146845    -0.00036614
307    -0.00190644     0.01182021     0.00392809     0.00106646    -0.00017825     0.00241215
308    -0.00295266    -0.01750624    -0.00534746    -0.00057746     0.00024349    -0.00129464
309    -0.00233024     0.00631560     0.00550164    -0.00062752     0.00005503    -0.00109639
310    -0.00283063     0.01361463     0.01465205     0.00256739    -0.00349416    -0.00168639
311     0.01297713     0.00601860     0.00963617    -0.00143402     0.00146795     0.00071871
312    -0.00885065    -0.01810457    -0.02486123    -0.00098420     0.00141099     0.00083704
313    -0.01460373    -0.02061272     0.01067350    -0.00244553     0.00383589    -0.00664494
314     0.01821523     0.00918610     0.00001225     0.00065803    -0.00260067     0.00387009
315     0.00101655     0.01030772    -0.01593409     0.00078441    -0.00135716     0.00247602
316     0.01081223    -0.00361885     0.00359884    -0.00078827    -0.00136208     0.00120123
317    -0.00165233    -0.00580284     0.00388391     0.00033854     0.00056997    -0.00050336
318    -0.01050191     0.01100883    -0.00532922     0.00050374     0.00068759    -0.00062350
319    -0.02816811     0.01056614    -0.00817094     0.00079710     0.00396743     0.00150312
320    -0.00124194     0.01178120    -0.00645813    -0.00034024    -0.00204405    -0.00110977
321     0.02553974    -0.02145068     0.01767754    -0.00013961    -0.00190569    -0.00057362
322     0.02651823    -0.01917045    -0.01381677     0.00166031    -0.00004347     0.00073642
323    -0.00195283    -0.00874899     0.00876181    -0.00085614     0.00002024    -0.00028944
324    -0.01841603     0.01713361     0.00495941    -0.00089482    -0.00005347    -0.00041983
325     0.00558982    -0.02210734    -0.01225595     0.00110013    -0.00081345    -0.00233569
326    -0.00698255     0.00971397     0.00368581    -0.00071877     0.00039386     0.00142393
327    -0.00063294    -0.00017512     0.00273924    -0.00047675     0.00027043     0.00102159
328     0.00396105     0.01616515    -0.01876834    -0.00150670    -0.00096376     0.00199039
329    -0.00306557    -0.02114337     0.03092820     0.00097360     0.00046741    -0.00117982
330    -0.00502955     0.00725696    -0.00514263     0.00062743     0.00046331    -0.00106603
331     0.05588189     0.03175545    -0.00343234    -0.00584602    -0.00199568    -0.00141811
332    -0.01626356    -0.00492876    -0.00115738     0.00306370     0.00058435     0.00037553
333    -0.03830246    -0.02583020     0.00123498     0.00219753     0.00093124     0.00051013
334     0.00926357     0.02004066     0.00919737    -0.00589813    -0.00658143    -0.00198450
335    -0.00722865    -0.01167339    -0.00853000     0.00367880     0.00504688     0.00145939
336    -0.00739941    -0.01192395    -0.00041469     0.00364479     0.00265965     0.00118958
337    -0.00165862     0.00222463    -0.00830324    -0.00270336    -0.00136633    -0.00045000
338    -0.00631016     0.00141996    -0.00494442     0.00124998     0.00082786     0.00018469
339     0.01086190    -0.00351459     0.01635035     0.00116317     0.00055592     0.00030371
340    -0.01421850     0.01172261     0.00407961     0.00077304    -0.00123139     0.00101688
341    -0.00180215    -0.01160755    -0.00017863    -0.00040252     0.00052604    -0.00047499
342     0.01108478    -0.00284072    -0.00120065    -0.00039331     0.00065706    -0.00044194
343    -0.01645836     0.02474205    -0.01941475     0.00412134     0.00178112     0.00052300
344     0.00016034    -0.01243223     0.01228252    -0.00238573    -0.00095273    -0.00062589
345     0.01488155    -0.01378408     0.00637446    -0.00185207    -0.00057738    -0.00016372
346    -0.02160529    -0.00470817    -0.01547861     0.00041712    -0.00417571     0.00075556
347     0.00045483     0.00300874     0.01237774    -0.00008678     0.00198241    -0.00011739
348     0.01311266    -0.00321147     0.00195131    -0.00046331     0.00196620    -0.00031013
349     0.02344245    -0.01853317    -0.00028271    -0.00629430    -0.00182602     0.00331062
350    -0.01483823     0.00883551     0.00586661     0.00334253     0.00024938    -0.00161867
351    -0.00800209     0.00498385     0.00053556     0.00254783     0.00089434    -0.00100846
352     0.00272886     0.00280418    -0.02127075    -0.00487013     0.00106196     0.00252818
353    -0.00249765     0.00335160     0.01024302     0.00189836    -0.00045283    -0.00129486
354    -0.00191817    -0.00911171     0.01126909     0.00245516    -0.00098419    -0.00111279
355    -0.03394435    -0.01169892    -0.01706626     0.00837915    -0.00213796     0.00486406
356     0.01981427     0.01841351     0.01199200    -0.00366832     0.00014139    -0.00211266
357     0.01267671    -0.00735937     0.00531844    -0.00481078     0.00142822    -0.00411678
358    -0.00536548    -0.00258223     0.01023751    -0.00004460    -0.00504359    -0.00203617
359    -0.00222558    -0.00480620    -0.02387136     0.00001248     0.00338242     0.00093596
360     0.00152327     0.00368175     0.01018298    -0.00015249     0.00252262     0.00146996
361     0.01967966     0.02358976     0.00408991    -0.00031215    -0.00172094     0.00046855
362    -0.00005477    -0.01845278    -0.00812350     0.00019879     0.00099734    -0.00032451
363    -0.01430378    -0.00387283     0.00166787     0.00019909     0.00077130    -0.00021404
364    -0.03954546     0.01496357    -0.00177001     0.00065881    -0.00178949    -0.00029337
365     0.00107924    -0.01360304     0.01049652    -0.00031307     0.00077063     0.00009635
366     0.03885582    -0.00135529    -0.00335931    -0.00026515     0.00096965     0.00010992
367     0.02009981     0.00880710     0.01592471     0.00213799    -0.00140577     0.00193638
368     0.00292796     0.00532118    -0.00948533    -0.00124223     0.00067120    -0.00087032
369    -0.01679912    -0.01321665    -0.00482755    -0.00111373     0.00096242    -0.00106322
370    -0.02992631    -0.04157585    -0.00058771     0.00129433    -0.00465039    -0.00449001
371    -0.00583751     0.03180658    -0.01875621    -0.00057561     0.00213073     0.00286822
372     0.03546039     0.00892803     0.01775077    -0.00124723     0.00257671     0.00223101
373    -0.01406263    -0.00247825     0.03746989    -0.00331165     0.00642222     0.00423301
374     0.01245816     0.01357297    -0.04325854     0.00175160    -0.00415974    -0.00166679
375    -0.00206623    -0.01645789     0.00871234     0.00228993    -0.00365639    -0.00340321
376    -0.03933919    -0.03527574    -0.00110439     0.00307154    -0.00024436     0.00362053
377    -0.00055969     0.00140936     0.00476340    -0.00171572     0.00021146    -0.00152215
378     0.03393992     0.03293227     0.00069763    -0.00152828     0.00046787    -0.00213666
379    -0.01321687     0.00692082     0.00536449     0.00056993    -0.00172594     0.00154063
380     0.01226671    -0.01090322     0.00156208    -0.00033583     0.00075319    -0.00066874
381     0.00919051     0.00711279    -0.00713618    -0.00017265     0.00078341    -0.00067604
382    -0.01082405     0.01182771     0.00953730     0.00272914     0.00376899    -0.00158304
383     0.00727498    -0.00333724     0.00431718    -0.00106029    -0.00209462     0.00085136
384     0.00443292    -0.00966605    -0.01203962    -0.00147013    -0.00176117     0.00112620
385    -0.00475882    -0.01461307    -0.00810222     0.00286201    -0.00121197     0.00100222
386     0.00295987     0.00972982     0.01204424    -0.00171680     0.00084540    -0.00046403
387     0.00727277     0.00549176     0.00292124    -0.00116654     0.00058409    -0.00037979
388    -0.00146058     0.00556958     0.00943203     0.00043288    -0.00129169     0.00204863
389     0.00305864    -0.01171119    -0.00542939    -0.00024472     0.00071200    -0.00091546
390     0.00631588     0.00546735     0.00171354    -0.00032757     0.00058597    -0.00106457
391     0.00776685     0.01466239    -0.00035927    -0.00234496    -0.00300952    -0.00124212
392     0.00249280    -0.00365323     0.00459057     0.00094738     0.00150840     0.00076443
393    -0.00870556    -0.01305000    -0.00502275     0.00161162     0.00201629     0.00078047
394    -0.00448477    -0.01352752     0.01062181     0.00170646    -0.00253150     0.00221134
395    -0.01132415     0.00599251    -0.00944555    -0.00094760     0.00171926    -0.00134556
396     0.00929918     0.00141470    -0.00157512    -0.00059291     0.00111758    -0.00103527
397     0.00592151     0.05701131    -0.00383377     0.00471637    -0.00787794    -0.00075100
398    -0.00406232    -0.03792734     0.00869873    -0.00389007     0.00480196     0.00095923
399     0.00788663    -0.01681022    -0.01281128    -0.00191691     0.00291759     0.00073256
400     0.00470683     0.01116476    -0.02329165     0.00042438     0.00495375     0.00939929
401    -0.00320301    -0.00649148     0.01780365    -0.00032027    -0.00129767    -0.00443471
402    -0.00953368    -0.00155214     0.00515690     0.00079385    -0.00333397    -0.00636564
403     0.02270411    -0.00513800    -0.02709355    -0.00237328     0.00067535     0.00244248
404    -0.01281537     0.00663496     0.02406421     0.00092848    -0.00026502    -0.00101931
405    -0.01007321    -0.00146816     0.00122572     0.00118220    -0.00055070    -0.00142280
406     0.01288813     0.00932498    -0.01765262    -0.00515773    -0.00110596    -0.00441698
407    -0.00166630    -0.00311631    -0.00712011     0.00189159     0.00058792     0.00165491
408    -0.01457033    -0.00852746     0.02102406     0.00318878     0.00078787     0.00193177
409    -0.00190699     0.00123734    -0.01104901     0.00014661     0.00088037     0.00237873
410     0.00213956     0.00066884     0.00535181     0.00003469    -0.00054523    -0.00136466
411     0.00019035    -0.00161642     0.00347122    -0.00003266    -0.00030438    -0.00111980
412    -0.00562246     0.02540233     0.01749708     0.00188348    -0.00038024    -0.00384756
413     0.00612753    -0.01144671    -0.01083363    -0.00088984    -0.00011437     0.00193411
414     0.00551225    -0.01208780    -0.00960389    -0.00138244     0.00031729     0.00251954
415    -0.00455146     0.02172926     0.02555253    -0.00023099    -0.00112757     0.00202134
416     0.00689716    -0.00233741    -0.00407854     0.00000383     0.00057627    -0.00097540
417    -0.00197812    -0.01809718    -0.01350370     0.00017263     0.00063945    -0.00094413
