 Number of water molecules:
         190

 Atomic and electronic energies:
    -2.85408220    -0.11570745

 Atomic coordinates:
  1    -9.21652109    15.30920881    -8.26077098
  2    -8.52107470    15.38849026    -6.46536511
  3   -10.49623675    13.90615581    -8.19625709
  4     8.83526482     6.84210451    12.74228270
  5     7.49910462     8.24788543    12.28297495
  6     8.71496534     5.81119598    11.11274036
  7    -6.35386589     9.34579289     7.91889790
  8    -5.30407389     7.94792661     8.59220061
  9    -6.17656805     9.28885350     5.93208664
 10    14.90942323    -6.25674505    -9.35965438
 11    16.70192022    -6.92733140    -9.69857735
 12    14.74785030    -6.41624187    -7.44344202
 13     3.19273928     2.96369081    11.21961905
 14     3.44963845     3.88362698    12.89960971
 15     4.68877515     3.31919710    10.03996409
 16   -10.54843739     9.23547614    -8.52196314
 17   -11.57676215     7.72987673    -8.82531511
 18    -8.91551013     8.88480935    -9.49263149
 19     3.51032412     3.20996229   -20.44877222
 20     5.21816385     2.34934020   -20.71022041
 21     2.09035755     2.10826130   -20.97100807
 22   -17.95522295    10.53192119     1.37061178
 23   -16.92013137    11.51452747     2.64334030
 24   -18.47756759     8.98228483     2.21281722
 25     7.58734397     5.05767223   -13.14472952
 26     5.96022595     5.47445124   -14.20419255
 27     7.12113479     5.41267824   -11.28358922
 28    -6.61057565   -11.04324809    -9.96386394
 29    -5.88936932    -9.26471550    -9.95333550
 30    -8.01377853   -11.08173510    -8.59486096
 31   -11.95822329     3.39789064     6.27325607
 32   -13.07765510     4.89700666     6.85656244
 33   -12.14964352     3.13533779     4.39180556
 34    -2.56995068     8.17880285   -14.27493950
 35    -0.63993417     7.94015805   -14.27479248
 36    -2.85325062    10.08104654   -14.22707709
 37     6.72738133     6.36786454    -8.17948003
 38     8.33775874     6.89518851    -7.24323967
 39     5.81451141     5.07185515    -7.06571195
 40     4.09689563    -6.05438111   -10.95556914
 41     2.44811044    -5.09992489   -10.49570909
 42     3.43325278    -7.56780461   -11.73260202
 43    -3.58883134     4.25749688     1.04553285
 44    -3.12515854     4.29703787    -0.82479798
 45    -5.12477779     3.08614730     1.35137647
 46     6.45056013    -0.89724991    12.54050626
 47     7.19763612    -1.08505701    10.77015353
 48     5.08992508     0.35949937    12.38082994
 49     1.88182020     7.49225992    -2.55910166
 50     2.90345198     5.95789249    -2.24446332
 51     3.21481125     8.87849399    -2.93178821
 52     4.59227195    -5.24104792    17.71960680
 53     6.43618456    -4.70716035    17.76908661
 54     3.98052514    -5.65286328    15.96041045
 55   -16.59774865    -9.81380132    -5.33901618
 56   -17.36282391   -11.36071077    -4.65948229
 57   -14.68582829   -10.06861690    -5.38994377
 58    -8.87873280     5.67333192    14.20305433
 59    -8.96627391     4.53246866    15.79300170
 60    -8.98352620     4.41949301    12.72666056
 61    11.18167147    -5.20956102     9.40153124
 62     9.71903576    -4.20693027     8.76810292
 63    12.48625951    -3.79765504     9.79436090
 64   -13.06164282    -4.45134430     8.66747906
 65   -12.21467123    -4.69077219     6.98116473
 66   -12.68852841    -2.62448392     9.21200617
 67    12.29135536   -16.17714048     3.12948894
 68    10.36616187   -16.39816469     2.73761652
 69    13.07408106   -16.18454946     1.44315631
 70     1.02125718     1.26240025    -8.68576866
 71     2.53180018     1.70143133    -7.54093285
 72    -0.61915694     1.62437940    -7.65239427
 73    -0.17181267     1.41201414     3.10882277
 74     0.21431389     0.07034588     1.77830650
 75    -1.58091912     2.50117739     2.20077845
 76    -2.25140480   -12.55530183   -12.52632917
 77    -4.01472213   -11.79215356   -11.97766940
 78    -2.35400049   -14.35036332   -12.13325654
 79    -2.53697663    -3.19908249    -4.13143876
 80    -0.83026672    -3.26905281    -3.40946832
 81    -2.86659641    -1.59412703    -5.08371481
 82     2.05657420    -1.46604925     6.73203830
 83     1.48202428    -0.05520866     5.55798493
 84     0.54378953    -2.59185149     6.91304099
 85    -4.48617683    -4.17318844     0.30611857
 86    -4.40118786    -2.36940264     1.02847962
 87    -3.82620819    -4.00571675    -1.50368758
 88    -1.12147866    11.56418646     2.69250358
 89    -0.85530816    10.02288366     3.75210925
 90     0.51078306    11.99290407     1.87421845
 91   -15.51184961    10.70652059    -3.08728145
 92   -16.29318829    11.37345018    -1.41654770
 93   -16.46033521    11.42238442    -4.63900064
 94     3.16900387   -12.22462140    -9.16313711
 95     2.85216735   -11.65834107   -11.00421037
 96     1.92787425   -13.68721838    -9.01170089
 97    -1.45986656    14.68293832    -4.94281157
 98    -0.86717362    12.98032463    -5.47569274
 99    -3.29083858    14.42896998    -4.49225670
100    -7.02000288    -2.41032059     6.80050976
101    -7.46764755    -1.83033134     8.60032745
102    -5.16918252    -2.74963019     6.71973824
103    -2.01140470     7.31604473    14.66612176
104    -0.32387926     8.09510198    15.21685737
105    -3.39910273     8.35392066    15.43259401
106    -8.66262379     2.87828298    18.30746094
107    -8.00125964     3.23600033    20.09717070
108    -7.97592596     1.14134629    17.60772176
109   -15.90493746    -2.09016256     1.26043214
110   -16.60524766    -3.46410006     2.41095108
111   -15.32834498    -3.20264570    -0.29844459
112     2.32100411   -16.83133715    11.87332829
113     1.15326496   -15.78534817    10.78078474
114     1.97755955   -18.60307222    11.41380111
115    -6.49348464     2.46289376    -9.42109541
116    -7.66827841     1.74299103   -10.71775023
117    -6.19611801     4.28435454   -10.06183324
118     9.22704519   -12.10255021    11.86791956
119     7.69048640   -12.65472867    12.81057463
120    10.04633703   -10.54634825    12.68371123
121   -12.24398939    -6.68738995   -11.42642970
122   -12.67918334    -8.52674239   -11.32933877
123   -11.38055867    -6.17567129    -9.73666570
124   -18.05775610     1.73502943    -2.58359488
125   -18.15142500     0.86325894    -0.90298109
126   -17.51808242     3.48707816    -2.12984885
127    10.14401556    13.28713305     2.84675473
128    10.41908216    12.89045759     4.76506409
129     9.44376188    15.07897916     2.73185037
130   -10.65676600   -10.31118011    -6.43890267
131   -10.64856848    -8.43837540    -6.86833301
132   -10.64069800   -10.32838773    -4.50064170
133    13.05203080     6.28301029    -7.36430133
134    12.43015759     4.55454392    -6.78494840
135    13.43769955     6.11819104    -9.22542357
136    -6.49518980    -8.61237688     5.17432197
137    -7.61725221    -7.40644067     4.12931366
138    -4.64760647    -8.15241512     4.66926365
139    -5.02315315    -6.29635314   -10.01238107
140    -5.34714340    -5.10801721   -11.42876755
141    -3.12345558    -6.37851364   -10.14095489
142    -6.51099956     9.93101395    15.16449219
143    -7.49815589     8.37868725    14.54502531
144    -7.69430895    10.74967828    16.41604897
145    -6.10333000   -13.95565333    12.45557760
146    -6.43857752   -15.25949987    11.06227422
147    -6.22902313   -12.23253198    11.65672199
148    -6.26292579    16.48053957   -12.69122750
149    -6.89589467    18.17458465   -13.53659661
150    -7.35254805    16.03636353   -11.12564008
151   -10.05059649     6.91920155   -14.85603836
152   -10.93521271     8.61631562   -15.09601456
153   -11.12876665     6.15562584   -13.48179345
154     2.02072168    10.24974583    15.62258821
155     2.09591187    11.31620529    14.07256873
156     2.12392855    11.43516398    17.22106366
157     8.04339550    -8.89583322     1.76825270
158     9.60113578    -7.92501622     2.37456366
159     6.43115477    -7.98415183     2.27752330
160    12.30079454     1.18344239     7.28661746
161    11.53636378     0.08196791     5.91600546
162    13.82804957     1.97313093     6.42372330
163    -4.63229557    -7.62088256   -15.78312032
164    -2.85485959    -7.02812907   -16.26822994
165    -4.41986686    -9.40368562   -15.41036866
166    11.07687633    -0.22469769    15.00588533
167    10.63049508    -1.17537621    16.51956644
168     9.48102618    -0.39890803    13.92879600
169   -15.05062427    -2.15680598   -10.83262027
170   -14.78652472    -4.08330024   -11.14077038
171   -15.50246301    -1.94708902    -8.97669219
172    -2.11460141    13.24275949   -11.85425883
173    -0.57662081    14.17571298   -11.11372831
174    -3.37334169    14.66353399   -12.45654562
175   -18.87985315     1.12147971     3.94743798
176   -20.03449323     0.18473012     5.14052099
177   -17.72956426    -0.31637952     3.28586028
178   -17.39661673     6.03774042     3.79435363
179   -16.66706854     6.25478366     5.54499265
180   -18.17326939     4.25375573     3.74743792
181     2.20866573    -9.91647707   -13.84159635
182     1.69800441    -8.80155081   -15.34466529
183     0.57482124   -10.89043804   -13.32910416
184    -2.25554747     5.94900603     9.73398166
185    -2.27668408     4.02608647    10.03765109
186    -2.37728528     6.63524030    11.52429292
187     2.74177507     8.91687911   -10.77111232
188     4.30778112     8.06513494    -9.98914848
189     3.25212134    10.71341438   -11.31536006
190   -15.17030077     5.53725823    -0.96668235
191   -15.49403403     7.22089593    -1.86041344
192   -15.71973397     5.94892159     0.85979434
193    -3.04893792     1.50451504    -5.86811406
194    -3.13049582     3.27394143    -5.07931859
195    -4.42184071     1.45604194    -7.27601542
196    12.22051532    10.87598445   -10.42455083
197    12.11713754    11.86697160   -12.04687736
198    11.92076498     9.15678568   -11.04113363
199    14.07911745     7.17349321    13.22307456
200    14.89699000     5.74342768    14.11098188
201    12.22806604     6.99013464    13.39206488
202    -1.25538208   -10.39123764     9.07895421
203    -3.07970769   -10.01441782     9.44796890
204    -0.51936003   -10.01376294    10.84107580
205     8.18332782     5.70102993     3.29233111
206     7.20597706     7.31590086     3.66986426
207    10.10259695     6.14350180     3.24880827
208    10.02158287    -7.91763926    -2.89021618
209     8.83658368    -8.65109228    -4.23816630
210     9.21070434    -8.37725262    -1.25631134
211    14.60853614     9.66336767     9.03223933
212    14.49956380     8.76711403    10.72746594
213    16.07915196    10.82917685     9.50858658
214     6.48669827    -2.39960532     0.49100824
215     5.58445654    -3.58516123     1.71695019
216     5.04355841    -1.83464218    -0.49998339
217    16.66350952     0.47428232    -1.49695733
218    15.28208989     0.89239473    -2.75476196
219    16.14435093    -1.14324648    -0.70607417
220     9.97407901    11.89011437     7.88553297
221    11.52367633    11.09924776     8.61486230
222     8.25325995    11.26277938     8.59507759
223    -1.89697675    -7.72725427     2.77987822
224    -2.63133882    -6.28337921     1.66515488
225    -1.05880364    -8.97971630     1.54157254
226     9.90208024   -13.59162699    -6.76686218
227     8.51881468   -12.26122828    -6.42436615
228    10.94169989   -12.92001525    -8.26577219
229   -10.25247604    11.05552857    -3.66840619
230   -12.09751331    10.74848683    -3.31959741
231    -9.92993331    10.06948140    -5.34852344
232    14.65027015    -6.62212697    -4.48009957
233    12.82801962    -7.35022652    -3.88639221
234    15.60733358    -6.64255475    -2.85124916
235    -9.63084825    10.66584126     1.47731096
236    -9.85928118    10.64153867    -0.43527526
237    -8.14271811     9.50234852     1.85017029
238    11.88790238    -7.41495190     4.98275744
239    11.60016141    -6.74515239     6.72073287
240    12.75630973    -9.06277040     5.17414526
241     9.88511417    12.68225434    -6.32723106
242    10.56247983    11.56483742    -4.79989200
243    10.90123449    12.17202745    -7.88270562
244    15.56142788     9.86440759    -4.48374951
245    15.84976817    11.50204067    -5.43349085
246    14.96714773     8.58912042    -5.76662196
247     5.31853997     2.08466595    -5.81917273
248     6.57490951     0.73636384    -6.18828553
249     5.21974017     2.35824832    -3.92025301
250     7.61539014   -17.19335537     1.12187268
251     7.89721658   -16.81967225    -0.69194086
252     7.33581268   -19.03035855     1.13048590
253    -6.19171075    -1.47533185    17.32900960
254    -7.16628702    -3.03532278    17.71125368
255    -4.34825888    -2.06280884    17.33262400
256    14.42743898    -1.67216613    10.77965302
257    13.91163991    -1.20014079    12.59906683
258    13.78737874    -0.20810174     9.79499282
259    13.47443083     7.03671531     4.91226643
260    13.70470472     8.12122637     6.42092682
261    13.79771598     8.19633906     3.30301952
262    -7.19322857     0.85900438     2.53693172
263    -7.02769382    -0.04273267     4.26951466
264    -9.03238528     0.99420228     2.29982101
265     1.38299046   -10.32977027    14.15671518
266     2.26413146    -8.63889953    14.18260498
267     2.69147732   -11.65713312    14.67225761
268     0.48450160    -6.73934955   -17.55758932
269     1.28375657    -7.48569563   -19.17193581
270     1.08335157    -4.89001137   -17.40662387
271    14.48932966    -4.13099234     1.59591480
272    15.93052918    -3.60357937     2.80738442
273    13.57072456    -5.45115373     2.61396164
274   -15.71720371    -5.76437526    -2.08601671
275   -15.53900596    -6.61472593    -0.39794287
276   -16.57245423    -7.08888570    -3.27243576
277    -9.30491124    -3.81839529    -0.88500712
278    -7.42101860    -4.19980020    -0.56167863
279    -9.42479404    -2.42857438    -2.25315649
280     2.51060671    -2.07794235   -17.82598450
281     3.83243788    -1.58137712   -19.08230682
282     2.49182112    -0.61232515   -16.60153286
283    -1.99444832    -4.77042854     7.03888690
284    -1.48925644    -6.39637953     6.16223773
285    -1.95802548    -5.10783437     8.92359368
286     8.98204963     0.71798463     3.79639948
287     8.28998081     2.48683489     3.49917286
288     8.57485933    -0.32643479     2.21098791
289     3.79121632    12.84858651     1.33376504
290     4.43277353    12.60729130    -0.47322061
291     4.96395297    14.08143044     2.12136711
292     4.71220440     9.16352489     4.87267118
293     3.24699101     8.03213499     5.05139540
294     4.24689447    10.45056399     3.48528077
295    18.04770062     5.04645621     0.34568912
296    17.41050906     3.20929162     0.06912153
297    19.75046554     5.22745526    -0.40149669
298    -6.24287415   -11.59634304     0.85747780
299    -4.48523103   -11.42395875     0.01368693
300    -5.83325337   -11.15307621     2.67144113
301    12.43171550     6.04841111   -12.69735399
302    13.32766241     4.74898705   -13.80658185
303    10.55886552     5.75992575   -12.90520081
304    -7.58193430    -4.00155996   -13.95514320
305    -6.57377824    -5.43746514   -14.84218314
306    -9.17705455    -4.94466988   -13.37891041
307    15.06436464     8.77980897     0.54407379
308    16.38785899     7.36966663     0.70043277
309    15.41492129     9.72987361    -1.10153598
310    -0.56802434   -16.07969231    -7.92612389
311     0.28987363   -17.26312168    -6.79576735
312    -1.72629621   -14.99117937    -6.89058768
313   -10.03039878    -5.05468655     3.82172967
314    -9.67404139    -4.63532404     1.92067853
315    -8.77547261    -3.85937360     4.69509537
316    -0.28038868   -15.13801241     7.39864041
317    -0.52540093   -13.26671152     7.71298281
318     1.30055126   -15.27124388     6.19585720
319     6.03465642    -9.64692378    -6.25084501
320     5.11513627   -10.58846833    -7.67844754
321     5.01117151    -8.03868898    -5.99047972
322   -13.26251331   -13.28972665     5.15499904
323   -12.80384243   -12.76788327     6.90250290
324   -11.99398361   -14.52443712     4.52798750
325     8.23956985    -2.90326647   -12.32693263
326     6.63190394    -3.59726694   -11.51240292
327     7.68008136    -1.88090234   -13.84996055
328    -3.00515770   -10.89646857    16.88026322
329    -1.58144832   -10.47058128    15.74371218
330    -3.91491473   -12.39014536    16.01158056
331   -12.02949813   -12.70087555    10.31088811
332   -12.85676919   -13.13181231    11.93059265
333   -11.31604588   -11.00541971    10.38020367
334    13.07574507   -12.26705644     6.23584183
335    12.66235578   -13.85843468     5.30565091
336    13.25187129   -12.85277205     8.05817810
337     0.11558495     2.95263137    17.20348995
338    -1.29736752     4.00376818    16.49403991
339     1.70587832     3.84744183    16.79534430
340    12.46906592     1.24532497    -5.61687372
341    13.18188149     0.08737183    -6.88377705
342    11.52374731     0.18287418    -4.31561218
343    -2.57752634     6.36904271    -4.23390641
344    -2.79281025     7.74788555    -5.53084583
345    -0.88480558     6.66548202    -3.26393067
346   -11.55917562    10.25517981     9.28700733
347   -11.05510555    11.85381343    10.22922311
348    -9.93198787     9.58459741     8.66094134
349     9.00811710    -8.40086191   -14.24997405
350     7.51287511    -9.47944633   -14.41603372
351     8.51998972    -6.76685662   -13.55950966
352     2.21400001    15.08583624    -9.19957543
353     3.97110209    15.12583774    -8.55989700
354     1.07843298    15.91736692    -7.84998144
355    -3.28380437   -17.18636566     3.89762445
356    -1.86780450   -16.75894823     2.62030313
357    -2.65338343   -16.31797636     5.48237335
358    -6.82455475     0.79808928    12.63806605
359    -6.51694375    -0.13215075    14.28859018
360    -4.98235904     1.23440536    12.04026879
361    -5.88455750    -9.07921941    10.07585764
362    -6.25408870    -8.90010964     8.18529347
363    -7.54671496    -8.41978380    10.89015549
364    -3.36880157    -0.43591509   -14.88303215
365    -4.72247926    -1.61717996   -15.39520384
366    -4.33948528     1.18227841   -15.11396640
367    -6.43071584    14.54481734    -3.60473566
368    -6.25923951    15.06480388    -1.83117521
369    -7.86564612    13.26855768    -3.58505468
370     5.40291316    10.08911711     9.79588484
371     5.16894052     9.17039159     8.11137450
372     3.75927648    11.11578002     9.96941058
373   -14.55716594    -8.91362663     2.14738203
374   -14.21272014   -10.41839748     3.19178875
375   -13.19669082    -9.03926872     0.78805099
376     0.69391509   -15.70442952     0.49906332
377     1.63751157   -14.87100127     1.91077281
378    -0.14365033   -14.21639918    -0.40521465
379    13.12924971    -1.63834835   -10.80199566
380    13.81615817    -3.44898398   -10.53692208
381    11.32644409    -1.69595411   -11.36375268
382     0.27432743    17.70530941    -0.88586512
383    -1.24014276    17.61202556     0.28416542
384    -0.20158875    16.39857619    -2.18620521
385    -0.78092096    -2.12082567    17.17074113
386     0.76380546    -3.03815392    17.92738607
387    -0.27307190    -0.30499873    17.08798436
388    17.67290619    -2.33675782     5.50635998
389    17.74910692    -0.50102477     5.11771401
390    17.46411829    -2.53088423     7.39667879
391    -1.33257670     9.96398131    -7.81930818
392     0.04621297     9.21166960    -8.95552236
393    -2.02371429    11.44259337    -8.84146969
394     5.44396394    11.26985925    -3.22573417
395     5.92760962    12.40342096    -4.66793453
396     7.16724617    10.77076919    -2.47468654
397     1.22758087     1.84120528   -13.93199190
398    -0.53633686     1.28174128   -14.33907779
399     1.32073030     1.90275625   -12.03545185
400   -17.02320529    -5.42904474     4.82498211
401   -16.21690237    -5.14194651     6.54652671
402   -16.40133972    -7.14909384     4.24657006
403     3.56178882   -10.91640042    -2.09857256
404     4.67011102   -10.98902055    -3.72332574
405     4.73118556   -10.56414667    -0.53934969
406     3.84834559   -14.37528235     4.21723311
407     5.05502485   -13.13375543     5.07425455
408     5.01035853   -15.62303594     3.44563117
409     7.49203244    17.65969621     1.85067327
410     5.94222859    18.18245212     2.84416371
411     7.11617500    17.74540188    -0.11233808
412   -10.88255157     0.06855818   -12.62658409
413   -12.50477562    -0.93674221   -12.24646434
414    -9.74139636    -1.18730576   -13.46733417
415     8.04050770   -17.70557069    -4.26218509
416     8.89383990   -16.24394320    -5.18395452
417     7.39899974   -18.80412139    -5.69658063
418    -3.12021576    16.30890403     3.04684821
419    -2.93732489    14.38431093     2.84137096
420    -2.93306005    16.59512445     4.88214840
421     0.21952346    12.01792908     9.74313708
422    -0.82995768    10.45875392     9.27347871
423    -0.76641088    13.49048251     8.81084263
424    -2.83942763    16.35117051     8.18445325
425    -2.73244998    18.12476327     8.77904232
426    -4.17575362    15.56320114     9.25553158
427    -3.45696190   -11.71462060    -5.79654744
428    -4.89374205   -12.39790843    -6.95706279
429    -2.47754140   -10.37231650    -6.82484018
430    -1.73083152     1.04527080    11.02425347
431     0.04283731     1.70287786    10.94730883
432    -1.53718820    -0.79390094    11.53493405
433    -5.55668840     4.12545369   -15.72514270
434    -7.31252138     4.95419096   -15.83088797
435    -4.47647056     5.66972851   -15.49768446
436   -10.26075381    -9.14696033    -1.23967450
437    -8.55299722    -9.99051822    -0.72020277
438   -10.17318337    -7.22784411    -1.48385950
439     4.21154996     5.57984147    15.26965183
440     3.74991945     7.35810314    14.75003611
441     6.09719971     5.36898669    15.10369364
442    12.05026088   -10.79294979   -10.79361985
443    11.17811623    -9.94779150   -12.35333413
444    13.23511034    -9.40131891   -10.02427215
445     8.03575863    -2.77966426    -6.56744035
446     8.69375959    -3.43667261    -8.19447749
447     9.35240059    -3.20710946    -5.25239487
448    -5.79261186     7.79916762   -10.36751524
449    -4.39534102     8.54256290    -9.26479303
450    -4.93232809     7.92835700   -12.12834791
451   -10.48027173    -7.99003255    11.58251002
452   -11.47887002    -7.94506368    13.23588772
453   -11.44429700    -7.02067891    10.28405249
454     2.65774860    17.99941142     3.66670109
455     1.39985300    17.31005573     4.79407758
456     1.93069707    17.71194975     1.82501202
457    16.63740537     3.04894304     5.34444985
458    17.31095469     3.34996363     3.61777422
459    15.69764225     4.66603769     5.74863469
460     8.89934841     0.80154625   -16.15570187
461     8.28770907     2.32152668   -15.08732805
462    10.86271705     0.66442494   -15.94587915
463   -11.53784269     0.19628241    10.09801119
464   -11.75002304     1.44000149     8.59918056
465    -9.81414586     0.19242252    11.02427983
466   -13.03635087     2.99662744    -5.55601712
467   -13.72211017     4.03110139    -4.07017374
468   -14.13525356     1.41730709    -5.80378461
469    -8.97834379    -0.73228492    -5.27221929
470   -10.37605624     0.66412716    -5.49810966
471    -7.35100604     0.18545997    -5.79701678
472   -17.35299632     2.60077655   -11.71385733
473   -17.25515427     0.70458869   -11.46629904
474   -15.71276749     3.41567105   -11.29130649
475   -15.67468138    -1.65167867    -5.82285242
476   -15.38498741    -3.28922726    -4.83363673
477   -16.83819664    -0.72610160    -4.59941234
478     7.12438701    -0.64448908   -20.85642330
479     7.89630630    -0.55564253   -19.04175000
480     8.44442482    -1.32150452   -22.00185017
481     7.39423156   -11.53769376     6.90681347
482     8.05796553   -11.93451126     8.68331111
483     8.91099607   -10.71648649     6.02949141
484    10.27568719    10.30116869    -1.67064371
485    10.37411210    11.45047421    -0.10226854
486    11.52152126     8.91015768    -1.35755501
487    -1.38510747   -11.18789880    -1.32956971
488    -2.40362864   -11.41012106    -2.89543799
489     0.52254656   -11.18025986    -1.91545819
490   -12.24779531     1.71140902     1.36261089
491   -13.50530614     2.86097384     0.53832774
492   -13.33222857     0.15954067     1.94765829
493    12.03343414    -8.42641530    13.38640856
494    13.93879631    -8.62908436    13.22400813
495    11.49711392    -7.21182218    12.01661880
496   -13.48475351    11.59769684     4.31878182
497   -12.59881405    11.71369239     5.98300729
498   -12.05568082    11.65970836     2.99544588
499     4.58275921     3.49892902    -0.50172244
500     5.44292937     3.75635139     1.12062624
501     3.12436510     2.34090323    -0.25753018
502    -0.99918580    -7.33950416    -6.91480541
503    -1.58856613    -6.07550178    -5.59690936
504     0.90614252    -7.07432137    -6.51716564
505    -8.47657446   -15.68156056     2.80890221
506    -7.79494437   -14.31038359     1.61911004
507    -6.98083443   -16.83734865     3.04407191
508     5.52827760   -13.75641019    14.92611779
509     4.38074057   -14.92862265    14.03735765
510     7.04255534   -14.61738630    15.66351980
511     1.90401199   -18.41625068    -3.76490681
512     1.22303301   -17.74199613    -2.12862912
513     3.63504619   -17.71983169    -3.95223945
514     6.77278283    -2.55162781     7.38952844
515     7.39268085    -1.67315378     5.79212290
516     4.81153684    -2.56887076     7.15533760
517    -0.23546533    -3.00267103   -11.37971213
518    -1.02549065    -2.08260540   -12.81922245
519     0.14755257    -1.69790133    -9.99382331
520    -5.31394163     8.66931728     2.94378220
521    -3.74791439     9.81973185     2.63664192
522    -4.89747437     6.86907049     2.36099176
523     7.88896513     4.17416782     8.44713105
524     7.47211298     5.09410431     6.77661301
525     9.23322003     2.86290578     8.00710184
526     3.21732767    -8.61683037     8.01450208
527     4.56892602    -9.85917437     7.53708820
528     1.55470014    -9.61658293     7.87870569
529     6.75052336    16.17153853    -7.30911420
530     7.86322431    17.74594717    -7.42038780
531     7.99850016    14.77617575    -7.00996855
532    11.09800398    -2.29648711    -2.05252563
533     9.34677527    -2.45825206    -1.19805181
534    12.24710037    -3.30342826    -0.81927414
535     3.87028098    -5.88866235    12.63097518
536     3.77519709    -6.69123316    10.90469213
537     4.77892137    -4.23624414    12.30693621
538    -9.47554149    -5.39283120    -7.29236354
539    -7.86250179    -6.06409932    -7.94824796
540    -9.27114158    -3.63843039    -6.55877181
541     3.76060490    -6.24145929     3.17595120
542     2.02818533    -5.66834105     2.77643004
543     3.62696826    -6.58339224     5.08871190
544     3.54019631    -5.28548022    -4.95579577
545     3.55058656    -4.67354519    -3.08917485
546     4.94651751    -4.40161720    -5.84395161
547     0.34242389     6.61663189     5.18644638
548    -0.61337534     6.22407382     6.81080591
549     0.42295667     4.97792729     4.12022389
550   -15.21775714     6.46159322     8.91271808
551   -15.53020482     5.59790251    10.59155121
552   -14.20041140     8.10202049     9.32354631
553     5.14443365    17.70274315    -2.70755410
554     5.56765106    17.31442494    -4.53423317
555     3.28788938    17.64695394    -2.43108665
556   -12.46175915     4.68986510   -10.49539205
557   -11.59465055     3.14788424   -11.35375173
558   -12.52973417     4.23740059    -8.62023842
559    -5.65321733    13.15311261    10.94898675
560    -6.02261310    11.91159868     9.49837452
561    -5.64543073    12.15865789    12.54889481
562     3.50404380     5.82604666   -16.13640693
563     3.26167050     5.18062366   -17.96341261
564     2.66304747     4.44348523   -15.18431605
565    -1.20530893    -4.11609850    12.21826070
566     0.61616147    -4.77468352    12.14350597
567    -1.54281680    -3.57427665    14.05435828
568    13.80503412     1.38980276   -14.89099048
569    15.25967490     0.47673011   -15.63598441
570    13.53870999     0.90373394   -13.02395141

 Atomic and electronic forces:
  1     0.00205450    -0.00175608     0.01004846    -0.00087994     0.00138448    -0.00063082
  2     0.00441380     0.00430517    -0.00972669     0.00046636    -0.00078804     0.00027429
  3    -0.00142974    -0.00287998    -0.00570416     0.00052228    -0.00067398     0.00033211
  4    -0.04218081     0.03053720    -0.02362400     0.00112111     0.00131802     0.00205982
  5     0.03159806    -0.01923354     0.01696082    -0.00046781    -0.00078519    -0.00101771
  6     0.01008043    -0.00964130     0.00375763    -0.00076629    -0.00080450    -0.00125698
  7    -0.01267572     0.01445650    -0.04484633    -0.00156496     0.00218276     0.00168372
  8     0.01336629    -0.01858711     0.00553439     0.00083425    -0.00117240    -0.00111807
  9    -0.00250127    -0.00310573     0.03368431     0.00095155    -0.00134981    -0.00080321
 10     0.02584890    -0.01479733    -0.01554200     0.00237836    -0.00080364    -0.00157500
 11    -0.02061822     0.00980794    -0.00102316    -0.00099302     0.00033980     0.00060156
 12    -0.00427355     0.00399143     0.01117831    -0.00143008     0.00050571     0.00074885
 13     0.00202583    -0.01178871    -0.01628037     0.00061414     0.00178997     0.00455288
 14     0.00368050     0.00512956    -0.00354630    -0.00023855    -0.00071444    -0.00172894
 15    -0.00711527     0.00450756     0.01217271    -0.00069942    -0.00113117    -0.00241677
 16     0.02794044     0.02514832     0.00567631    -0.00164824     0.00148196    -0.00109024
 17    -0.02309854    -0.02685912    -0.00910576     0.00089536    -0.00063977     0.00056693
 18    -0.00027405     0.00298239     0.00304208     0.00081735    -0.00082129     0.00070060
 19     0.01516682     0.01348125     0.00625249     0.00017665     0.00045828    -0.00185782
 20    -0.01336915    -0.00389878    -0.00283143    -0.00016136    -0.00018196     0.00090459
 21    -0.00463151    -0.01151308    -0.00686185    -0.00002157    -0.00017338     0.00092888
 22     0.00657533     0.04528595    -0.02047161    -0.00129229     0.00080944     0.00012638
 23     0.00473959    -0.00409590     0.00202501     0.00062682    -0.00044792    -0.00010809
 24    -0.00734796    -0.03591927     0.02044836     0.00068548    -0.00036531    -0.00009410
 25    -0.02712219     0.00123896    -0.00178448     0.00130171     0.00147159    -0.00275176
 26     0.02211235    -0.00129905     0.01197756    -0.00043016    -0.00070916     0.00135515
 27     0.00151303    -0.00065866    -0.01228730    -0.00081725    -0.00105322     0.00159714
 28    -0.01391735    -0.01328591     0.01586865    -0.00176500    -0.00198356    -0.00203626
 29    -0.00246159     0.01010204     0.00036424     0.00106855     0.00106252     0.00134992
 30     0.00981863     0.00157232    -0.01803507     0.00102855     0.00099202     0.00086780
 31    -0.00484887     0.01342016     0.01373226    -0.00269665     0.00102017     0.00136477
 32     0.00981140    -0.01771313    -0.00894350     0.00108321    -0.00048913    -0.00054926
 33    -0.00235721     0.00367589    -0.00371797     0.00155101    -0.00054795    -0.00055988
 34     0.01577712     0.00409699    -0.00225500    -0.00064110     0.00151386    -0.00211783
 35    -0.01694532     0.00193250     0.00004300     0.00018881    -0.00080877     0.00115928
 36     0.00459621    -0.00219089     0.00139437     0.00028281    -0.00074698     0.00087238
 37     0.00659649     0.00539179     0.00568540     0.00226792     0.00355564    -0.00338648
 38    -0.01228992    -0.00386807    -0.00715626    -0.00131205    -0.00166935     0.00130586
 39     0.00845617     0.00192249    -0.00610809    -0.00156815    -0.00250427     0.00243441
 40    -0.00808037     0.05528492     0.03510631     0.00127506    -0.00223515    -0.00545137
 41     0.02004378    -0.00272340    -0.01036397    -0.00027175     0.00114668     0.00343272
 42    -0.00982260    -0.04558606    -0.02774061    -0.00035135     0.00113482     0.00220450
 43     0.00091288    -0.01291859    -0.00639785    -0.00794310     0.00919718     0.00269797
 44    -0.01498837     0.00497341     0.00573718     0.00417393    -0.00528822     0.00020174
 45     0.00447575     0.00745316    -0.00614077     0.00441524    -0.00317931    -0.00131710
 46     0.03092366    -0.02621558    -0.00772838     0.00143079     0.00024338     0.00385455
 47    -0.00672481    -0.00135158     0.00537965    -0.00112069    -0.00012609    -0.00226616
 48    -0.02466275     0.02190108    -0.00214396    -0.00056927    -0.00033671    -0.00210578
 49     0.00902067     0.02344061    -0.00468413     0.00034622     0.00897494    -0.00197650
 50     0.01440251    -0.01629217     0.00841895    -0.00110260    -0.00600124     0.00132845
 51    -0.01546778    -0.00429022     0.00273268    -0.00051948    -0.00329089     0.00074543
 52     0.00346136     0.00950596     0.01333594     0.00036783    -0.00042228     0.00222172
 53    -0.01716834    -0.00821029    -0.00833424    -0.00028121     0.00017031    -0.00105937
 54     0.01293297     0.00121265    -0.00432588    -0.00019595     0.00031417    -0.00133887
 55     0.02626587     0.02034640    -0.00318070    -0.00173175    -0.00076737    -0.00046100
 56    -0.01007727    -0.02017237     0.00675830     0.00076528     0.00038772     0.00016786
 57    -0.01427505    -0.00080954    -0.00305077     0.00098444     0.00050234     0.00029618
 58    -0.00574516    -0.01777115    -0.01247935    -0.00114087     0.00080851     0.00161671
 59     0.00146649     0.00951912    -0.00502954     0.00050450    -0.00030010    -0.00078508
 60     0.00239735     0.01156483     0.01413881     0.00073349    -0.00042778    -0.00092685
 61     0.01585895     0.01226875     0.00845031     0.00267472    -0.00095960     0.00277895
 62    -0.02271684     0.00308417    -0.00727027    -0.00164158     0.00049401    -0.00188422
 63     0.00104953    -0.01541897     0.00257034    -0.00127020     0.00023893    -0.00120787
 64    -0.00244357     0.00006445     0.00303449    -0.00222717    -0.00041210     0.00140384
 65     0.00424129    -0.00015007    -0.00900382     0.00138471     0.00029614    -0.00075627
 66    -0.00110006    -0.00454013     0.00033054     0.00112784     0.00007000    -0.00077340
 67    -0.04440057    -0.00285459     0.00701333     0.00142476    -0.00190948     0.00049248
 68     0.02639461     0.00108936     0.00883039    -0.00068919     0.00114229    -0.00025952
 69     0.01577293    -0.00039317    -0.01701927    -0.00074064     0.00092598    -0.00012983
 70    -0.00494744     0.00300277     0.01529222    -0.00076237     0.00349649    -0.00985392
 71    -0.00840615    -0.00073136    -0.00911080    -0.00071638    -0.00268795     0.00566251
 72     0.01997423    -0.00354215    -0.00981565     0.00161794    -0.00230591     0.00512025
 73    -0.00813736    -0.00081528    -0.04459676    -0.00817610     0.01478777     0.01833714
 74    -0.00355424     0.00861592     0.01942292     0.00548434    -0.00739130    -0.01012059
 75     0.01564231    -0.00653830     0.02652803     0.00488352    -0.00660059    -0.00469172
 76    -0.03392322     0.05669935    -0.00011943    -0.00068888    -0.00191414    -0.00214295
 77     0.03533570    -0.01979295    -0.00658255     0.00053813     0.00095456     0.00109820
 78     0.00021319    -0.03550766     0.00897879     0.00029941     0.00094646     0.00087836
 79    -0.01577410    -0.02862962     0.01083226    -0.01584745    -0.00528800    -0.01397968
 80     0.02073203     0.00957265    -0.00316420     0.00795668     0.00451751     0.00931557
 81     0.00401681     0.01830987    -0.00740892     0.00592484    -0.00007879     0.00611391
 82     0.00699063     0.00317386    -0.01223633     0.00093021     0.00064439     0.01427087
 83    -0.00352859     0.00264483     0.00563921     0.00017355    -0.00226722    -0.00824698
 84    -0.01542164    -0.00872202     0.00673290     0.00083828     0.00064132    -0.00650307
 85     0.01444434     0.02337886     0.01065362    -0.01621614    -0.00653222     0.00197312
 86    -0.00963895    -0.01742202    -0.00312165     0.00868637     0.00105062    -0.00218576
 87    -0.00552022    -0.00138885    -0.00621589     0.00859677     0.00351405     0.00171964
 88    -0.03205170    -0.00227401     0.00645537    -0.00081700     0.00400779     0.00099401
 89     0.01147632    -0.00975873     0.00646058     0.00048605    -0.00233008    -0.00086970
 90     0.02572467     0.00689728    -0.00974430     0.00016137    -0.00207476    -0.00037251
 91    -0.00440384     0.00997608    -0.01361369    -0.00145271     0.00105383    -0.00021777
 92    -0.00169014    -0.00999161    -0.01978811     0.00067341    -0.00049245     0.00003331
 93     0.00896787    -0.00788850     0.03093709     0.00063378    -0.00046073     0.00014464
 94    -0.01873921    -0.00632292    -0.03259047     0.00049559    -0.00332707    -0.00277609
 95     0.01156969     0.00261049     0.01572868    -0.00016598     0.00133169     0.00142210
 96     0.00247352    -0.00176100     0.01029975    -0.00004098     0.00155488     0.00111750
 97     0.01258502     0.00992151     0.00549917    -0.00048585     0.00261764    -0.00070569
 98     0.00709384    -0.01606780    -0.00650470     0.00026093    -0.00156482     0.00052866
 99    -0.01613493     0.00597239     0.00085485     0.00038641    -0.00127843     0.00031432
100    -0.01598341     0.01916825     0.00967882    -0.00477902    -0.00037091     0.00412264
101     0.00723567    -0.00773249    -0.01780282     0.00173201     0.00001527    -0.00176702
102     0.01750873    -0.00792112     0.00823414     0.00274453     0.00040473    -0.00300356
103     0.01717458    -0.01378846    -0.00326423    -0.00049391     0.00124462     0.00210518
104    -0.00912675     0.00336108    -0.00175241     0.00011894    -0.00061414    -0.00099104
105    -0.01206617     0.00909574     0.00186458     0.00027184    -0.00055080    -0.00087711
106     0.01097876    -0.02005263     0.00258683    -0.00078888     0.00035595     0.00145773
107    -0.00452248    -0.01377977    -0.02421821     0.00030922    -0.00016069    -0.00066863
108    -0.00532442     0.03259406     0.02761335     0.00043813    -0.00013240    -0.00083602
109     0.01383406    -0.01703304    -0.03191766    -0.00262829    -0.00005602     0.00026701
110    -0.00103048    -0.00251937     0.01476156     0.00117713     0.00011248    -0.00018976
111    -0.01196321     0.02578000     0.02422913     0.00141673     0.00012432    -0.00001723
112     0.00553926     0.02059348     0.00584069     0.00008315    -0.00164730     0.00136452
113    -0.00139099    -0.00065711    -0.00205942     0.00002861     0.00097893    -0.00079545
114    -0.00286074    -0.01880023    -0.00294762    -0.00001918     0.00078225    -0.00055800
115     0.00767608     0.02000100    -0.00209010    -0.00315568     0.00160522    -0.00349803
116    -0.00833537    -0.01002603    -0.00672792     0.00131474    -0.00048436     0.00145489
117    -0.00118871    -0.01139109     0.00984417     0.00123676    -0.00094178     0.00152325
118     0.01090606    -0.00290785    -0.03093689     0.00109174    -0.00146753     0.00177276
119    -0.01178532     0.00319794     0.01681149    -0.00040963     0.00072528    -0.00089457
120    -0.00246720    -0.00704486     0.00471240    -0.00059345     0.00061267    -0.00092787
121     0.01154475     0.01224720     0.01636622    -0.00183597    -0.00065560    -0.00145169
122    -0.00040908    -0.00429928     0.00152210     0.00083084     0.00039408     0.00063105
123    -0.00943934    -0.00497080    -0.01931694     0.00117260     0.00040034     0.00083687
124    -0.00499749    -0.01764497    -0.00152470    -0.00199336     0.00034913    -0.00021055
125    -0.00320774    -0.00847512     0.00328866     0.00102611    -0.00013376     0.00002022
126     0.00685605     0.01551104    -0.00194005     0.00100015    -0.00027166     0.00008465
127     0.00531266    -0.01181796     0.02040308     0.00128602     0.00224597     0.00051205
128    -0.00863042     0.00807437    -0.02612084    -0.00063569    -0.00104723    -0.00038341
129     0.00000868     0.00028415     0.00109532    -0.00048444    -0.00103181    -0.00020293
130    -0.00177008     0.00339784     0.01192775    -0.00240155    -0.00167040    -0.00116743
131     0.00240219     0.00141722     0.00049064     0.00138807     0.00075535     0.00072479
132     0.00202820    -0.00377381    -0.00692953     0.00135626     0.00094611     0.00044513
133    -0.00495196    -0.00699146     0.00529492     0.00248622     0.00173230    -0.00147882
134     0.00740592     0.00167845     0.00122416    -0.00162405    -0.00093806     0.00093444
135    -0.00161259     0.00044397    -0.00465719    -0.00105323    -0.00069580     0.00077228
136     0.02808611     0.01847003    -0.01964291    -0.00376443    -0.00317866     0.00266581
137    -0.00095906    -0.01270025     0.01510327     0.00231708     0.00141858    -0.00117324
138    -0.02535235    -0.00731526     0.00507744     0.00230866     0.00234991    -0.00193392
139     0.00850676    -0.00544618     0.00119584    -0.00276402    -0.00187892    -0.00396844
140    -0.02159518     0.01627806    -0.01538348     0.00118068     0.00056865     0.00185569
141     0.00914389    -0.00664354     0.01698144     0.00120580     0.00116293     0.00244899
142    -0.00489427     0.00960016     0.00388781    -0.00069456     0.00100112     0.00135455
143     0.00246956    -0.00589144     0.00006809     0.00044256    -0.00049298    -0.00073915
144     0.00444738     0.00000543    -0.00144065     0.00031110    -0.00041866    -0.00057106
145    -0.00043648    -0.01728938    -0.01239255    -0.00085786    -0.00136034     0.00145599
146     0.00259360     0.01556331     0.01649053     0.00044183     0.00074271    -0.00064105
147     0.00012285     0.00455083    -0.00222443     0.00055982     0.00074978    -0.00087772
148    -0.01541061     0.03483131    -0.01037560    -0.00051204     0.00118484    -0.00079420
149     0.01149416    -0.04798665     0.03016840     0.00021677    -0.00050758     0.00033268
150     0.00571743     0.01108564    -0.01572769     0.00032141    -0.00063717     0.00038153
151    -0.01634607     0.02105570     0.00169247    -0.00112227     0.00082917    -0.00138431
152     0.01489417    -0.01075140    -0.00691783     0.00049414    -0.00040637     0.00057585
153     0.00243117    -0.01217056     0.00558873     0.00067162    -0.00041387     0.00068596
154     0.00399381     0.02035170     0.04820799     0.00004437     0.00119435     0.00162067
155    -0.00137377     0.01231766    -0.00990619    -0.00002810    -0.00070689    -0.00079678
156    -0.00176232    -0.02748360    -0.04242511    -0.00002073    -0.00049636    -0.00067283
157    -0.00088586     0.00211831    -0.01495893     0.00539938    -0.00585348     0.00200848
158    -0.01100071    -0.00519169     0.00894726    -0.00278967     0.00211448    -0.00104159
159     0.00680000     0.00309255     0.00751079    -0.00328017     0.00409563    -0.00197368
160     0.00744277    -0.00191823     0.01070041     0.00344619     0.00092348     0.00252726
161    -0.00746442     0.00669275    -0.00137287    -0.00233046    -0.00041484    -0.00151934
162     0.00470962     0.00314978     0.00326700    -0.00161454    -0.00048299    -0.00092311
163     0.01350869     0.03516142    -0.00640567    -0.00094626    -0.00088743    -0.00231500
164    -0.00766228     0.00098164    -0.00287159     0.00035872     0.00042238     0.00126377
165    -0.00069917    -0.03710633     0.00636024     0.00043731     0.00055287     0.00108064
166    -0.00704874     0.00445371    -0.03106251     0.00126108     0.00019908     0.00206869
167     0.00164400    -0.01209753     0.02935284    -0.00051114    -0.00003146    -0.00096503
168     0.00627418     0.00668277     0.00065641    -0.00070965    -0.00011883    -0.00130275
169     0.00086175    -0.03059102    -0.01377086    -0.00180585    -0.00004799    -0.00112293
170    -0.00171514     0.02906056     0.00521034     0.00088040     0.00012675     0.00057278
171     0.00083886    -0.00128214     0.00738138     0.00100754     0.00001386     0.00050065
172    -0.01164682     0.03151135    -0.00529307    -0.00043393     0.00174768    -0.00132917
173    -0.00780970    -0.00565544    -0.00675482     0.00012543    -0.00091895     0.00061445
174     0.01755467    -0.02575371     0.01258378     0.00022460    -0.00073977     0.00054069
175     0.00851705    -0.02422778     0.00053272    -0.00177281     0.00024611     0.00038845
176    -0.00319165     0.00808258     0.00013851     0.00078561    -0.00006936    -0.00020639
177    -0.00537144     0.01960082    -0.00266459     0.00103064    -0.00007487    -0.00020371
178    -0.00216467    -0.01293783    -0.00649048    -0.00168859     0.00068950     0.00038614
179    -0.00026999     0.00203572     0.00655735     0.00082916    -0.00036214    -0.00027718
180     0.00274364     0.00582592     0.00399561     0.00086555    -0.00026146    -0.00018791
181    -0.02261469    -0.01244010     0.00730941     0.00012329    -0.00172909    -0.00283817
182    -0.00030897    -0.00247048     0.00582143    -0.00000636     0.00064893     0.00137059
183     0.01471841     0.01094899    -0.01097217     0.00010963     0.00094877     0.00133913
184    -0.00489238    -0.01017518    -0.00647792    -0.00128230     0.00256370     0.00347046
185     0.00066155     0.00863034    -0.00443821     0.00076545    -0.00114555    -0.00212709
186     0.00279428     0.00537950     0.00809118     0.00045656    -0.00096443    -0.00140353
187     0.01569929     0.01157650     0.00152733     0.00028844     0.00266235    -0.00258261
188    -0.01191859     0.00917858    -0.00528323    -0.00041766    -0.00149827     0.00145946
189    -0.00464926    -0.02146004     0.00694693    -0.00015083    -0.00112557     0.00098172
190    -0.00640732     0.01842835     0.01026340    -0.00225190     0.00097225    -0.00005968
191     0.00459311    -0.00306600    -0.00096968     0.00097279    -0.00050788     0.00007624
192     0.00199667    -0.00469378    -0.00744262     0.00104009    -0.00045993    -0.00008379
193    -0.01272903    -0.00554793    -0.00064744    -0.00772204     0.00507988    -0.00906305
194    -0.00206946     0.00269836    -0.00845743     0.00335065    -0.00343314     0.00331618
195     0.01059889     0.01275038     0.00653001     0.00272286    -0.00139012     0.00309536
196    -0.00123827     0.03686762    -0.00856574     0.00122571     0.00144971    -0.00114009
197     0.00374774     0.00748317     0.00629919    -0.00048823    -0.00062918     0.00053400
198     0.00022671    -0.04026186    -0.00240711    -0.00069042    -0.00072577     0.00070250
199     0.02534864     0.01158206    -0.00458300     0.00116353     0.00082571     0.00128450
200     0.00356598    -0.01074351     0.00730841    -0.00057399    -0.00032096    -0.00063300
201    -0.03096411    -0.00340948     0.00261856    -0.00057930    -0.00047241    -0.00076001
202     0.02576584     0.00367452     0.01984578    -0.00098792    -0.00300931     0.00339295
203    -0.02810493     0.00163113    -0.00487527     0.00072876     0.00128805    -0.00157419
204     0.00514759    -0.01017879    -0.01137970     0.00029495     0.00116766    -0.00162689
205     0.01968101    -0.00526483    -0.00276574     0.00445966     0.00495222     0.00258524
206     0.00388479     0.00628967    -0.00014555    -0.00154724    -0.00246227    -0.00115991
207    -0.02623037    -0.00009363     0.00508707    -0.00192749    -0.00176311    -0.00086185
208    -0.00541338    -0.00204143    -0.03134104     0.00561874    -0.00405144    -0.00153162
209     0.00932929     0.00476956     0.00430943    -0.00246545     0.00232430     0.00125671
210    -0.00486436    -0.00713139     0.02254288    -0.00302604     0.00258474     0.00025398
211     0.03041746     0.02760254     0.01681723     0.00137605     0.00119876     0.00101448
212    -0.01738025    -0.02097249     0.00552421    -0.00065119    -0.00052706    -0.00056964
213    -0.01320145    -0.00199585    -0.02324562    -0.00058513    -0.00050529    -0.00040682
214    -0.00529382    -0.01700199     0.01811231     0.02458634    -0.00321579     0.00589666
215     0.01853607    -0.00705062     0.00669923    -0.00922669     0.00400610    -0.00530043
216    -0.01122875     0.01993555    -0.02582132    -0.01368026     0.00040937    -0.00080549
217    -0.00494613     0.01425712    -0.00431017     0.00344719     0.00050097    -0.00020823
218     0.00429100     0.00175373    -0.00149192    -0.00199416    -0.00037922     0.00031568
219    -0.00292053    -0.01705879     0.00817839    -0.00192338    -0.00007706     0.00001500
220    -0.03461141     0.01064497    -0.01215112     0.00116236     0.00187836     0.00117121
221     0.00280218    -0.01240365     0.01118985    -0.00063065    -0.00081035    -0.00058269
222     0.03321380     0.00346852    -0.00105813    -0.00053614    -0.00103946    -0.00073702
223     0.01351020     0.00488024    -0.02249866    -0.00633309    -0.01055102     0.00605144
224    -0.00253254    -0.01830565     0.01291203     0.00551371     0.00572373    -0.00284383
225    -0.01328441     0.00646775     0.00904906     0.00213308     0.00566006    -0.00169676
226    -0.01148707     0.01541628    -0.00014920     0.00174353    -0.00247467    -0.00130948
227     0.01597954    -0.01218691    -0.00888726    -0.00106485     0.00160879     0.00090913
228    -0.00728321    -0.00121686     0.00591135    -0.00085782     0.00102170     0.00071056
229     0.01871602    -0.01536147    -0.02191107    -0.00175265     0.00188666    -0.00046583
230    -0.01658081     0.00190625     0.00200171     0.00085844    -0.00078038     0.00017545
231    -0.00646910     0.01537778     0.01765229     0.00093703    -0.00095606     0.00039391
232    -0.06088902    -0.02887345     0.02488536     0.00350320    -0.00129985    -0.00104672
233     0.04861703     0.02478655    -0.02237709    -0.00210621     0.00104115     0.00061917
234     0.01056912     0.00407685     0.00382210    -0.00169393     0.00058804     0.00027379
235    -0.00033077     0.00089239    -0.01368874    -0.00192782     0.00212620     0.00035082
236     0.00136113     0.00164872     0.00240570     0.00098652    -0.00106361    -0.00000964
237     0.00217632     0.00509610     0.00367583     0.00117711    -0.00135634    -0.00029385
238    -0.00923366     0.02032647    -0.03958529     0.00378948    -0.00206488     0.00204950
239    -0.00058443     0.00835770     0.02406845    -0.00171231     0.00084723    -0.00124809
240     0.01263505    -0.02903259     0.00740435    -0.00148848     0.00096669    -0.00076760
241     0.01709660    -0.02802660     0.03938326     0.00124798     0.00215952    -0.00086924
242    -0.01518822     0.02667196    -0.03427560    -0.00080959    -0.00119434     0.00038312
243     0.00451712    -0.00792030    -0.00127236    -0.00062846    -0.00093513     0.00049526
244     0.00808497     0.02096973     0.00063870     0.00178460     0.00147610    -0.00050120
245    -0.00186179    -0.00923430     0.00425464    -0.00072624    -0.00067195     0.00024837
246    -0.00777501    -0.00979987    -0.00464320    -0.00099425    -0.00076443     0.00038721
247    -0.02343701     0.01267964     0.01550216     0.00695854     0.00713312    -0.01003767
248     0.01520668    -0.01561197    -0.00353798    -0.00390201    -0.00194804     0.00449242
249     0.00762372     0.00125785    -0.00578254    -0.00493164    -0.00552520     0.00459168
250    -0.00004466     0.01527456     0.02068073     0.00107528    -0.00273471     0.00029991
251     0.00280448     0.00799198    -0.02669510    -0.00059976     0.00142309     0.00001285
252    -0.00537200    -0.02467534     0.00526271    -0.00038905     0.00116248    -0.00011403
253     0.01447247    -0.00101803    -0.00985784    -0.00085131     0.00003017     0.00196852
254    -0.01004198    -0.01047251     0.00452790     0.00042700     0.00006274    -0.00089545
255    -0.00084761     0.00882525     0.00333367     0.00036009     0.00001887    -0.00109307
256     0.00200783    -0.01061241     0.04203584     0.00207413     0.00000913     0.00183346
257     0.00654323    -0.00852034    -0.01291169    -0.00085707    -0.00003662    -0.00091563
258    -0.00708909     0.01902157    -0.02441292    -0.00119760    -0.00014782    -0.00101760
259    -0.01023147    -0.00068787    -0.05799703     0.00248356     0.00181908     0.00114528
260     0.00653843     0.02178700     0.02517529    -0.00099399    -0.00080335    -0.00057330
261    -0.00024309    -0.02420731     0.03245258    -0.00117951    -0.00095329    -0.00037404
262     0.04569941    -0.01987505     0.02843218    -0.00794133     0.00233745     0.00282845
263    -0.00276906     0.01127318    -0.01827653     0.00349872    -0.00069110    -0.00198189
264    -0.03864066     0.00861540    -0.01331443     0.00301052    -0.00076533    -0.00081025
265    -0.00051149    -0.00654904    -0.00566806    -0.00002824    -0.00140757     0.00243109
266     0.00486249    -0.00024403     0.00014824    -0.00006732     0.00064785    -0.00139740
267    -0.00333472     0.00752737    -0.00042257    -0.00007711     0.00066985    -0.00103601
268     0.00776769    -0.01194522    -0.01348424    -0.00016486    -0.00072031    -0.00246368
269    -0.01076613     0.01600783     0.02032184     0.00001861     0.00031517     0.00102626
270     0.00074876    -0.00531651    -0.00638121     0.00004384     0.00025312     0.00135923
271     0.01547703     0.00844901     0.00682393     0.00443259    -0.00081449     0.00075363
272    -0.00920146    -0.00057489    -0.00919615    -0.00178561     0.00023097    -0.00042302
273    -0.00687855    -0.00769742     0.00510776    -0.00225165     0.00068993    -0.00060355
274    -0.01099371    -0.01126445    -0.03170818    -0.00248877    -0.00057969    -0.00022853
275     0.00008530    -0.01072414     0.00994829     0.00124318     0.00035388    -0.00000768
276     0.01326816     0.01614111     0.01515349     0.00106239     0.00031286     0.00016235
277     0.00630400     0.00257291    -0.01380333    -0.00643107    -0.00125057    -0.00024618
278    -0.01100311     0.00853933    -0.00623384     0.00443671     0.00122797     0.00005141
279     0.00324366    -0.01293847     0.00995944     0.00321800     0.00021960     0.00052657
280     0.00027108     0.00377685     0.00622241     0.00013792    -0.00005500    -0.00270583
281     0.00915928    -0.00215295    -0.01126053    -0.00013822    -0.00000900     0.00116247
282    -0.00735275    -0.00008222     0.00640541    -0.00008360    -0.00010710     0.00156204
283     0.00533422     0.00847654    -0.00533856    -0.00398592    -0.00332801     0.00864064
284    -0.00500664    -0.00129443     0.00084491     0.00184359     0.00276116    -0.00408901
285    -0.00282011    -0.00019690     0.00670731     0.00117111     0.00110367    -0.00319111
286    -0.02076095    -0.02390669    -0.02394650     0.00828237     0.00260807     0.00486032
287     0.00941109     0.00530195     0.00047337    -0.00382663    -0.00233043    -0.00230698
288     0.00327735     0.00908373     0.01052261    -0.00592102    -0.00110416    -0.00236239
289    -0.01118684    -0.01778553    -0.00667722     0.00055614     0.00363621     0.00047542
290    -0.00335435    -0.00139592     0.00117381    -0.00037987    -0.00189301    -0.00001098
291     0.01217700     0.01686620     0.00768458    -0.00031837    -0.00147919    -0.00025225
292     0.02815014     0.01950671    -0.01488037     0.00129186     0.00447385     0.00225321
293    -0.03424296    -0.01729207     0.00139564    -0.00045981    -0.00271292    -0.00158279
294     0.00482032    -0.00364866     0.00919207    -0.00049124    -0.00222870    -0.00074709
295    -0.01463153    -0.02890120     0.01863407     0.00237310     0.00097267     0.00013285
296     0.01239373     0.01838340    -0.01147362    -0.00141958    -0.00044075    -0.00005828
297     0.01437061    -0.00343910    -0.01004485    -0.00101152    -0.00038613    -0.00000956
298     0.03828166     0.00865799    -0.01709345    -0.00317249    -0.00394645     0.00055684
299    -0.02027204    -0.00650610     0.00147860     0.00169459     0.00265872    -0.00014790
300    -0.01490232     0.00032141     0.00853676     0.00161193     0.00202187    -0.00069516
301     0.02550705     0.00239822     0.00408286     0.00150559     0.00107814    -0.00169140
302    -0.00728528     0.00384226     0.00252758    -0.00071682    -0.00039506     0.00081168
303    -0.01503702    -0.00566818    -0.00618971    -0.00074605    -0.00062191     0.00103165
304    -0.01029417    -0.02462346    -0.00337900    -0.00167731    -0.00041440    -0.00245844
305    -0.00178675     0.01332336     0.00165894     0.00069029     0.00031147     0.00121030
306     0.00634930     0.01077312    -0.00177580     0.00088082     0.00026209     0.00105364
307    -0.01485448     0.02046871     0.00396895     0.00219489     0.00170393     0.00018130
308     0.00027741    -0.00058776    -0.00958717    -0.00114911    -0.00070330    -0.00009882
309     0.00242236    -0.00961677     0.00015098    -0.00097973    -0.00080886     0.00003795
310    -0.01123505     0.02692304    -0.03008969    -0.00041483    -0.00271668    -0.00141624
311     0.01428378    -0.02461581     0.02638233     0.00011491     0.00134995     0.00055023
312    -0.00141978     0.00079519     0.00450371     0.00040347     0.00159104     0.00077417
313     0.02108405     0.01652278    -0.02300499    -0.00446211    -0.00127558     0.00167018
314    -0.02186483    -0.00823421     0.01803575     0.00274924     0.00071101    -0.00059136
315    -0.01006823    -0.00680950     0.01314581     0.00258726     0.00053241    -0.00130942
316     0.03682704    -0.00484147    -0.02408955    -0.00039389    -0.00283851     0.00169920
317    -0.00642348     0.00514031     0.00654265     0.00029341     0.00160647    -0.00116438
318    -0.02776847     0.00329160     0.02310416     0.00003154     0.00161231    -0.00081207
319     0.01764714     0.00635563     0.01021662     0.00292485    -0.00518932    -0.00383025
320    -0.00475775    -0.00495374    -0.00197298    -0.00085333     0.00214155     0.00175875
321     0.00059145    -0.00055716    -0.00267809    -0.00186918     0.00344311     0.00307190
322    -0.01982978     0.01474775    -0.01824296    -0.00160313    -0.00124323     0.00061402
323     0.00707890    -0.00377683     0.01858574     0.00078575     0.00060048    -0.00040645
324     0.01516253    -0.01034300    -0.00324203     0.00077413     0.00072622    -0.00028837
325    -0.00708366    -0.00256968     0.00830362     0.00213852    -0.00037761    -0.00382479
326     0.00232511    -0.00173822    -0.00750733    -0.00111515     0.00041538     0.00246132
327     0.00328614     0.00052896     0.00041501    -0.00078799     0.00001974     0.00173797
328    -0.03448812    -0.02785989    -0.00364812    -0.00045150    -0.00090152     0.00172650
329     0.02258690     0.00541066    -0.01002525     0.00019494     0.00053925    -0.00101363
330     0.00909555     0.02069377     0.01343166     0.00026297     0.00050923    -0.00079630
331    -0.01248942    -0.03574537    -0.02142040    -0.00128044    -0.00102844     0.00102224
332    -0.00302937    -0.00180507     0.01091031     0.00053994     0.00042509    -0.00046707
333     0.01583766     0.03453024     0.00862028     0.00073923     0.00052957    -0.00062711
334     0.00284667     0.01339556     0.03105546     0.00191198    -0.00173882     0.00113352
335    -0.00138802    -0.01749742    -0.02117601    -0.00086031     0.00093450    -0.00045673
336     0.00018357     0.00756499    -0.00879946    -0.00078514     0.00074293    -0.00058067
337    -0.01892343    -0.02055963     0.00534633    -0.00018839     0.00060753     0.00231060
338    -0.00270682     0.00611571    -0.00254455     0.00019303    -0.00038616    -0.00115228
339     0.02283535     0.01437219    -0.00514436    -0.00000906    -0.00037464    -0.00117041
340    -0.01441626     0.01859577     0.02193402     0.00468005     0.00127252    -0.00217296
341     0.00937918    -0.01734968    -0.02023938    -0.00200590    -0.00031358     0.00109493
342     0.00773091    -0.00139176    -0.00333313    -0.00323268    -0.00061601     0.00121213
343    -0.00072891    -0.02815653     0.02340124    -0.00361570     0.00696049    -0.00327337
344     0.01161177     0.01009005    -0.00168149     0.00117131    -0.00251391     0.00135087
345    -0.01368421     0.01433338    -0.02082542     0.00131876    -0.00447542     0.00148409
346    -0.01279683     0.02523713     0.01550656    -0.00128017     0.00116682     0.00096210
347    -0.00808529    -0.00940834    -0.00327010     0.00052452    -0.00056348    -0.00044906
348     0.02304857    -0.01496789    -0.01070369     0.00073518    -0.00072206    -0.00059123
349     0.03267828    -0.01771716    -0.00941723     0.00123630    -0.00111085    -0.00229975
350    -0.02229839    -0.01211575    -0.00192573    -0.00049450     0.00064730     0.00116800
351    -0.01084527     0.03148333     0.01221779    -0.00074554     0.00054172     0.00141170
352    -0.05139272     0.00228140    -0.00010526     0.00007651     0.00203226    -0.00105160
353     0.02714424     0.00809038     0.01035463    -0.00014783    -0.00103977     0.00049685
354     0.01495241    -0.01042578    -0.01323701     0.00002968    -0.00104039     0.00043292
355     0.01794800     0.01308580    -0.02331017    -0.00084828    -0.00267689     0.00077410
356    -0.01948805    -0.01358730     0.00680002     0.00036875     0.00159385    -0.00033782
357    -0.00167173    -0.00503739     0.01002362     0.00040261     0.00137859    -0.00057420
358     0.03793973     0.00185464    -0.01696668    -0.00170922     0.00051900     0.00270232
359    -0.00631059    -0.00036001     0.00473906     0.00067257    -0.00013466    -0.00124074
360    -0.03247652    -0.00524488     0.00612607     0.00086992    -0.00039715    -0.00168611
361    -0.01623042     0.00593662     0.00898349    -0.00183229    -0.00179337     0.00261959
362     0.00005451    -0.00221307    -0.00531170     0.00123937     0.00112638    -0.00138637
363     0.01268643    -0.00778797    -0.00220194     0.00089832     0.00065500    -0.00113016
364     0.00729048     0.00243544     0.00493776    -0.00113654     0.00028889    -0.00327803
365    -0.00920329    -0.02790946    -0.00211444     0.00061068    -0.00000934     0.00143574
366     0.00273739     0.02821568    -0.00087769     0.00058954    -0.00028472     0.00144811
367    -0.00429887    -0.00882652    -0.01754112    -0.00105824     0.00214393    -0.00040560
368     0.00405307     0.01148347     0.02415382     0.00050446    -0.00107820     0.00008276
369    -0.00348770    -0.00608101    -0.00260652     0.00067018    -0.00106081     0.00021669
370    -0.01566483    -0.00032278     0.00612675     0.00073800     0.00227473     0.00200813
371     0.00414755     0.00833300     0.00005079    -0.00049526    -0.00150022    -0.00120458
372     0.01111256    -0.00461610    -0.00083972    -0.00019004    -0.00111853    -0.00092336
373     0.00332869     0.01467954    -0.02961859    -0.00231341    -0.00102574     0.00038163
374     0.00214621    -0.02819089     0.02322565     0.00104033     0.00056988    -0.00024451
375     0.00039923     0.00272288     0.00398079     0.00134074     0.00065989    -0.00011745
376    -0.02160682     0.00841333    -0.01674516    -0.00026727    -0.00416057     0.00031139
377     0.01661000    -0.00070117     0.01527607    -0.00001129     0.00228471    -0.00043269
378    -0.00006864    -0.00930030     0.00145191     0.00036415     0.00259364    -0.00002560
379     0.02354521     0.00169466     0.01161840     0.00255322     0.00002147    -0.00227522
380    -0.01117536     0.01145879    -0.00153496    -0.00125065     0.00017455     0.00102413
381    -0.01554330    -0.01447957    -0.00485137    -0.00129083    -0.00000505     0.00144087
382    -0.00784291    -0.00961555     0.00492019    -0.00014472     0.00215775    -0.00003695
383    -0.00089006     0.00785832     0.00894611     0.00015514    -0.00106342    -0.00004641
384     0.00178873    -0.00276703    -0.01618833     0.00011993    -0.00122094     0.00011060
385     0.01121023    -0.03684258     0.00097413    -0.00033185    -0.00005202     0.00252003
386    -0.01739421     0.00744514    -0.00531785     0.00005087     0.00008194    -0.00118334
387     0.00263681     0.02686973     0.00341546     0.00013248    -0.00010399    -0.00127731
388    -0.00494510    -0.02106646     0.00096088     0.00256840    -0.00009605     0.00097205
389     0.00023739     0.01930326     0.00324273    -0.00130270    -0.00009845    -0.00045935
390     0.00011495     0.00298243    -0.00401081    -0.00115354     0.00005775    -0.00057942
391    -0.00985282    -0.00083001    -0.00405803    -0.00085747     0.00341536    -0.00215093
392     0.00231275     0.00354014     0.00352418     0.00023766    -0.00167328     0.00130237
393     0.00315285    -0.00076675    -0.00353216     0.00036471    -0.00132439     0.00084237
394     0.00873911    -0.00742472     0.00750305     0.00120509     0.00402404    -0.00083323
395    -0.00114490     0.00436546    -0.00697527    -0.00049755    -0.00160879     0.00047150
396    -0.00436090    -0.00011733    -0.00228978    -0.00087536    -0.00194620     0.00030082
397     0.01602110     0.00565117    -0.00825551    -0.00012192     0.00106782    -0.00406285
398    -0.01542552    -0.00561713    -0.00629825     0.00030118    -0.00041373     0.00192656
399     0.00054456    -0.00107659     0.01275448     0.00007303    -0.00082723     0.00266646
400    -0.00428422     0.00740312     0.01518464    -0.00198690    -0.00039423     0.00057199
401    -0.00145371    -0.00074371    -0.00522183     0.00099112     0.00018951    -0.00039465
402     0.00366668    -0.00125225    -0.00687814     0.00101356     0.00030460    -0.00026902
403     0.02507585     0.00620730     0.02154012     0.00191701    -0.00877269    -0.00153711
404    -0.00979761     0.00375759     0.02134149    -0.00118679     0.00353316     0.00124614
405    -0.01702051    -0.01099920    -0.03610048    -0.00160565     0.00440702    -0.00001866
406    -0.00828790     0.02225285     0.01563207     0.00073726    -0.00402750     0.00154194
407    -0.00087704    -0.00193670     0.00175353    -0.00063623     0.00204563    -0.00102706
408     0.01509382    -0.01936318    -0.01449794    -0.00043772     0.00174955    -0.00051016
409     0.01214286    -0.00849333    -0.03491415     0.00057177     0.00186919     0.00023311
410    -0.00865836     0.00343953    -0.00695279    -0.00020392    -0.00092761    -0.00015913
411    -0.00514908     0.00355459     0.04415104    -0.00027502    -0.00096429    -0.00002207
412    -0.00554921     0.00545934     0.00799050    -0.00189844     0.00026889    -0.00184823
413     0.00191792     0.00908613     0.00268049     0.00093056    -0.00005080     0.00077663
414     0.01022114    -0.00586711    -0.00609487     0.00090506    -0.00004149     0.00103640
415    -0.00913015    -0.00317853    -0.01023700     0.00097241    -0.00239527    -0.00056143
416     0.00522509     0.00616034     0.00195993    -0.00062696     0.00123906     0.00039913
417     0.00339633     0.00022015     0.00990198    -0.00036412     0.00106573     0.00032397
418    -0.00001272    -0.01822691    -0.03326996    -0.00056408     0.00216182     0.00043455
419     0.00241619     0.01338065    -0.00090551     0.00037421    -0.00133242    -0.00028342
420    -0.00162485     0.00540008     0.02935368     0.00024521    -0.00099441    -0.00029683
421    -0.03309757     0.01429637    -0.03242274    -0.00021758     0.00218948     0.00165216
422     0.01229464     0.01020504     0.00954519     0.00024879    -0.00125231    -0.00101882
423     0.02529427    -0.02514081     0.02644674     0.00016460    -0.00106529    -0.00066004
424     0.01806938     0.00227512    -0.01663837    -0.00041654     0.00170239     0.00082711
425     0.00335865     0.01475311     0.00349626     0.00015845    -0.00072902    -0.00034417
426    -0.01599519    -0.01799494     0.01385130     0.00026648    -0.00079979    -0.00045600
427    -0.01413406    -0.01271608    -0.02391538    -0.00220120    -0.00427707    -0.00231186
428     0.02369000     0.01650637     0.01429111     0.00096902     0.00157287     0.00096525
429    -0.00986749    -0.00602613     0.00882216     0.00112815     0.00234048     0.00175232
430    -0.01808822    -0.00699626     0.00129356    -0.00138748     0.00118120     0.00492880
431     0.02037198     0.00786971     0.00056240     0.00034625    -0.00077843    -0.00262571
432    -0.00178502    -0.00326827    -0.00235678     0.00063400    -0.00019963    -0.00250064
433    -0.02358335     0.00687969    -0.00015896    -0.00103481     0.00083939    -0.00220122
434     0.00322241    -0.01259444     0.00121850     0.00053729    -0.00040019     0.00092473
435     0.01867958     0.00525084     0.00244905     0.00044318    -0.00053550     0.00109358
436     0.00439663    -0.00624540    -0.00670576    -0.00352489    -0.00218825    -0.00022223
437    -0.02310346     0.01980067    -0.00121867     0.00186962     0.00150597     0.00004103
438     0.01190586    -0.01277183     0.00801209     0.00218355     0.00101328     0.00018599
439    -0.00301891    -0.01358538     0.00100174     0.00039034     0.00107985     0.00235253
440     0.00029423     0.00745450     0.00697067    -0.00015367    -0.00064142    -0.00108706
441     0.00700686     0.00722232     0.00058759    -0.00032819    -0.00051357    -0.00114032
442     0.01325104     0.03729510    -0.00034478     0.00167444    -0.00144542    -0.00164624
443     0.01033195    -0.01160118     0.02190442    -0.00076020     0.00064973     0.00094050
444    -0.02494583    -0.02419661    -0.01890447    -0.00099782     0.00065437     0.00081417
445    -0.01417310     0.00486158     0.02019369     0.00738684    -0.00119521    -0.00698606
446     0.00689594    -0.00467820    -0.01958815    -0.00243838     0.00058261     0.00265107
447     0.00534437    -0.00003640     0.00306892    -0.00404621     0.00075596     0.00244908
448     0.02448112     0.00608806    -0.01059946    -0.00160120     0.00205028    -0.00214323
449    -0.01071822    -0.00371319     0.00319798     0.00076799    -0.00130797     0.00112643
450    -0.01414036    -0.00630897     0.01198854     0.00060245    -0.00088498     0.00107419
451     0.00135522    -0.01098115     0.02948184    -0.00163053    -0.00084259     0.00164407
452     0.00777574     0.00348220    -0.01631174     0.00067123     0.00031817    -0.00071011
453    -0.01464226     0.01768961    -0.01047001     0.00095591     0.00038656    -0.00079663
454     0.01177821     0.00465324    -0.05948729     0.00010791     0.00196202     0.00042207
455    -0.02610521    -0.01320249     0.02569212     0.00000936    -0.00101198    -0.00028592
456     0.01559072     0.01153731     0.03504679    -0.00001955    -0.00106434    -0.00013106
457    -0.00134181    -0.01212305     0.00988025     0.00255649     0.00080639     0.00100596
458     0.00875426     0.00599097    -0.01522801    -0.00129923    -0.00041724    -0.00034679
459    -0.00485937     0.00795036    -0.00003156    -0.00123399    -0.00055562    -0.00055298
460     0.01317563    -0.00023267     0.00716549     0.00112066     0.00038811    -0.00240777
461     0.01140123    -0.01045778    -0.00963559    -0.00060523    -0.00036604     0.00132268
462    -0.02864804     0.01236660     0.00124740    -0.00063443    -0.00016378     0.00105831
463     0.00636903    -0.01182786     0.00722308    -0.00217454     0.00032076     0.00177225
464     0.01750498    -0.00369330     0.01616637     0.00122148    -0.00029083    -0.00084188
465    -0.02015294     0.01734151    -0.01924629     0.00106421    -0.00018094    -0.00108691
466     0.00378961    -0.00089078    -0.00059847    -0.00282297     0.00090283    -0.00097961
467    -0.00047174    -0.01218635    -0.00720440     0.00134223    -0.00050111     0.00031343
468    -0.00025010     0.00967254     0.00683390     0.00133906    -0.00026456     0.00045326
469    -0.00522461     0.03965479    -0.00531162    -0.00539988     0.00047412    -0.00247554
470     0.01944457    -0.02579389     0.00560715     0.00213664    -0.00041597     0.00090166
471    -0.01725302    -0.00976161     0.00275603     0.00306311    -0.00062539     0.00184660
472    -0.02007166    -0.00615688    -0.00352858    -0.00137320     0.00031200    -0.00081335
473     0.00856222     0.00709526    -0.00103811     0.00073154    -0.00009363     0.00042601
474     0.01273665     0.00179813     0.00269346     0.00076301    -0.00022544     0.00047630
475    -0.00108553    -0.01389740     0.02116963    -0.00239027     0.00000787    -0.00073899
476     0.00385979     0.00314341    -0.01007989     0.00127813     0.00011841     0.00032740
477    -0.00495804     0.01328999    -0.00664004     0.00111870    -0.00005958     0.00024926
478    -0.00357872     0.00347944     0.03474821     0.00047912     0.00009404    -0.00176973
479    -0.00810471     0.00444654    -0.02396352    -0.00034172    -0.00006366     0.00100865
480     0.00962703    -0.00425611    -0.00686302    -0.00024414    -0.00001456     0.00076801
481     0.00874646     0.00728121     0.00134782     0.00188618    -0.00313222     0.00241976
482    -0.00181755    -0.00124181    -0.00156917    -0.00075885     0.00118050    -0.00108159
483    -0.01004640    -0.00763355     0.00156652    -0.00127331     0.00153894    -0.00114690
484    -0.01329057     0.01069570     0.00683302     0.00216084     0.00297619    -0.00027624
485     0.00180366    -0.00383933    -0.00476003    -0.00091111    -0.00135940    -0.00004743
486     0.01090419    -0.00361183     0.00273280    -0.00132077    -0.00140720     0.00010549
487     0.04459699     0.00511646     0.02995770    -0.00255270    -0.00792930    -0.00070041
488    -0.01342350    -0.00414713    -0.03319569     0.00136106     0.00322865     0.00081606
489    -0.02695112     0.00249213     0.00737107     0.00050883     0.00441673     0.00067095
490    -0.01217454    -0.03509707     0.02454144    -0.00380213     0.00093731     0.00052055
491    -0.00454883     0.01268228    -0.01225497     0.00157138    -0.00047466    -0.00011082
492     0.01658812     0.02107176    -0.01590113     0.00173233    -0.00021666    -0.00028738
493     0.01867317     0.00083123     0.00719300     0.00130998    -0.00083291     0.00174812
494    -0.01373283     0.00204959     0.00262060    -0.00065592     0.00036381    -0.00073200
495    -0.00027021     0.00766518    -0.00787393    -0.00083562     0.00045791    -0.00106019
496    -0.00601441     0.01152668    -0.00895146    -0.00139382     0.00123102     0.00045157
497    -0.00077570    -0.00447661     0.00978859     0.00066619    -0.00063077    -0.00030796
498    -0.00533432    -0.00872839     0.00553660     0.00076410    -0.00074884    -0.00019930
499    -0.01185404    -0.01309472    -0.03544789     0.01057143     0.01775004     0.00018329
500     0.01659974     0.01143200     0.02481227    -0.00439310    -0.00611716    -0.00185446
501    -0.00541682     0.00169897     0.00770474    -0.00468898    -0.01170633    -0.00099797
502     0.05399590     0.01909011     0.03244501    -0.00300942    -0.00622281    -0.00738681
503    -0.03119796    -0.00297859    -0.01325889     0.00305653     0.00392138     0.00485445
504    -0.01718068    -0.01867007    -0.02395173     0.00054366     0.00391773     0.00457784
505     0.00213110     0.00434376    -0.00965286    -0.00154000    -0.00212247     0.00051060
506    -0.00874175    -0.00215039     0.00940136     0.00097798     0.00130135    -0.00022312
507     0.00279091    -0.00477815     0.00653625     0.00063622     0.00111535    -0.00026554
508     0.01014362     0.03239916     0.01032387     0.00040620    -0.00122448     0.00158693
509    -0.01351931    -0.02807727    -0.01243108    -0.00014771     0.00068752    -0.00076523
510    -0.00382703    -0.00949456     0.00092336    -0.00022872     0.00053537    -0.00067777
511    -0.00610205    -0.00488398    -0.01508466     0.00005219    -0.00279436    -0.00054632
512    -0.00407232     0.00338738     0.01358444     0.00003678     0.00158956     0.00016015
513     0.01320013     0.00280101     0.00096184    -0.00018978     0.00147706     0.00031864
514    -0.01006643    -0.00443107    -0.00944122     0.00474359    -0.00075226     0.00728845
515     0.00615269     0.00244840     0.00861468    -0.00356875    -0.00001250    -0.00390195
516     0.01927527     0.00691691     0.00935505    -0.00211073     0.00053098    -0.00506194
517     0.01152014    -0.01199456     0.03201754    -0.00110565    -0.00074428    -0.00637103
518    -0.01054369     0.01013693    -0.01446834     0.00054198     0.00007409     0.00250538
519    -0.00283304    -0.00231085    -0.01622411     0.00068669    -0.00000660     0.00430044
520     0.01389498     0.00572151     0.00332527    -0.00258833     0.00389343     0.00133521
521    -0.01874371    -0.01575319    -0.00251113     0.00097618    -0.00210831    -0.00059440
522     0.00755252     0.00922954    -0.00177064     0.00191887    -0.00254040    -0.00088748
523    -0.01279573     0.00443362    -0.01418134     0.00263480     0.00243392     0.00377473
524     0.01133895    -0.01091607     0.01637038    -0.00154324    -0.00176465    -0.00192714
525     0.00357760     0.00479864    -0.00055929    -0.00165184    -0.00097539    -0.00185269
526    -0.01203944     0.01239007    -0.00800068     0.00100103    -0.00400481     0.00508190
527     0.01729021    -0.00887556    -0.00019070    -0.00074904     0.00197727    -0.00200455
528     0.00410146     0.00767240     0.00836968    -0.00000562     0.00208306    -0.00226920
529    -0.00766722     0.04221560    -0.00505317     0.00054542     0.00188366    -0.00071428
530    -0.01142189    -0.00965740    -0.00205459    -0.00025713    -0.00079538     0.00028158
531     0.01779549    -0.02427466     0.00554443    -0.00039472    -0.00101237     0.00039794
532    -0.01584391    -0.01307424     0.02760520     0.00850664    -0.00049864    -0.00125782
533     0.01565566     0.00362560    -0.01019953    -0.00625485     0.00057117     0.00040729
534    -0.00159138     0.01292361    -0.01626699    -0.00345164     0.00049937     0.00006328
535    -0.00671303     0.01068850    -0.00270102     0.00068034    -0.00120392     0.00388028
536     0.00087838    -0.01335524    -0.00841671    -0.00044567     0.00097634    -0.00229593
537     0.00542265     0.00413226     0.00679199    -0.00053219     0.00040714    -0.00213146
538    -0.03789477    -0.01253853     0.00430280    -0.00363852    -0.00119811    -0.00224577
539     0.03151657     0.00483539    -0.00856042     0.00183621     0.00083328     0.00145296
540     0.00628116     0.00763822     0.00128413     0.00221283     0.00039136     0.00124499
541     0.00905881     0.00606485     0.01798799     0.00712676    -0.01344622     0.01171932
542    -0.01960068    -0.00048872    -0.00751459    -0.00125376     0.00823806    -0.00736200
543     0.01016863    -0.00601379    -0.00899387    -0.00180190     0.00397079    -0.00475483
544    -0.02207099     0.00435298     0.04976298     0.00643458    -0.01204036    -0.01580238
545     0.00572099    -0.01669755    -0.03950864    -0.00562515     0.00842689     0.00777229
546     0.01911437     0.01267210    -0.01233455    -0.00379874     0.00309510     0.00627778
547     0.00505222    -0.01675535    -0.01813800    -0.00097381     0.00626775     0.00442890
548    -0.00200415    -0.00253588     0.00171587     0.00066260    -0.00236312    -0.00223129
549    -0.00716700     0.01929671     0.02030437     0.00084272    -0.00459028    -0.00334595
550     0.01124812     0.01933877     0.00899000    -0.00149548     0.00072862     0.00084444
551     0.00088259     0.00304625    -0.00646932     0.00068717    -0.00029415    -0.00044848
552    -0.01039083    -0.02067660    -0.00871331     0.00069375    -0.00043189    -0.00043529
553     0.02960672     0.00003748     0.00061346     0.00037394     0.00203104    -0.00022608
554    -0.00606785    -0.00220105     0.00009229    -0.00021005    -0.00099988     0.00020998
555    -0.02070679     0.00310860     0.00227730    -0.00009472    -0.00106866     0.00010403
556     0.01548515    -0.01810559    -0.00725407    -0.00184487     0.00083662    -0.00131461
557    -0.01355805     0.01243671     0.00753054     0.00096448    -0.00035339     0.00079548
558    -0.00345858    -0.00291258    -0.00043690     0.00111083    -0.00046552     0.00064055
559    -0.00262607     0.01692165    -0.01749253    -0.00072231     0.00148495     0.00115352
560     0.00130578    -0.00151401     0.01051408     0.00048642    -0.00087190    -0.00064646
561    -0.00193042    -0.01258920     0.01443344     0.00034760    -0.00066777    -0.00063295
562     0.00444856     0.00634552    -0.02291151     0.00029056     0.00115463    -0.00240118
563     0.00985934     0.01093031     0.00559846    -0.00010108    -0.00042173     0.00107044
564    -0.01409654    -0.01704015     0.02040357    -0.00010551    -0.00061923     0.00148300
565     0.00949925     0.00459254     0.00433074    -0.00094538    -0.00080067     0.00440483
566    -0.01209547     0.00325489     0.00884421     0.00016865     0.00053983    -0.00230683
567     0.00670536    -0.00749684    -0.00806325     0.00036920     0.00021514    -0.00174898
568    -0.01891254     0.01568357     0.01158895     0.00143029     0.00036508    -0.00168404
569     0.01223774    -0.00986788     0.00255106    -0.00065132    -0.00010516     0.00072049
570     0.01204665    -0.00833979    -0.01502046    -0.00091629    -0.00020184     0.00095941
