 Number of water molecules:
         190

 Atomic and electronic energies:
    -2.89906517    -0.10275846

 Atomic coordinates:
  1    -8.50164686    14.44229073    -8.36253377
  2    -8.41205338    15.21052205    -6.59719983
  3    -9.11525385    12.65636150    -8.16719870
  4     8.36500997     7.19382624    13.16420305
  5     7.88785805     8.81463033    12.33903984
  6     8.30861103     5.89512672    11.72343851
  7    -7.27081269     7.68778575     7.78033942
  8    -5.74249732     6.87545954     8.76827895
  9    -6.73380667     7.65610061     5.88700192
 10    15.93728265    -7.05819309    -8.35429595
 11    17.75139595    -7.62317957    -8.47824773
 12    15.38851046    -7.26511155    -6.45126460
 13     3.08819681     3.55924870    11.19592727
 14     3.66959798     4.27185519    12.90035098
 15     4.46186352     4.07235238     9.89109468
 16    -9.34388959     8.77099581    -7.95381782
 17   -10.58202983     7.33073696    -8.15040742
 18    -7.99353805     8.26793962    -9.26862526
 19     2.53994222     2.87485019   -20.81412338
 20     1.01551875     3.22227926   -21.83672860
 21     2.34724497     1.28075557   -19.79172731
 22   -16.76838745    10.66964934     1.32426003
 23   -15.81844349    11.63891767     2.64015061
 24   -17.28904005     9.02855603     2.18239116
 25     7.04380035     5.51953676   -13.67605163
 26     5.41958113     5.86994076   -14.69577092
 27     6.41493035     5.72687161   -11.88018527
 28    -6.49510503   -10.58250055    -9.07880127
 29    -6.43582737    -8.79915510    -9.79196909
 30    -8.19290115   -10.58907347    -8.22974070
 31   -11.01625375     4.08287265     7.35767770
 32    -9.88051018     5.60045683     7.47980503
 33   -11.45138857     3.56397237     5.58307514
 34    -2.78504399     8.23284345   -14.94442097
 35    -0.90309663     8.02253669   -14.87889671
 36    -3.00195953     9.88845169   -13.95102771
 37     6.65080262     6.71981196    -8.60784238
 38     8.31136004     6.81549407    -7.76344284
 39     5.73802385     5.25515182    -7.81213370
 40     3.89886589    -4.66866896   -12.30149299
 41     2.14993737    -3.84703329   -12.27974290
 42     3.53292308    -6.46806826   -12.90636449
 43    -3.78666687     4.52880513     0.52557523
 44    -3.28146446     5.48754892    -1.20196663
 45    -4.93043495     3.04171780     0.16901830
 46     6.97078567    -0.87342206    12.91236640
 47     6.89141346    -1.05411300    11.06695903
 48     5.24305017    -0.52159126    13.65100535
 49     2.10138270     6.72953455    -3.45067318
 50     2.80710638     5.00548871    -4.04843213
 51     3.43520483     7.99520714    -3.59563707
 52     1.23762148    -5.03130767    16.51633960
 53     0.75528611    -6.79427157    17.05313771
 54     2.71472933    -5.32471549    15.37110217
 55   -15.64517672   -10.71353944    -4.48346147
 56   -15.72730874   -12.21920488    -3.41131352
 57   -14.19218208   -10.67107012    -5.62344970
 58    -8.39994818     5.57115094    14.68319699
 59    -8.95061329     4.66773916    16.30601819
 60    -7.55888517     4.19400665    13.67424557
 61    11.14972512    -4.71722881     8.12773406
 62     9.39790908    -3.79215778     8.06082490
 63    12.13184931    -3.74960148     9.44801588
 64   -12.25099628    -4.82745937     8.93417365
 65   -11.80827580    -4.76620455     7.03980881
 66   -12.23124351    -2.91988339     9.34855482
 67    11.86418810   -13.91853490     2.81866398
 68    10.65044429   -14.72258976     1.60755188
 69    12.04494883   -12.14345542     2.45366264
 70     0.34445572     0.84346138    -8.71229896
 71     2.09595807     1.10484937    -7.86900611
 72    -0.85985074     1.20462479    -7.30591162
 73     0.06950819     1.99073539     3.14101426
 74     1.10258776     1.43510463     1.61105723
 75    -1.22601764     3.13422203     2.25219032
 76    -2.08371780   -11.94740592   -12.62991766
 77    -3.17550973   -11.26788040   -11.17933229
 78    -1.28058748   -13.65825683   -12.18106216
 79    -2.75098056    -2.35115185    -3.01939816
 80    -0.96021763    -2.73947022    -2.60020310
 81    -2.74642470    -0.48664805    -3.66660140
 82     1.05151036    -1.60968770     6.90912339
 83     0.98706114    -0.53963987     5.22621419
 84    -0.33297510    -2.98507808     6.56248109
 85    -4.48307982    -3.69589927     1.77446835
 86    -3.77945000    -2.74350470     3.21256045
 87    -3.85774052    -2.69483894     0.24090742
 88    -1.07523906    10.84210368     3.38505017
 89    -0.50811173     9.27612875     4.32449456
 90     0.34932884    11.24267959     2.29322770
 91   -15.80012785     9.60250127    -3.41145903
 92   -15.92292191    10.30039844    -1.60373725
 93   -17.30378085    10.06331861    -4.33430615
 94     5.01379902   -12.47026200    -9.81314924
 95     4.60340500   -11.53751640   -11.45788166
 96     3.34934016   -13.38725899    -9.49190607
 97    -2.56129665    13.92756854    -4.22712752
 98    -2.62502381    12.53110408    -5.56005920
 99    -4.35721784    14.68763412    -4.23549816
100    -7.40077465    -0.35844959     6.24676450
101    -8.28778580     0.27919905     7.75289673
102    -6.17532308    -1.71361352     7.02582647
103    -2.19813888     8.30628392    14.18894702
104    -0.71751302     9.25067443    14.81644967
105    -3.78687022     9.29052423    14.39810026
106    -9.09752641     2.43582198    18.69663574
107    -8.30735493     3.01389262    20.30217334
108    -8.57803393     0.62912860    18.24901844
109   -15.98480739    -2.64974825     2.76456267
110   -15.96508733    -4.06758190     4.11391890
111   -16.73923989    -3.25611448     1.13049040
112     2.73692288   -17.93824615    10.84911388
113     1.36985087   -17.50392346     9.52394118
114     3.97700502   -19.26141042    10.27975099
115    -6.61893234     1.50640558    -8.68608752
116    -7.72553327     0.73975125   -10.00065672
117    -6.09752175     3.25796712    -9.42922354
118     8.57272497   -12.94422719    11.37655271
119     7.29904350   -13.51145022    12.68951966
120     9.48543663   -11.40472020    12.02165192
121   -12.14259632    -6.69902227   -13.50692205
122   -12.66132052    -8.51117754   -13.76826602
123   -11.55633331    -6.64259197   -11.63575321
124   -19.16526691     0.73659348    -1.42674494
125   -19.55599641     0.71836822     0.42364417
126   -17.98168920     2.27786572    -1.63467922
127    10.85868159    13.91370944     2.76517703
128    10.84163449    13.84856879     4.67555479
129     9.10899127    14.66106323     2.23405218
130   -10.81826477    -9.85819300    -6.44245084
131   -11.14315167    -8.00077388    -6.91786845
132   -10.52251750    -9.86918396    -4.49153919
133    11.40318153     5.33646012    -6.72860298
134    12.12733208     3.69903794    -6.35770894
135    11.58859545     5.56396275    -8.60213168
136    -6.83086876    -7.77271185     5.49384749
137    -8.64341238    -7.74361675     6.07302544
138    -6.83049653    -6.42851982     4.01367227
139    -5.36774406    -5.62571117   -10.45958354
140    -4.75913070    -5.86074987   -12.32319009
141    -3.72273205    -5.39301685    -9.51446513
142    -7.45530992    10.35534628    14.55014653
143    -7.93570005     8.49179861    14.70446658
144    -8.70484632    11.25280702    15.65541816
145    -4.43664069   -13.66039747    13.48913337
146    -3.96379903   -15.09678321    12.33486686
147    -4.82839211   -12.20739559    12.27666591
148    -5.19179151    16.60601347   -12.52227230
149    -6.16434523    18.23741625   -12.79503001
150    -6.19345052    15.61218287   -11.30992572
151   -11.30085763     6.26465352   -15.16333723
152   -12.95054672     5.58640074   -15.83368633
153   -11.21710076     5.53490348   -13.38057233
154     2.22997337    10.72881808    16.09519878
155     1.84331275    11.45981014    14.36548174
156     2.55376152    12.06958026    17.36046528
157     8.63493367    -8.89112697     1.65775418
158    10.02704973    -8.06143642     2.69582339
159     7.19107969    -7.66424004     1.85196143
160    12.39232738     1.60679061     7.72157342
161    11.34126974     1.12575360     6.21816734
162    13.77333449     2.66020059     6.75556698
163    -3.85362221    -7.05682866   -15.63015799
164    -2.24408733    -6.42449291   -16.60952426
165    -3.38687470    -8.87291370   -15.08109194
166    11.14016487     1.54127361    14.85907880
167    10.79408277     0.90153377    16.54040584
168     9.55764503     1.23591021    13.81485665
169   -15.57084973    -1.70023570   -10.51346157
170   -15.78522401    -3.48136592   -11.24874550
171   -15.75932360    -1.86751108    -8.58519263
172    -1.98069539    12.95307738   -12.41133710
173    -0.32337492    13.71467112   -11.84964067
174    -3.17529174    14.45190335   -12.72404058
175   -19.77534346     1.02558133     3.99947629
176   -20.69459091     0.49718012     5.55145944
177   -18.26255650    -0.11873996     3.94528104
178   -17.46492948     6.06228955     3.18303938
179   -16.94214510     6.79104168     4.84295910
180   -18.48929512     4.44317227     3.71749326
181     1.95292385    -9.36580977   -13.57259483
182     1.59988306    -8.62184344   -15.33938939
183     0.42042333   -10.37509434   -13.00272904
184    -2.72147923     6.08263568     9.72823311
185    -2.39772657     4.24120262     9.86398432
186    -2.31284202     6.70958989    11.50520251
187     1.89006907     9.63349836    -9.00599456
188     3.65273247     8.92563468    -9.22836393
189     2.12521733    11.53688430    -9.20082649
190   -15.76447024     4.82558456    -1.41430554
191   -15.14421150     6.32441873    -2.41109622
192   -16.60465821     5.52313441     0.15764547
193    -2.95108448     2.19818745    -5.23109702
194    -2.85293711     4.02814788    -4.76473080
195    -4.30094793     1.93317954    -6.58887995
196    13.71066491    10.35881245    -9.91094362
197    13.82059951    11.69307627   -11.29865013
198    13.00443784     8.78849021   -10.70133455
199    13.74560299     6.63560958    13.33008324
200    14.12718176     4.84267670    14.07325171
201    11.93369630     6.92121776    13.98226539
202    -0.11727215   -11.30872874     9.78686929
203    -1.92657021   -11.08487280    10.09774678
204     0.68931278   -11.13702501    11.50576114
205     8.31211286     5.30744401     3.53232473
206     6.95752097     6.63749852     3.64074115
207     9.95228845     6.22373364     3.66760248
208    10.22285295    -9.40855392    -3.28500353
209     8.71585185    -9.65999385    -4.36215351
210     9.61737551    -8.86525675    -1.52361366
211    14.61701342     9.62649417     9.16743832
212    14.05127737     8.49194136    10.63412641
213    16.53457561    10.00657204     9.31531885
214     7.08695224    -2.73598599     0.38292016
215     6.01576142    -3.88851166     1.49117166
216     5.73851088    -1.99422394    -0.73349579
217    17.89033510     0.08055290    -2.79627956
218    16.64033514     0.54058495    -4.19335871
219    18.34205956    -1.77812040    -3.02105832
220    10.66464944    13.00191638     7.70528995
221    12.22254821    12.21066030     8.59041974
222     9.03937989    12.17406307     8.46562224
223    -0.68457032    -7.38573770     1.91436608
224    -1.89573506    -6.10544718     1.28665157
225    -1.16702621    -9.13013433     1.09923648
226    11.24666646   -13.92676995    -6.07801750
227    11.49104927   -12.32425049    -5.14842627
228    11.50979138   -13.46380333    -7.91572469
229   -10.57211692    11.29786218    -3.60488917
230   -12.37400246    10.56725603    -3.55464438
231    -9.70067913    10.37355164    -5.01438076
232    14.82979002    -7.33552520    -3.52948052
233    12.97878829    -7.90131578    -3.52542318
234    15.19763123    -6.93510996    -1.61257525
235    -9.01523477    12.28217051     1.09214077
236    -9.87756943    11.63080530    -0.46987010
237    -7.81136645    10.88695467     1.59401297
238    12.92367374    -7.81518691     4.95857191
239    12.17010833    -6.71955167     6.28019299
240    13.78024164    -9.24045433     5.88849979
241    10.77547730    12.47799653    -6.28570007
242    11.04547033    12.03704253    -4.36556794
243    11.72021199    11.12742636    -7.23722838
244    15.20237440     8.91108051    -5.25983080
245    15.50098884     9.64630622    -6.94807755
246    13.88213006     7.50924412    -5.38173306
247     4.96545355     2.27215235    -6.25043978
248     6.29671339     0.92527442    -6.69830608
249     5.47065567     2.67915351    -4.43657978
250     8.08450754   -17.44399136     0.80335692
251     8.19136606   -17.06863179    -1.08815958
252     8.78214435   -19.25484440     0.93228718
253    -6.68765809    -2.71134492    17.19668719
254    -6.95170802    -4.44822222    17.72237557
255    -4.91368044    -2.33904246    17.86678487
256    13.56327226    -1.58184082    11.41393564
257    12.93554881    -0.63208544    13.04353685
258    13.49149218    -0.23758112    10.13493185
259    12.70582537     8.04382009     4.50785927
260    13.42433048     8.93112765     6.01225996
261    13.27939927     9.02511607     3.00599414
262    -7.78179700     1.43189216     1.38296478
263    -7.26993042     0.93581621     3.16338702
264    -9.66890308     1.60680622     1.48783612
265     2.19480174   -10.24790200    14.28569849
266     3.62430139    -9.05806487    13.70691924
267     2.94499732   -11.98583279    14.48871963
268     0.66342180    -6.51399476   -17.70313597
269     1.41991307    -6.88423257   -19.48534691
270     1.03517077    -4.68951547   -17.33134472
271    14.93589994    -5.05817965     1.18038203
272    15.92679198    -3.55189912     2.01942492
273    14.52833885    -6.22979581     2.68415687
274   -16.15651575    -5.90815968    -1.73080357
275   -15.49221379    -7.05215809    -0.43686643
276   -16.65658976    -6.93927000    -3.26701304
277    -9.46984035    -4.58076737    -0.89935392
278    -7.59184038    -4.15826694    -0.42025911
279   -10.12456057    -3.67022302    -2.40244523
280     2.44665039    -1.66900195   -17.25322103
281     4.29463392    -1.36939588   -17.71888907
282     2.07515824    -0.40555612   -15.86845233
283    -3.89763310    -3.81011239     7.45092712
284    -4.99951399    -5.28982478     7.09964132
285    -2.95811271    -4.31544145     9.10303645
286     8.90082971     0.28430721     4.05889635
287     8.57221199     1.94797013     3.31195780
288     8.54401373    -0.94383893     2.59374396
289     3.90173401    11.98192860     0.66646267
290     4.64123092    11.27417461    -0.95938102
291     4.67030831    13.71351860     0.95441171
292     4.78175911     8.91265695     5.12401755
293     3.02004358     8.06338522     5.29972092
294     4.52758051    10.22677018     3.71435104
295    18.77986757     4.21109239     0.14361761
296    18.09582065     2.95724856    -1.20039623
297    20.60717962     3.84947961     0.25206966
298    -6.16416108   -11.57382331     1.73781817
299    -4.74459766   -11.64957069     0.47320333
300    -5.61579130   -10.32966012     2.98220019
301    12.08243644     6.07551177   -11.96298131
302    12.88328329     4.49345087   -12.71326188
303    10.53988135     6.32317285   -13.02162940
304    -7.99126758    -3.78221937   -15.35557547
305    -6.71661253    -5.19679617   -15.73743366
306    -9.69801960    -4.55866061   -15.38061955
307    15.92893868     8.59257351    -0.22999596
308    16.93962496     7.02134567     0.19545562
309    16.30944543     8.94345136    -2.09777593
310     0.14619527   -15.20167191    -8.52463786
311     0.52549591   -16.35799981    -7.00880625
312    -0.34899740   -13.55385207    -7.55603612
313   -10.46634859    -4.18808168     4.20818881
314   -10.40913153    -4.42553239     2.29655697
315    -9.55163067    -2.54385207     4.48508602
316     0.32221094   -15.51600118     6.73641577
317     0.55522210   -13.90155270     7.80810495
318     1.56627586   -15.28191024     5.20985980
319     5.56875630    -9.54343974    -5.43371833
320     5.68810871   -10.66750346    -7.00831749
321     4.47182037    -8.01599114    -6.02406558
322   -13.80831608   -13.64744562     3.68462155
323   -13.65443320   -13.27092432     5.54161670
324   -12.27527558   -14.78430016     3.18937187
325     9.26236379    -3.35047228   -12.78690283
326     7.64366495    -4.26865731   -12.48049900
327     8.86774457    -1.53910567   -13.38547756
328    -2.58583819   -10.12843321    16.79643609
329    -1.41762860    -9.65086190    15.42830381
330    -3.66963397   -11.60893747    16.40661655
331   -14.23077621   -12.16912514     8.78899572
332   -15.26204488   -12.56269164    10.26485378
333   -12.84088759   -11.21313797     9.50744904
334    13.42664271   -12.61558848     7.54916790
335    12.94866943   -14.08357453     6.34842181
336    12.31797885   -12.68821860     9.02224813
337    -0.30923125     3.56241324    17.59592588
338    -1.36326745     4.46395434    16.37565711
339     1.43857353     3.89203948    17.03326501
340    13.97801876     0.40638840    -6.12590505
341    13.88447370    -0.64925225    -7.72868894
342    13.02494725    -0.55817399    -4.83533746
343    -2.78734432     7.13006715    -3.68442482
344    -3.22200394     8.41827298    -5.00796967
345    -0.85112890     7.15361403    -3.67335219
346   -11.88832663    11.64283600     8.62063403
347   -11.14461372    13.22502460     9.29738375
348   -10.46455748    10.39796244     8.73073882
349     9.68200170    -8.96016498   -13.85363834
350     8.19321101    -9.30864873   -15.00613053
351    10.19508435    -7.10900748   -14.10563292
352     2.12361091    14.67687601    -9.29968520
353     4.04245148    14.89542665    -9.22506023
354     1.34463134    16.01808309    -8.26217781
355    -4.26144755   -17.27906372     4.26594830
356    -3.12567087   -17.40450591     2.79165342
357    -3.05281457   -16.53841377     5.47830630
358    -6.38846792     1.01353802    13.06467699
359    -6.25438892    -0.45524995    14.30066169
360    -4.70168414     0.97882404    12.13317935
361    -5.39259581    -9.48100030    10.45514158
362    -5.42144339    -8.82974471     8.64549542
363    -7.29431261    -9.40965797    10.92580223
364    -4.07300739     0.06660225   -14.98929878
365    -5.56929776    -1.11912903   -14.99138532
366    -4.90115852     1.87917104   -15.27740618
367    -7.80266742    15.40377693    -3.27472229
368    -7.35281644    15.64427549    -1.45624413
369    -8.86369247    13.73889517    -3.34784246
370     6.52338275    10.65898241     9.51111465
371     6.22627206     9.91890287     7.79545862
372     4.90594101    11.45554339    10.14142082
373   -14.32748791    -9.00661225     1.85947112
374   -14.49442557   -10.74142492     2.62167375
375   -12.90603813    -9.23782777     0.60167390
376    -0.09027989   -15.99141697     0.97674025
377     1.81151088   -15.41140519     1.30082373
378    -1.09296914   -14.60104665     0.27586376
379    13.80253970    -2.81055884   -10.34988505
380    14.54139374    -4.53557898    -9.65465992
381    12.45006854    -3.24370785   -11.57583857
382    -0.23941821    16.96612533    -0.27773303
383    -1.03087704    16.29332469     1.42139024
384    -1.21406629    16.15600830    -1.71788272
385    -1.74967184    -1.46686618    17.90574772
386    -0.31264867    -2.52747573    17.25140661
387    -1.18096924     0.32198292    17.83248297
388    16.74665086    -1.41141175     4.50089275
389    15.97146466     0.25320092     4.23267430
390    16.05003107    -2.07279464     6.17950946
391    -2.91100923    10.41563655    -8.04135768
392    -1.03974930     9.85005320    -8.14007420
393    -3.05946377    11.32405492    -9.65761172
394     6.44216647     9.95536163    -3.22977221
395     7.10118840    10.85159239    -4.73994067
396     8.18912912     9.50789045    -2.39165002
397     0.62808400     2.03745538   -13.90943397
398    -1.00095620     1.14675249   -14.59077268
399     0.86100018     1.42509030   -12.04674972
400   -16.45458743    -6.58123902     6.04222646
401   -15.52381673    -6.69366953     7.67016873
402   -15.48929177    -7.75375466     4.85358568
403     3.11313871   -11.56882492    -1.51367052
404     4.21764586   -10.94704001    -2.97671340
405     4.32318917   -11.80666349    -0.00792327
406     4.27106683   -14.81377764     3.36158759
407     4.83887781   -13.50104700     4.69972927
408     5.91203506   -15.78839046     2.80330237
409     6.67695507    16.42017741     1.49214338
410     5.59769448    17.60677210     2.52476233
411     6.39149846    17.01908442    -0.33052031
412   -10.63201871    -0.07458039   -11.98849995
413   -12.48300893    -0.60306118   -11.79295127
414    -9.79851372    -1.38760822   -13.11425604
415     7.89545308   -17.59050071    -4.39464854
416     9.34116568   -16.30044649    -4.78905905
417     7.15150956   -17.95846299    -6.06577012
418    -1.92135083    15.60868546     4.22391789
419    -1.76613510    13.69986395     4.43885809
420    -2.25667709    16.25302441     5.91469618
421     1.21077671    11.87135716    11.14209809
422     0.09994154    10.68483139    10.22046315
423     0.71250232    13.63002433    10.60476806
424    -2.75281063    16.34715765     9.36812329
425    -3.49155340    17.94183971    10.10344150
426    -3.81339068    14.84875607     9.95255506
427    -1.91070073   -11.04119948    -6.65249688
428    -3.73007885   -11.00898697    -7.33398615
429    -1.47273861    -9.11793938    -6.49994382
430    -1.24714050     1.07819067    10.66656996
431     0.40570010     2.05826665    10.89398983
432    -0.77605597    -0.25023896     9.37992140
433    -5.94248625     4.55011785   -15.53643493
434    -7.65835869     5.32345128   -15.75909849
435    -4.65763389     5.87838562   -15.80369931
436   -10.00706812    -9.80639494    -1.24553617
437    -8.76024889   -10.92839854    -0.19215935
438    -9.59788211    -7.93203203    -0.94418969
439     4.06842337     5.67524116    15.80436958
440     3.29266442     7.38216338    16.13225763
441     5.93594339     6.01040791    15.38097308
442    12.57684958   -11.05879768   -10.04546620
443    11.34869370   -10.40338660   -11.37198546
444    13.26776702    -9.48188435    -9.23693302
445     8.27505328    -1.47230714    -6.96686697
446     9.25248945    -1.80165461    -8.58997224
447     9.20677715    -2.02011059    -5.41706195
448    -5.27465979     6.26734791    -9.99406567
449    -4.43883246     7.81044783    -9.21517130
450    -4.46624343     6.19264909   -11.68542061
451   -10.51375763    -8.74703518    11.57192016
452   -10.56050702    -8.45920782    13.36884152
453   -11.15726800    -7.19689690    10.65660224
454     2.76089600    19.53213483     3.02104093
455     1.53885558    20.74099940     3.83535033
456     1.93836917    18.74950245     1.51565318
457    15.40701230     3.75714183     4.01275310
458    16.81750707     4.02175702     2.65532711
459    14.42674274     5.35105617     4.04295931
460     9.12115914     1.33650829   -15.14349463
461     8.32103917     3.05112508   -14.79731712
462    10.97061857     1.40963449   -14.77667542
463   -11.15174783    -0.00658225    10.16723697
464   -11.46323790     1.76771886     9.31506483
465   -10.14721748     0.40682573    11.84425706
466   -13.13674849     1.87580616    -4.80745485
467   -13.52677178     3.32628117    -3.51691940
468   -14.46572634     0.55489661    -4.62946003
469    -9.34008535    -1.54708971    -5.17470798
470   -10.58006544    -0.15602741    -4.72743445
471    -7.93560813    -0.51739720    -6.06257606
472   -16.15288170     3.20744490   -12.40370286
473   -16.36338613     1.33513482   -12.00456194
474   -15.16879282     3.89997717   -10.94297912
475   -16.48782660    -2.03952111    -5.03584996
476   -15.85838179    -3.42722031    -3.85013596
477   -17.97912242    -1.23717111    -4.05941122
478     7.04273441    -0.75557681   -19.37382502
479     7.93901286    -0.38156572   -17.66184800
480     6.94879689     0.96641447   -20.14382003
481     7.30967275   -11.84652699     6.45564506
482     7.95453143   -12.23711812     8.11759490
483     8.68793298   -12.48336962     5.31552411
484    11.34307124    10.70828170    -1.19269146
485    11.32758914    11.95801924     0.24739211
486    12.95170896     9.81920751    -1.12367328
487    -1.94156051   -11.65225330    -1.31972905
488    -2.74843083   -11.66764878    -3.13697376
489    -0.01735115   -11.68552428    -1.60916413
490   -13.15389204     1.94924281     2.67194388
491   -14.28658030     3.43959272     2.32184205
492   -14.14975239     0.31973147     2.35565922
493    10.89927637    -8.35099944    11.65969747
494    12.26357444    -7.45397642    12.68833976
495    10.58943410    -7.24683163    10.12160523
496   -13.47150487    13.59331540     3.97781794
497   -13.09607017    12.66894947     5.68842267
498   -11.91196099    13.42564987     2.93312203
499     5.95511498     2.79625713    -1.35817967
500     6.26545133     3.96202383     0.04054949
501     4.52167615     1.66199152    -0.78478215
502    -1.46299197    -5.92519423    -6.46487745
503    -2.28722238    -4.78930301    -5.19256567
504     0.43753736    -5.46842533    -6.44392936
505    -8.96773960   -15.58271766     3.14033655
506    -7.87396198   -14.14403737     2.37719268
507    -7.62113155   -16.78397834     3.73353826
508     4.70379702   -15.11611821    14.54203714
509     4.02121539   -16.22697697    12.99680252
510     4.65983337   -16.11556487    16.14606911
511     1.84879617   -17.23841130    -3.78219559
512     1.06520101   -16.88954871    -2.12793477
513     3.80903883   -17.32260185    -3.55661422
514     6.59824764    -2.01665905     7.99584204
515     7.29423945    -1.01843402     6.45393241
516     4.72029552    -1.97933941     7.85076528
517    -0.74473585    -2.70896010   -12.30030842
518    -2.16762227    -2.21623996   -13.41026860
519    -0.99527112    -1.64827756   -10.73780189
520    -5.80151625     8.62229701     2.61929259
521    -4.29580864     9.75049343     2.41183824
522    -5.37790740     6.88902096     1.93096468
523     7.95627210     4.26208766     9.01222423
524     7.67716704     4.62652272     7.17679697
525     9.72718116     3.48585266     9.06868852
526     3.45711093    -8.21025187     7.70652749
527     4.93809711    -9.36604103     7.11802541
528     1.84764022    -9.05379252     7.74396205
529     6.95131645    15.52906426    -7.78215089
530     7.02537375    17.32605286    -7.02095382
531     8.59989843    14.66861391    -7.25571912
532    11.24770333    -2.89564477    -2.62969071
533     9.62841703    -2.64799413    -1.52375364
534    12.65970377    -3.43777961    -1.40091624
535     5.07087880    -6.13378468    12.30237643
536     5.04140673    -6.64717060    10.44925718
537     6.24917459    -4.56847000    12.43442418
538   -10.32032213    -5.25737124    -8.68236970
539    -8.64449470    -5.13721676    -9.56454472
540   -10.26560387    -3.73766379    -7.31641415
541     4.24782098    -6.11282974     3.04106273
542     2.67051139    -6.09862883     1.96765904
543     3.54448797    -6.48372873     4.79739390
544     3.61199877    -4.93060252    -6.86490783
545     4.78139293    -3.61461708    -6.07522200
546     3.90718784    -4.77774949    -8.73042648
547     0.39842043     6.52831694     5.45913144
548    -0.80627653     6.22730466     6.87953303
549     0.34138578     4.81760312     4.63321472
550   -15.31157722     7.87051179     7.18072196
551   -14.09547307     6.43612665     7.11962419
552   -14.64509562     9.39150768     8.10341443
553     4.43953284    16.97809693    -3.22065236
554     4.41904466    15.46490642    -4.39277828
555     2.59537017    17.39291485    -2.67717317
556   -12.02222752     4.25235191    -9.32561351
557   -11.39990383     2.81924467   -10.40357943
558   -12.08977550     3.36683270    -7.58065511
559    -5.29660893    12.05708735    10.19824110
560    -5.84664698    10.80682241     8.84489039
561    -6.17802416    11.41093728    11.80609519
562     2.54546717     6.08630518   -16.18307302
563     2.71540918     5.77890570   -17.98575658
564     1.75590289     4.54501244   -15.37203962
565    -0.82741212    -4.62348832    11.51319046
566     1.08478217    -4.96186640    11.32137698
567    -0.89906744    -4.15182874    13.31453906
568    14.15146092     1.47308641   -13.27344965
569    15.83448213     1.41954043   -14.19432727
570    14.28884033     0.22459646   -11.80837011

 Atomic and electronic forces:
  1     0.00760303     0.00699322    -0.00216573    -0.00106972     0.00150741    -0.00076235
  2    -0.00072350    -0.00192317    -0.00350185     0.00053622    -0.00079980     0.00029725
  3    -0.00290722    -0.00479995    -0.00055340     0.00066282    -0.00078031     0.00043543
  4     0.00473757    -0.02330220     0.00759785     0.00100446     0.00130122     0.00227891
  5    -0.00513026     0.01863101    -0.01047115    -0.00046365    -0.00078681    -0.00107397
  6     0.00021510     0.00572916     0.00360226    -0.00069688    -0.00075860    -0.00142767
  7     0.03055161    -0.01269102    -0.00904029    -0.00217025     0.00190895     0.00190626
  8    -0.02380193     0.01453507    -0.01752066     0.00106753    -0.00100762    -0.00124548
  9    -0.00646822     0.00532544     0.02143045     0.00135239    -0.00125353    -0.00097433
 10    -0.01376401     0.00131386     0.01687018     0.00233559    -0.00105433    -0.00129091
 11    -0.00257346    -0.00158664     0.00311675    -0.00098612     0.00042970     0.00048991
 12     0.01437625     0.00327506    -0.02096942    -0.00139174     0.00067620     0.00059849
 13     0.01785581     0.00667082    -0.01618453     0.00029867     0.00170776     0.00478713
 14    -0.00429606     0.00010003    -0.00447873    -0.00018065    -0.00066495    -0.00181892
 15    -0.01351516    -0.00732254     0.02222514    -0.00053336    -0.00118920    -0.00265670
 16     0.01468481    -0.00394592    -0.01573060    -0.00201763     0.00165765    -0.00126097
 17    -0.01024944    -0.00246233     0.00147225     0.00107588    -0.00067991     0.00062387
 18    -0.00803243     0.00689008     0.01605255     0.00099054    -0.00087250     0.00082600
 19     0.01908112     0.00455240     0.01338671     0.00002437     0.00035792    -0.00191968
 20    -0.01312826    -0.00306007    -0.00646108     0.00005198    -0.00016729     0.00086370
 21    -0.00656291    -0.00262300    -0.00477936    -0.00000350    -0.00012517     0.00110376
 22    -0.00786377    -0.00993031    -0.00893286    -0.00139716     0.00084001     0.00014559
 23     0.01024087     0.01764556     0.00827539     0.00067598    -0.00046355    -0.00012309
 24    -0.00184236    -0.00044296    -0.00271748     0.00074268    -0.00037267    -0.00010793
 25    -0.01898906     0.00589021    -0.00809303     0.00110032     0.00146951    -0.00298610
 26     0.00940311     0.00067233    -0.00226067    -0.00032369    -0.00069224     0.00143900
 27     0.00873599     0.00425144     0.00903672    -0.00067070    -0.00106285     0.00180434
 28     0.01605343     0.01269347    -0.00854610    -0.00192117    -0.00210834    -0.00182339
 29     0.00677872    -0.00045689    -0.00159582     0.00109245     0.00098217     0.00113221
 30    -0.01643031    -0.01009497     0.01193424     0.00102529     0.00094413     0.00073302
 31    -0.01843647    -0.00464978     0.01323563    -0.00250379     0.00091775     0.00150735
 32     0.00949295     0.00566534    -0.00798777     0.00121928    -0.00063861    -0.00081379
 33     0.00537919     0.00234271    -0.00867974     0.00144582    -0.00045971    -0.00065629
 34     0.00599093     0.02421796     0.02144356    -0.00075441     0.00134562    -0.00211515
 35     0.01045116    -0.00902435    -0.00901322     0.00026483    -0.00073381     0.00117505
 36    -0.00438257    -0.00552253    -0.01225130     0.00038083    -0.00076949     0.00095330
 37    -0.02700407     0.00587357    -0.01614735     0.00215830     0.00369002    -0.00388823
 38     0.02424654     0.00032233     0.01297887    -0.00140707    -0.00176711     0.00164691
 39    -0.00304323    -0.00812460     0.00393541    -0.00140479    -0.00243462     0.00285799
 40     0.00628215    -0.00962744     0.00724703     0.00070760    -0.00164602    -0.00508332
 41    -0.00254347     0.00374110    -0.00419857     0.00003684     0.00070502     0.00279273
 42     0.00003039     0.00278775     0.00231526    -0.00021096     0.00093714     0.00205558
 43     0.04120999     0.02473206    -0.03606234    -0.00886976     0.00760152     0.00172130
 44    -0.02516925    -0.02662897     0.04417611     0.00372853    -0.00409626     0.00037120
 45    -0.01331736     0.00163572    -0.00643804     0.00504765    -0.00267596    -0.00057301
 46     0.00056163     0.00177133     0.04691456     0.00128880    -0.00005162     0.00371508
 47    -0.00674733    -0.00065525    -0.03654408    -0.00094351     0.00007978    -0.00238655
 48     0.00457440     0.00127992    -0.00919643    -0.00038784    -0.00002270    -0.00187266
 49    -0.01900988    -0.06119604    -0.00443499    -0.00025205     0.01151649    -0.00446613
 50    -0.00686696     0.03355873     0.00552000    -0.00070102    -0.00679363     0.00408235
 51     0.03266819     0.02763047    -0.00297117    -0.00058099    -0.00431504     0.00150796
 52     0.00899577    -0.00832262    -0.00813213    -0.00014882    -0.00062221     0.00250541
 53    -0.00723992    -0.00161515     0.00698846     0.00009230     0.00037115    -0.00109325
 54     0.01012665     0.00159711    -0.00528068    -0.00004047     0.00040162    -0.00141005
 55    -0.03594773     0.02983868     0.00580521    -0.00162874    -0.00089230    -0.00034238
 56     0.00609547    -0.02022844     0.00922792     0.00074693     0.00047000     0.00011175
 57     0.02860751    -0.00816281    -0.01465575     0.00087142     0.00051673     0.00025942
 58    -0.00687524     0.00105874     0.00999278    -0.00113253     0.00067077     0.00162386
 59     0.00071351    -0.00007396    -0.00363926     0.00049170    -0.00023781    -0.00074195
 60     0.00395536    -0.00898644    -0.00435984     0.00068052    -0.00034255    -0.00098949
 61    -0.04653802     0.01773190     0.00285931     0.00316785    -0.00141853     0.00311976
 62     0.02621186    -0.01293921    -0.00144096    -0.00181815     0.00078588    -0.00220499
 63     0.01076257     0.00992634     0.00832708    -0.00133266     0.00040885    -0.00135983
 64     0.00394548     0.01472119    -0.01360048    -0.00207253    -0.00056936     0.00137280
 65    -0.00240148    -0.00557130     0.00472070     0.00127376     0.00035445    -0.00069872
 66     0.00093760    -0.00944061     0.01012351     0.00105903     0.00015258    -0.00073201
 67    -0.00597396    -0.04132632     0.01602703     0.00170249    -0.00230691     0.00063497
 68    -0.00283500    -0.00250646    -0.00443985    -0.00078053     0.00128281    -0.00022206
 69     0.00313790     0.04053813    -0.01310392    -0.00111545     0.00128205    -0.00036744
 70     0.04510020    -0.00592245     0.00181116    -0.00264700     0.00236767    -0.01065032
 71    -0.01675550     0.00067836    -0.01643955     0.00017069    -0.00188358     0.00657699
 72    -0.02063939     0.00808612     0.01071980     0.00277630    -0.00181383     0.00568671
 73     0.00881104    -0.00149803    -0.04218855    -0.01091542     0.01217771     0.01777903
 74    -0.00440289     0.00077690     0.02124692     0.00517307    -0.00803589    -0.00899049
 75    -0.01048963    -0.00085601     0.01349715     0.00546909    -0.00575554    -0.00453783
 76    -0.00262041     0.00088346     0.00478243    -0.00075087    -0.00189579    -0.00204314
 77     0.00743259    -0.02023828    -0.00785635     0.00058014     0.00109755     0.00110783
 78    -0.01557802     0.01423219     0.00792195     0.00027200     0.00097482     0.00087434
 79     0.00473201     0.02536745     0.00231702    -0.01885742    -0.00494836    -0.00851067
 80     0.00807823    -0.00364685     0.00033550     0.00980222     0.00506257     0.00546695
 81    -0.00984936    -0.01959653     0.00114844     0.00813488    -0.00059479     0.00471719
 82    -0.02281286    -0.00950787    -0.06017572    -0.00210008    -0.00140578     0.01285043
 83     0.00141675    -0.01068035     0.04284652     0.00205334    -0.00037328    -0.00884818
 84     0.02267423     0.02160187     0.01872063     0.00192554     0.00163059    -0.00549324
 85     0.00457911     0.00075887    -0.03008682    -0.01159130    -0.00480066     0.00412959
 86     0.00020724     0.00728174     0.02810440     0.00557348     0.00172583    -0.00355831
 87    -0.01335646    -0.00984738    -0.00177601     0.00795688     0.00230034    -0.00110977
 88    -0.02473582    -0.01267829     0.01978640    -0.00136471     0.00456462     0.00158173
 89    -0.00335832    -0.00831453     0.00435788     0.00077927    -0.00266856    -0.00132734
 90     0.03037217     0.01579806    -0.02997186     0.00042565    -0.00252483    -0.00060970
 91     0.05110960    -0.01227078     0.01542053    -0.00158215     0.00090966    -0.00023981
 92    -0.01111627     0.00046701    -0.00202421     0.00076528    -0.00046609     0.00003943
 93    -0.03509850     0.01290209    -0.01685983     0.00068478    -0.00037979     0.00012797
 94    -0.02606377     0.00964842    -0.01453956     0.00067410    -0.00282003    -0.00220382
 95     0.01140226    -0.00261822     0.01008062    -0.00026984     0.00122358     0.00123110
 96     0.00953356    -0.00612728     0.00714102    -0.00012617     0.00143498     0.00100266
 97    -0.01977361     0.00756895    -0.00437569    -0.00098902     0.00297701    -0.00073072
 98     0.00125765     0.00537703     0.00338745     0.00059628    -0.00160465     0.00059523
 99     0.01573603    -0.00639480     0.00262574     0.00053538    -0.00123916     0.00028900
100     0.03744872    -0.03321366    -0.00798644    -0.00462875     0.00022897     0.00330404
101    -0.02229696     0.01391077     0.02153236     0.00173015    -0.00018002    -0.00137780
102    -0.01253154     0.02132935    -0.01785806     0.00228068     0.00023589    -0.00208025
103    -0.00465289    -0.03083303    -0.01311972    -0.00063645     0.00127122     0.00208859
104     0.01490770     0.01518158     0.01329959     0.00019149    -0.00062826    -0.00097442
105    -0.01134056     0.01138243     0.00625719     0.00035910    -0.00058948    -0.00088491
106    -0.00476483    -0.00802282    -0.01517449    -0.00079574     0.00022458     0.00135360
107     0.00585020    -0.00593919     0.00690144     0.00032171    -0.00011498    -0.00063679
108     0.00046289     0.01176283     0.00838645     0.00042532    -0.00005523    -0.00074095
109     0.00314645     0.01816425     0.01826270    -0.00228506    -0.00022483     0.00043094
110    -0.00640809     0.00406576    -0.01915725     0.00106456     0.00018755    -0.00027996
111    -0.00030825    -0.01614380    -0.00129505     0.00108901     0.00013725    -0.00010392
112    -0.00899968     0.00973759     0.00254274     0.00004717    -0.00158172     0.00107113
113     0.02183259    -0.01088642     0.00545109     0.00004648     0.00090642    -0.00055831
114    -0.01048698     0.00154009    -0.01047912    -0.00007162     0.00075434    -0.00045109
115     0.02147253     0.02357967     0.00689925    -0.00395015     0.00105012    -0.00352251
116    -0.01501261    -0.00844886    -0.01500125     0.00156697    -0.00025292     0.00144871
117    -0.00852281    -0.01502130     0.00954665     0.00163399    -0.00079691     0.00169321
118    -0.00328642    -0.01210022    -0.00926859     0.00084704    -0.00162056     0.00161375
119     0.00115936     0.00002522     0.00210439    -0.00029510     0.00073956    -0.00077986
120     0.00238600     0.01135123     0.00435409    -0.00050078     0.00073272    -0.00087821
121     0.00792282    -0.00820715     0.02741095    -0.00144201    -0.00057918    -0.00127680
122    -0.00147585     0.00291711    -0.00524600     0.00063714     0.00032431     0.00055578
123    -0.00686074     0.00886185    -0.02099231     0.00088793     0.00036756     0.00069943
124     0.02220292     0.01847400    -0.00973691    -0.00175648     0.00012930    -0.00006099
125    -0.00987976    -0.00333464     0.01155282     0.00084794    -0.00006045    -0.00004284
126    -0.01208062    -0.01389751    -0.00295729     0.00095810    -0.00014720     0.00004522
127    -0.01940063     0.00216667    -0.02513503     0.00135184     0.00229985     0.00052834
128    -0.00035175    -0.00136108     0.01217355    -0.00063196    -0.00107252    -0.00038866
129     0.02323088    -0.00121103     0.00966671    -0.00056234    -0.00126442    -0.00023229
130    -0.00100324     0.01039962     0.02443390    -0.00222292    -0.00151522    -0.00096968
131     0.00566555    -0.01038727    -0.00071591     0.00124328     0.00065479     0.00057350
132    -0.00393700    -0.00208774    -0.02202116     0.00126031     0.00087992     0.00037070
133    -0.01823199     0.03836104     0.00011466     0.00370485     0.00248939    -0.00244843
134     0.02014722    -0.04207434     0.01224087    -0.00218080    -0.00100050     0.00124900
135     0.00381461     0.00284802    -0.01442710    -0.00144601    -0.00099004     0.00122482
136     0.00812987     0.03727892    -0.03201381    -0.00335167    -0.00255023     0.00228996
137    -0.00631364    -0.00413908     0.00185170     0.00144092     0.00090965    -0.00089573
138     0.00277634    -0.03122014     0.03265287     0.00233951     0.00142813    -0.00121288
139     0.01520205    -0.00789510    -0.03373212    -0.00267335    -0.00162866    -0.00338074
140    -0.01494308     0.00409493     0.02342671     0.00095912     0.00066829     0.00157116
141    -0.00072595     0.00053869     0.00885458     0.00160040     0.00117305     0.00231903
142     0.00469724     0.01520095    -0.00135360    -0.00083517     0.00094977     0.00130010
143     0.00089424    -0.01253581    -0.00423674     0.00047581    -0.00042957    -0.00071347
144    -0.00090228     0.00322068     0.00172271     0.00036766    -0.00040097    -0.00054458
145    -0.00064568     0.00125238    -0.01922271    -0.00065367    -0.00125680     0.00139052
146    -0.00058216    -0.00349059     0.00744187     0.00030286     0.00069687    -0.00063771
147    -0.00249097     0.00102059     0.01077698     0.00044480     0.00071639    -0.00081758
148     0.00331629     0.02963921    -0.01841794    -0.00054807     0.00127348    -0.00086772
149     0.00671695    -0.00953223     0.00029082     0.00024739    -0.00055649     0.00035465
150    -0.02044016    -0.01497034     0.02263271     0.00035859    -0.00069262     0.00044945
151    -0.00044280    -0.01613688     0.01664268    -0.00118394     0.00061867    -0.00125920
152     0.00049665     0.00455285    -0.00373477     0.00055339    -0.00023343     0.00054924
153     0.00125480     0.00990376    -0.01016527     0.00073405    -0.00034629     0.00068867
154    -0.00580437    -0.02230332    -0.00496687    -0.00000779     0.00111883     0.00163642
155     0.00539639     0.00658452    -0.00208139     0.00002681    -0.00068889    -0.00084928
156     0.00211751     0.01343719     0.00380265    -0.00000948    -0.00048526    -0.00068306
157     0.00987701     0.01462937    -0.00070682     0.00433733    -0.00540352     0.00168197
158     0.00420531    -0.01065073     0.00025057    -0.00224810     0.00207780    -0.00100104
159    -0.01199321    -0.00446676     0.00261700    -0.00283746     0.00384918    -0.00153212
160     0.03512057     0.03260021    -0.02655653     0.00345819     0.00077080     0.00283505
161    -0.02069642    -0.01487899    -0.00381168    -0.00241526    -0.00046651    -0.00180318
162    -0.01412169    -0.01371814     0.02582156    -0.00167895    -0.00048464    -0.00107203
163     0.02340799    -0.01031871     0.00094391    -0.00097660    -0.00097460    -0.00236401
164    -0.02339273    -0.01321322     0.01414291     0.00035212     0.00042733     0.00123084
165    -0.00732230     0.01851365    -0.00715732     0.00044426     0.00062190     0.00112140
166     0.01145293     0.01316880    -0.03404274     0.00123789     0.00031213     0.00216098
167    -0.00741594    -0.01135908     0.03366323    -0.00048812    -0.00009215    -0.00098345
168    -0.00092463    -0.00392111     0.00262644    -0.00068705    -0.00018095    -0.00136142
169     0.00148212    -0.01752647     0.00365367    -0.00171751    -0.00007951    -0.00094297
170     0.00158177     0.01763181     0.00847375     0.00078871     0.00011349     0.00045981
171    -0.00202121     0.00090985    -0.01089641     0.00096212     0.00005301     0.00042019
172    -0.00062124    -0.01305713    -0.00264022    -0.00054305     0.00174683    -0.00149156
173     0.00337388     0.00269519     0.00191303     0.00016869    -0.00093613     0.00072186
174     0.00071384     0.00187750    -0.00044022     0.00027177    -0.00075750     0.00059889
175     0.00700741     0.01128885    -0.00455638    -0.00155548     0.00013085     0.00032972
176    -0.01121534    -0.00108231     0.00787889     0.00069374    -0.00004003    -0.00018808
177     0.01027989    -0.01037160    -0.00509211     0.00089832    -0.00003133    -0.00020208
178    -0.03347448    -0.05638915    -0.01145773    -0.00167587     0.00058287     0.00032652
179     0.01172030     0.01699456     0.02529667     0.00080279    -0.00031691    -0.00022982
180     0.01394500     0.02818140    -0.01517279     0.00081178    -0.00020549    -0.00017140
181     0.02622704     0.01463334    -0.00937647    -0.00007355    -0.00189445    -0.00287655
182    -0.00596282    -0.00676279     0.01387022     0.00006208     0.00069905     0.00132400
183    -0.00932620    -0.00221703    -0.00744860     0.00020097     0.00102016     0.00132260
184    -0.00247594     0.01331612    -0.00867029    -0.00170170     0.00228284     0.00348349
185     0.00263402    -0.02829123     0.00072804     0.00097309    -0.00101981    -0.00215945
186    -0.00319812     0.01051133     0.00412331     0.00056440    -0.00090090    -0.00147421
187     0.00938365    -0.00325097     0.00060412    -0.00013203     0.00353390    -0.00283175
188    -0.00038430    -0.00562477     0.00160967    -0.00025526    -0.00178934     0.00157757
189    -0.00468893     0.00363195     0.00014332     0.00001901    -0.00149099     0.00103533
190     0.00651750    -0.01748078    -0.00430466    -0.00216764     0.00067780    -0.00008931
191    -0.00651145     0.01366088    -0.00278421     0.00105191    -0.00043053     0.00010507
192    -0.00366931     0.00630789     0.00612098     0.00097335    -0.00032649    -0.00004254
193     0.01184445    -0.02892831     0.00692236    -0.00941594     0.00530932    -0.00804995
194    -0.00933862     0.02060581    -0.00162534     0.00370363    -0.00340290     0.00292752
195    -0.00645082     0.00835075     0.00078246     0.00328987    -0.00137689     0.00291323
196     0.00949183     0.02720456    -0.00835820     0.00148197     0.00144329    -0.00119573
197    -0.00087927    -0.01089097     0.01212056    -0.00058545    -0.00063257     0.00053818
198    -0.00398408    -0.01656747    -0.01063273    -0.00081256    -0.00072565     0.00075758
199    -0.01484019    -0.04068416     0.02665218     0.00125957     0.00080423     0.00153120
200    -0.00111242     0.03440584    -0.01863189    -0.00063443    -0.00029632    -0.00078630
201     0.01137468     0.00606866    -0.01166315    -0.00056618    -0.00044602    -0.00085596
202     0.02369807    -0.01015187    -0.01393292    -0.00055715    -0.00250709     0.00251147
203    -0.03446801     0.00818473     0.00295745     0.00045711     0.00113100    -0.00119205
204     0.00661417     0.00372089     0.00852217     0.00015071     0.00101651    -0.00120230
205    -0.02130994    -0.02169236    -0.00943056     0.00586262     0.00565139     0.00386160
206    -0.00443549     0.01249544     0.00627680    -0.00213842    -0.00328205    -0.00188262
207     0.02197143     0.01526769     0.00438261    -0.00225165    -0.00199549    -0.00122468
208     0.02808898     0.01006022     0.02259299     0.00379101    -0.00402726    -0.00115086
209    -0.02861432    -0.00147073    -0.01145428    -0.00175719     0.00236676     0.00094932
210    -0.00046389    -0.00993148    -0.00874455    -0.00231362     0.00248513     0.00020406
211     0.02275466     0.01004451    -0.00447890     0.00150317     0.00125541     0.00119001
212     0.01202362     0.00229637     0.00104395    -0.00073501    -0.00057242    -0.00070144
213    -0.03404899    -0.01109159     0.00480491    -0.00068376    -0.00051307    -0.00047607
214    -0.02284908     0.00604697    -0.00543607     0.02114877    -0.00842069     0.00514799
215     0.01050776    -0.01285557     0.01159919    -0.00736622     0.00589662    -0.00428854
216     0.01237168     0.00282680    -0.00728764    -0.01239206     0.00416217    -0.00035015
217     0.00135764    -0.00735777    -0.00484400     0.00321354     0.00017994    -0.00042725
218     0.00148051    -0.00504661     0.00167447    -0.00178504    -0.00016736     0.00043026
219    -0.00434057     0.01396089     0.00192946    -0.00151983     0.00009147     0.00021599
220    -0.00141271    -0.01523177     0.02044173     0.00115344     0.00188279     0.00114237
221    -0.02214178     0.00504094    -0.01017627    -0.00061974    -0.00080348    -0.00057279
222     0.02611514     0.00976751    -0.00661046    -0.00054880    -0.00104463    -0.00073666
223     0.01121251    -0.04197680    -0.01380223    -0.00505241    -0.01154588     0.00486785
224    -0.02167290     0.00812232    -0.00274045     0.00447307     0.00566535    -0.00225386
225     0.00866137     0.03359827     0.01349061     0.00177764     0.00434538    -0.00102736
226    -0.00989919    -0.02622902    -0.00058777     0.00157085    -0.00227174    -0.00091916
227     0.00265688     0.01838736     0.01437302    -0.00104661     0.00129180     0.00048967
228     0.00481742     0.00307560    -0.00584545    -0.00074816     0.00101437     0.00057430
229    -0.02052347    -0.00684633     0.01284871    -0.00182760     0.00171348    -0.00041832
230     0.00875318     0.00788382    -0.00324761     0.00090545    -0.00070048     0.00017848
231     0.00319462    -0.01061101    -0.01542717     0.00100541    -0.00093393     0.00036459
232     0.00464645     0.00670502     0.03819256     0.00339587    -0.00174395    -0.00073513
233     0.00179825    -0.00412664    -0.00118357    -0.00193536     0.00126293     0.00048534
234    -0.00458599    -0.00268276    -0.03654057    -0.00178720     0.00083922     0.00011375
235    -0.00292130     0.00570155     0.01361359    -0.00176119     0.00202572     0.00026968
236    -0.00523073     0.00135464    -0.01306294     0.00094730    -0.00096307    -0.00001385
237     0.00582414    -0.00420588     0.00707461     0.00109122    -0.00125214    -0.00024045
238     0.01650159    -0.02810427    -0.04022192     0.00314866    -0.00206657     0.00167333
239    -0.01256416     0.02423768     0.02400225    -0.00163357     0.00097783    -0.00114647
240     0.00050821    -0.00941234     0.00425033    -0.00120313     0.00087914    -0.00068902
241    -0.01183782    -0.00549904     0.05057827     0.00147995     0.00229990    -0.00098306
242     0.00032652     0.01003208    -0.03344247    -0.00088292    -0.00128353     0.00037706
243     0.00965874     0.00103116    -0.00924422    -0.00084940    -0.00106777     0.00059189
244    -0.00085789    -0.02043808     0.03540959     0.00221541     0.00165570    -0.00078843
245    -0.00360571     0.00748269    -0.02645310    -0.00092952    -0.00073152     0.00044121
246     0.00581074     0.00918562    -0.00710839    -0.00139374    -0.00099239     0.00056665
247     0.00207495    -0.00761364     0.00360382     0.00626003     0.00725913    -0.01256698
248    -0.00385910     0.00178200    -0.00877225    -0.00369238    -0.00175006     0.00542728
249     0.00188292     0.00568216     0.00425064    -0.00486352    -0.00522684     0.00557053
250     0.01352706    -0.01637436    -0.00202186     0.00086756    -0.00245179     0.00023576
251    -0.00588587    -0.00275157    -0.00033749    -0.00047439     0.00128649     0.00002307
252    -0.00962506     0.02064929     0.00261216    -0.00035614     0.00099871    -0.00009300
253     0.00982574     0.03205615    -0.00320306    -0.00090192    -0.00019366     0.00179914
254    -0.01134029    -0.03466174     0.00663240     0.00041280     0.00016367    -0.00082405
255     0.00374315     0.00782366    -0.00611117     0.00037038     0.00008044    -0.00095551
256    -0.01161509    -0.00852500     0.06095709     0.00202298    -0.00015644     0.00215507
257     0.01181685    -0.01991674    -0.02706034    -0.00083314    -0.00000552    -0.00106703
258    -0.00214217     0.02523426    -0.03202363    -0.00121274    -0.00004888    -0.00116082
259    -0.01159439    -0.01926861    -0.00938834     0.00275322     0.00229347     0.00134014
260     0.00435902     0.00844197     0.01943849    -0.00108068    -0.00092958    -0.00063919
261     0.00545442     0.01038543    -0.01244111    -0.00129723    -0.00114166    -0.00042267
262     0.00793995    -0.00377925    -0.00052886    -0.00692661     0.00156169     0.00139106
263    -0.00056618    -0.00184035     0.00444272     0.00339140    -0.00063178    -0.00135101
264    -0.01195824     0.00198233    -0.00276517     0.00255575    -0.00052159    -0.00045693
265     0.00890621     0.01772454    -0.01055713    -0.00000564    -0.00138440     0.00219301
266    -0.01106858    -0.01033626     0.00452161    -0.00012280     0.00073069    -0.00127042
267     0.00688611    -0.00823278     0.00393149    -0.00004333     0.00067975    -0.00092292
268     0.01211344    -0.02620220    -0.03760266    -0.00022930    -0.00079077    -0.00239324
269    -0.01440461     0.00969009     0.03334589     0.00004626     0.00032017     0.00100326
270     0.00917092     0.02040524     0.00019866     0.00010338     0.00031098     0.00136518
271     0.01566621     0.02225541     0.01753537     0.00413276    -0.00138514     0.00062650
272    -0.01542781    -0.02468637    -0.01224462    -0.00193242     0.00039211    -0.00038615
273    -0.00280463     0.00476547    -0.00849822    -0.00187425     0.00082780    -0.00052158
274    -0.01466777     0.03626322    -0.03779780    -0.00214296    -0.00058449    -0.00012016
275     0.01035633    -0.02851016     0.02812132     0.00109076     0.00037873    -0.00001608
276     0.00239674    -0.00819486     0.00956267     0.00096099     0.00030729     0.00013013
277     0.03890233    -0.02307379     0.04529331    -0.00506683    -0.00157847    -0.00009342
278    -0.04142871     0.00227404    -0.02204850     0.00353947     0.00115697    -0.00008967
279     0.00984392     0.01816121    -0.01845175     0.00238851     0.00053105     0.00033090
280     0.00386106     0.00529067    -0.00224957     0.00002805    -0.00013782    -0.00297143
281    -0.00193425    -0.00692494    -0.00644917    -0.00016415     0.00003840     0.00138657
282    -0.00469312     0.00088296     0.00429076     0.00002590    -0.00005879     0.00178030
283     0.02134827     0.00628884     0.01963465    -0.00412149    -0.00199660     0.00546888
284    -0.01248819    -0.01827716    -0.00820688     0.00192151     0.00118033    -0.00206756
285    -0.00373245     0.00906360    -0.00957575     0.00134482     0.00090508    -0.00253494
286    -0.00194025    -0.04390537    -0.00160767     0.00960379     0.00121409     0.00656795
287    -0.00081858     0.04220940    -0.00606185    -0.00502379    -0.00197817    -0.00300916
288     0.00570126     0.00100552     0.01001910    -0.00647842     0.00033563    -0.00323889
289    -0.01023551    -0.00849378     0.01462713     0.00060883     0.00484275     0.00046508
290     0.00441952     0.00223774    -0.00143847    -0.00052607    -0.00267592     0.00009429
291     0.00372756     0.00253604    -0.00248676    -0.00030496    -0.00185465    -0.00019636
292    -0.01713736    -0.00005227    -0.01814055     0.00133262     0.00520465     0.00310355
293     0.01525712     0.00371582     0.00283822    -0.00021724    -0.00301050    -0.00204123
294     0.00499412    -0.00429628     0.00588679    -0.00053116    -0.00262419    -0.00103055
295    -0.02888407    -0.00281742    -0.01211919     0.00260466     0.00078158     0.00012729
296     0.00932531     0.00492112     0.01379378    -0.00149641    -0.00035127     0.00004925
297     0.01964547    -0.00351165     0.00201159    -0.00110214    -0.00027662    -0.00005552
298    -0.01071821    -0.01791097    -0.02748458    -0.00258163    -0.00327754     0.00076597
299     0.00910340    -0.00640771    -0.00745579     0.00133468     0.00205250    -0.00023891
300     0.00319828     0.02243427     0.03282116     0.00151375     0.00181962    -0.00071972
301     0.00951401    -0.00786353     0.00310390     0.00178961     0.00125947    -0.00205070
302     0.00656207    -0.00119831     0.00585795    -0.00090064    -0.00045302     0.00101674
303    -0.01990469     0.00554264    -0.00577783    -0.00075576    -0.00065427     0.00112423
304     0.02709515     0.00899191     0.00083157    -0.00140990    -0.00039450    -0.00200336
305    -0.00675658     0.00764833     0.00112682     0.00062955     0.00029935     0.00104748
306    -0.01926886    -0.01400142     0.00091983     0.00068348     0.00020848     0.00083483
307     0.00061833    -0.00053142    -0.00123451     0.00244680     0.00166687     0.00007067
308     0.00440608    -0.00078100    -0.00189509    -0.00130267    -0.00068738    -0.00007376
309    -0.00468450    -0.00024878     0.00447309    -0.00114067    -0.00078593     0.00011855
310     0.00617096     0.01682629     0.03340572    -0.00038944    -0.00263633    -0.00143072
311     0.00108000    -0.00302706    -0.01412869     0.00014981     0.00134338     0.00054176
312    -0.00321686    -0.01383135    -0.02142624     0.00034422     0.00166698     0.00089545
313     0.00368968    -0.00566677    -0.00795647    -0.00372464    -0.00097116     0.00142819
314    -0.00777058    -0.00192699    -0.00006232     0.00209969     0.00058639    -0.00049225
315     0.00182451     0.00937802     0.00786882     0.00218848     0.00031201    -0.00095294
316     0.02364137     0.01948168    -0.01322701    -0.00033809    -0.00261785     0.00133760
317    -0.00808327    -0.01178164    -0.00542348     0.00017479     0.00137821    -0.00090272
318    -0.02108028    -0.01011675     0.02292749     0.00006898     0.00154327    -0.00064011
319    -0.01598296     0.01717176    -0.01719198     0.00243571    -0.00628731    -0.00336407
320     0.00004489    -0.00237544     0.00186098    -0.00080150     0.00226482     0.00144104
321     0.01761017    -0.01748455     0.00891674    -0.00118833     0.00377696     0.00279382
322     0.01808058    -0.01594049    -0.01937134    -0.00141649    -0.00112592     0.00038803
323    -0.00159780    -0.00183689     0.01147211     0.00069031     0.00053806    -0.00027135
324    -0.01657391     0.01622169     0.01198643     0.00069045     0.00066065    -0.00018596
325     0.01785633     0.01642731    -0.00067188     0.00201326    -0.00070016    -0.00345710
326    -0.02026361    -0.00020940    -0.00101093    -0.00092859     0.00057779     0.00202400
327    -0.00167612    -0.01678438    -0.00028626    -0.00092829     0.00008813     0.00177527
328    -0.00569592     0.02453499     0.03760801    -0.00046417    -0.00089599     0.00168007
329     0.00987822    -0.00826264    -0.01806622     0.00022685     0.00054877    -0.00099942
330    -0.00184047    -0.01377764    -0.01675572     0.00025843     0.00047188    -0.00074742
331    -0.00671942    -0.00870927    -0.02471164    -0.00124051    -0.00085132     0.00071423
332    -0.02398379    -0.01196948     0.01652898     0.00053441     0.00035732    -0.00033452
333     0.03568267     0.02249121     0.00870965     0.00066981     0.00045978    -0.00045299
334     0.01237178    -0.01228264    -0.03249630     0.00149841    -0.00157937     0.00110809
335     0.00804520     0.02176487     0.01117584    -0.00069572     0.00086017    -0.00046033
336    -0.01792942    -0.00336271     0.02551537    -0.00066364     0.00078149    -0.00064104
337    -0.00940289    -0.02236232     0.01729489    -0.00031306     0.00051573     0.00219129
338    -0.02190030     0.01625502    -0.01571106     0.00024953    -0.00035337    -0.00115813
339     0.02952752     0.00704800    -0.00260840     0.00005752    -0.00030763    -0.00117939
340     0.00534775     0.01345036    -0.01807069     0.00433879     0.00046399    -0.00198897
341     0.00399856    -0.00200141    -0.00072222    -0.00189804    -0.00003627     0.00113591
342    -0.01151242    -0.01461224     0.01903809    -0.00284891    -0.00007792     0.00107437
343     0.00100226    -0.01014349     0.00009986    -0.00425643     0.00653071    -0.00253805
344    -0.00898610     0.00911762    -0.00626380     0.00145262    -0.00240130     0.00114381
345     0.00595126     0.00098792     0.00609884     0.00171247    -0.00425482     0.00165596
346    -0.00097720    -0.00713271    -0.00390264    -0.00124852     0.00109124     0.00081541
347    -0.00038877     0.01646657     0.00505362     0.00053059    -0.00055149    -0.00039226
348     0.00387697    -0.01134133    -0.00217619     0.00071697    -0.00062622    -0.00052638
349    -0.00323143     0.01847455    -0.00535628     0.00121485    -0.00131849    -0.00214083
350     0.00846860     0.00063817     0.00535090    -0.00044685     0.00063327     0.00107312
351    -0.00578044    -0.01623801     0.00184749    -0.00069408     0.00054272     0.00116650
352     0.00806921    -0.01740574    -0.01597610    -0.00002384     0.00226412    -0.00126841
353    -0.00118233     0.00483757     0.00449748    -0.00012449    -0.00110700     0.00060646
354    -0.00614900     0.01478739     0.01064819     0.00006148    -0.00109078     0.00049543
355    -0.01019216    -0.00290521     0.00126624    -0.00085644    -0.00216355     0.00066205
356     0.00745075    -0.00825983    -0.02780216     0.00039248     0.00121081    -0.00026060
357     0.00971620     0.00855821     0.02785778     0.00039078     0.00116001    -0.00046130
358     0.01136835    -0.00729342    -0.00542734    -0.00161599     0.00033410     0.00255755
359    -0.00575879     0.00288929     0.00271345     0.00068112    -0.00002620    -0.00119478
360    -0.00338320     0.00226176     0.00185272     0.00090024    -0.00022563    -0.00164782
361    -0.02417316    -0.00067991    -0.00913047    -0.00149949    -0.00170001     0.00219336
362     0.00483830    -0.00483422     0.00225545     0.00102724     0.00107214    -0.00125498
363     0.01741086    -0.00153503     0.00354851     0.00075113     0.00067525    -0.00091554
364    -0.01076902     0.02806198    -0.00193942    -0.00135135     0.00020355    -0.00302013
365    -0.00635028    -0.00602196    -0.00471596     0.00074388     0.00002083     0.00134681
366     0.01506304    -0.02924823     0.00410715     0.00065854    -0.00025193     0.00132997
367    -0.00133162    -0.01678406    -0.01580500    -0.00115546     0.00184666    -0.00030039
368    -0.00256669     0.00041078     0.01082777     0.00057118    -0.00096875     0.00004821
369     0.00714290     0.02062489     0.00453507     0.00072025    -0.00093479     0.00017393
370     0.01188048     0.00988418     0.02816287     0.00087225     0.00234410     0.00209248
371    -0.01229076    -0.00647196    -0.01743921    -0.00057397    -0.00155083    -0.00122951
372    -0.00339490    -0.00300904    -0.00446285    -0.00023824    -0.00111751    -0.00099018
373     0.00566426     0.01375761    -0.00536492    -0.00208130    -0.00101887     0.00032146
374    -0.00379517    -0.01902273     0.00769725     0.00089186     0.00052481    -0.00017723
375     0.00381879     0.00011889    -0.00308669     0.00118290     0.00065026    -0.00010216
376     0.05858815    -0.02125779     0.01472107    -0.00051543    -0.00336775     0.00039428
377    -0.05134983    -0.01021275    -0.00271003     0.00005183     0.00187244    -0.00027110
378    -0.01097871     0.02985456    -0.01140590     0.00047830     0.00197726    -0.00015500
379     0.03221282    -0.01658702     0.03531802     0.00270388    -0.00044983    -0.00224136
380    -0.01139690     0.02924814    -0.01410010    -0.00132188     0.00039233     0.00095395
381    -0.02042806    -0.01054886    -0.01551909    -0.00122264     0.00028097     0.00129522
382    -0.00518744    -0.00477327     0.01129395    -0.00036308     0.00251722     0.00004773
383     0.00963460     0.01017942    -0.02340925     0.00025701    -0.00130454    -0.00015596
384    -0.00223384    -0.00594811     0.00386055     0.00027870    -0.00133428     0.00008706
385    -0.02756484    -0.00156069     0.00499689    -0.00047695    -0.00008369     0.00220013
386     0.00841225    -0.01482351     0.00141597     0.00017547     0.00012016    -0.00121644
387     0.00679931     0.02407558     0.00263433     0.00021157    -0.00006541    -0.00112900
388    -0.00193218    -0.03862238     0.01921053     0.00320817    -0.00014901     0.00114444
389    -0.00747976     0.03242004    -0.00560071    -0.00179346    -0.00012686    -0.00063852
390     0.00962227     0.00617100    -0.01532601    -0.00151959     0.00014775    -0.00075319
391     0.01446119    -0.02767958     0.02894010    -0.00141889     0.00304350    -0.00200821
392    -0.00442120     0.00117531     0.00341043     0.00056293    -0.00179165     0.00126214
393    -0.00875861     0.02525961    -0.03071820     0.00053359    -0.00120525     0.00089515
394     0.04249592    -0.01831520     0.01997989     0.00206491     0.00526184    -0.00132001
395    -0.00639566     0.01319029    -0.02183959    -0.00085254    -0.00203917     0.00073020
396    -0.03422705     0.00621028    -0.00123295    -0.00141099    -0.00242292     0.00043728
397    -0.00709708    -0.01627903     0.00988197    -0.00053784     0.00094094    -0.00423475
398     0.01585927     0.01341212     0.01417264     0.00045241    -0.00027937     0.00189651
399    -0.01011049     0.00993299    -0.02560337     0.00037275    -0.00060073     0.00291424
400     0.00297665    -0.00416453    -0.01341163    -0.00172032    -0.00052627     0.00061852
401     0.00487017     0.00341899     0.01481987     0.00084336     0.00027708    -0.00039625
402    -0.00886140     0.00340282    -0.00459555     0.00092954     0.00036071    -0.00029043
403     0.01494319    -0.00045491     0.02037094     0.00059440    -0.00696359    -0.00042718
404    -0.00259206    -0.00070055    -0.00076198    -0.00071395     0.00356190     0.00075456
405    -0.01357266     0.00114357    -0.01684875    -0.00062320     0.00319729    -0.00024903
406     0.03041092     0.00380710     0.00365962     0.00052705    -0.00356065     0.00106114
407     0.00295563    -0.01517754    -0.01444795    -0.00038920     0.00186585    -0.00080932
408    -0.02800553     0.01362893     0.00630703    -0.00038398     0.00154816    -0.00037319
409    -0.00140511    -0.00349081    -0.01656356     0.00063148     0.00246570     0.00030051
410    -0.00597436     0.00688482     0.00812561    -0.00020033    -0.00111160    -0.00018979
411     0.00131047    -0.00480579     0.00638307    -0.00027739    -0.00119906    -0.00001826
412    -0.00082230    -0.00024530     0.00261249    -0.00207591     0.00012911    -0.00180932
413     0.00621056    -0.00166391    -0.00029540     0.00095788    -0.00001775     0.00071811
414    -0.00308628     0.00137677    -0.00063395     0.00095019     0.00003906     0.00097297
415     0.02559354     0.02736427     0.01349293     0.00079025    -0.00232979    -0.00050218
416    -0.01625077    -0.01463114     0.00169617    -0.00054778     0.00118708     0.00030731
417    -0.00814435    -0.00644993    -0.01749325    -0.00031573     0.00109598     0.00033880
418     0.00329357    -0.00850832    -0.03055238    -0.00063905     0.00245444     0.00072805
419     0.00026089     0.00042375    -0.00889274     0.00042396    -0.00148674    -0.00052164
420    -0.00717936     0.01538356     0.03943719     0.00028353    -0.00105007    -0.00040452
421     0.01607302     0.01450633     0.00965357    -0.00017723     0.00198743     0.00186092
422    -0.01354667    -0.01199991    -0.00895812     0.00022860    -0.00115852    -0.00110458
423    -0.00338973     0.00221058    -0.00230847     0.00010787    -0.00095751    -0.00075019
424     0.00605836     0.00853017     0.00200172    -0.00048517     0.00163234     0.00095617
425    -0.00002722    -0.00631995    -0.00104287     0.00021370    -0.00068724    -0.00039522
426    -0.00319327    -0.00287896    -0.00231039     0.00032264    -0.00081869    -0.00055655
427    -0.00644426     0.03522723     0.00497158    -0.00176845    -0.00426407    -0.00249084
428     0.00415802    -0.00636827    -0.00035455     0.00101001     0.00168924     0.00110594
429    -0.00438958    -0.02474395    -0.00323502     0.00126150     0.00272942     0.00192855
430    -0.00781893     0.01164875     0.00111187    -0.00165301     0.00084432     0.00525824
431     0.00245210     0.00109312     0.00580414     0.00045225    -0.00064485    -0.00269533
432     0.00102879    -0.00767054    -0.00326085     0.00106611    -0.00017690    -0.00348241
433    -0.02198164    -0.03907208     0.00378019    -0.00118943     0.00077987    -0.00213875
434    -0.00993737     0.00748612    -0.00207947     0.00058674    -0.00036368     0.00088680
435     0.01958846     0.03040422    -0.00233011     0.00049326    -0.00047686     0.00107020
436     0.01458065    -0.00697766     0.01002876    -0.00285412    -0.00206480    -0.00012115
437    -0.01785568     0.02427361    -0.01296748     0.00135906     0.00123412    -0.00006705
438    -0.00043845    -0.01099546     0.00046847     0.00184536     0.00108796     0.00003585
439     0.01702332    -0.01050715    -0.00662414     0.00025748     0.00093070     0.00240077
440    -0.00206753     0.01213390     0.00221459    -0.00006202    -0.00050931    -0.00105632
441    -0.01102121     0.00224214     0.00231467    -0.00026593    -0.00049001    -0.00117094
442    -0.00771546     0.00691241    -0.00151425     0.00165101    -0.00162429    -0.00147866
443    -0.00044108    -0.00577052    -0.00637076    -0.00077123     0.00080553     0.00089713
444     0.00970450    -0.00067355     0.00118385    -0.00103346     0.00080508     0.00079116
445    -0.02086641     0.00874243    -0.01560948     0.00741178    -0.00058482    -0.00759289
446     0.00215764    -0.00435479     0.01429328    -0.00242718     0.00029480     0.00270426
447     0.02014180    -0.00984473     0.00324874    -0.00456998     0.00069534     0.00300892
448     0.00207792     0.00435907     0.00964459    -0.00226680     0.00211618    -0.00277892
449    -0.00153959     0.00129351     0.00973320     0.00102994    -0.00131333     0.00130232
450     0.00301745    -0.00725541    -0.02435045     0.00087130    -0.00090293     0.00141286
451     0.01108741    -0.02486485    -0.03970083    -0.00142670    -0.00088399     0.00137056
452    -0.00384597     0.01058033     0.04057863     0.00060840     0.00036227    -0.00066741
453    -0.00698617     0.01236427    -0.00222088     0.00084031     0.00039835    -0.00071067
454     0.01631299     0.01283195     0.01836111     0.00004272     0.00189163     0.00033965
455     0.00099366    -0.00522252    -0.00443461     0.00002961    -0.00083040    -0.00017242
456    -0.01651345    -0.00784274    -0.01184955     0.00001994    -0.00105711    -0.00011558
457     0.03113261    -0.02729590    -0.01536740     0.00338499     0.00114495     0.00119231
458    -0.01716828    -0.00540638     0.01704285    -0.00154223    -0.00050157    -0.00034878
459    -0.01509299     0.02745797     0.00151388    -0.00167093    -0.00082724    -0.00063726
460    -0.01349833    -0.02361948    -0.00957572     0.00133292     0.00043258    -0.00280127
461     0.00102334     0.00729793     0.00597292    -0.00062551    -0.00040625     0.00145365
462     0.01661621     0.00616906     0.00494473    -0.00076686    -0.00020172     0.00123621
463     0.01795452     0.03604769     0.03102032    -0.00211927     0.00012717     0.00170958
464     0.00604896    -0.02796428     0.01036887     0.00110731    -0.00020733    -0.00080360
465    -0.02121007    -0.01005497    -0.03897435     0.00091947    -0.00008943    -0.00092563
466     0.02632914     0.04519703     0.01660093    -0.00294631     0.00051966    -0.00078803
467    -0.00349710    -0.03203073    -0.01916280     0.00141154    -0.00037096     0.00025370
468    -0.02044890    -0.01457846     0.00082187     0.00132835    -0.00011180     0.00031275
469     0.01962141     0.01556654    -0.01368419    -0.00480722    -0.00027004    -0.00185129
470    -0.01292735     0.00040698     0.00243652     0.00212338    -0.00011743     0.00066711
471    -0.01024265    -0.01590760     0.00477705     0.00267929    -0.00009632     0.00140247
472    -0.00412888    -0.01219850    -0.00452798    -0.00137310     0.00030200    -0.00087127
473    -0.00128467     0.00488819    -0.00224534     0.00072444    -0.00008515     0.00043890
474     0.00576189     0.00796609     0.00511692     0.00079417    -0.00021578     0.00046602
475    -0.00722504     0.00753317     0.00694548    -0.00212639    -0.00013271    -0.00049183
476    -0.00515974    -0.00067710    -0.00034675     0.00115376     0.00016226     0.00020072
477     0.01031897    -0.00465830    -0.00728908     0.00095545     0.00001786     0.00015888
478     0.01297807     0.00880729     0.03557739     0.00054574     0.00001497    -0.00213360
479    -0.00690499    -0.00883861    -0.01981124    -0.00040698    -0.00003651     0.00121547
480    -0.00461697     0.00384399    -0.01399537    -0.00023700    -0.00009356     0.00098462
481    -0.01916236     0.00890554    -0.04543075     0.00146590    -0.00316588     0.00207099
482     0.01112886    -0.00993448     0.05742053    -0.00062309     0.00123996    -0.00096100
483     0.00284235     0.00324443    -0.00983253    -0.00084037     0.00151085    -0.00078908
484    -0.04961699     0.00935721    -0.02153170     0.00236061     0.00296388    -0.00015789
485     0.00106864     0.01089043     0.01256804    -0.00097460    -0.00136013    -0.00008930
486     0.04235300    -0.01839531     0.00554722    -0.00128536    -0.00126500     0.00006305
487    -0.02010780     0.00487061    -0.02786207    -0.00219491    -0.00565133    -0.00026528
488     0.02249926    -0.00121598     0.03018316     0.00115775     0.00248578     0.00054407
489    -0.00020936     0.00008520    -0.00204870     0.00067746     0.00326348     0.00023440
490     0.00789633    -0.00340049     0.00270749    -0.00303876     0.00054653     0.00065613
491    -0.00426992    -0.00390431    -0.00460911     0.00129132    -0.00033177    -0.00023254
492     0.00206441     0.00556480     0.00397255     0.00142816    -0.00010082    -0.00026278
493     0.01084890     0.00463072     0.01361574     0.00146340    -0.00128151     0.00208460
494    -0.01109691    -0.00852589    -0.00817836    -0.00070204     0.00046915    -0.00093601
495     0.00310160     0.00048576    -0.00006209    -0.00098543     0.00076566    -0.00127322
496    -0.00650980    -0.02058949     0.04176931    -0.00123710     0.00112633     0.00036308
497    -0.00479184     0.01934089    -0.02827670     0.00064252    -0.00056060    -0.00026449
498     0.01607091     0.00007427    -0.01029646     0.00068401    -0.00068256    -0.00017232
499    -0.02740578    -0.03452786    -0.01526273     0.01775135     0.01623464    -0.00416332
500     0.01459463     0.02674218     0.02336259    -0.00588581    -0.00654356    -0.00060459
501     0.01268574     0.01102429    -0.00409135    -0.00933391    -0.00940948     0.00108261
502     0.02507860    -0.00604913    -0.00735657    -0.00502510    -0.00648388    -0.00756545
503    -0.01154354     0.00912726     0.00694580     0.00424948     0.00341370     0.00404789
504    -0.01394956    -0.00588031    -0.00633902     0.00168835     0.00405140     0.00515944
505     0.00460941     0.02081387    -0.01545146    -0.00135441    -0.00177520     0.00046833
506    -0.01649526    -0.00932240     0.00992658     0.00084627     0.00110829    -0.00026101
507     0.00668796    -0.01098630     0.00714043     0.00056558     0.00091198    -0.00025666
508    -0.00910465    -0.00465754    -0.04169987     0.00021600    -0.00125025     0.00133297
509     0.01055243     0.01905944     0.04175860    -0.00008258     0.00070981    -0.00063195
510    -0.00379472    -0.00861473    -0.00138798    -0.00008263     0.00052178    -0.00057458
511     0.04962074    -0.00444143    -0.02973900    -0.00006816    -0.00289463    -0.00052979
512    -0.00937843     0.00145704     0.02637868     0.00011407     0.00156740     0.00013068
513    -0.03969030     0.00117464    -0.00085250    -0.00013769     0.00143186     0.00024057
514     0.02193233     0.00590491    -0.01451002     0.00375375    -0.00119842     0.00742192
515    -0.00345883    -0.00853768     0.01597000    -0.00304758     0.00025463    -0.00422425
516    -0.02034112     0.00068048    -0.00343865    -0.00135798     0.00074321    -0.00472075
517     0.01379994    -0.02140433     0.01947682    -0.00139902    -0.00081008    -0.00528365
518    -0.01914474     0.00829190    -0.02153108     0.00074274     0.00021430     0.00210022
519     0.00571540     0.00494291     0.00657382     0.00114434     0.00024171     0.00344253
520    -0.02481904    -0.00011044     0.01342037    -0.00311571     0.00357634     0.00124513
521     0.01639858     0.00412613    -0.00069657     0.00130182    -0.00204626    -0.00059463
522     0.00954410    -0.00347428    -0.00690821     0.00225461    -0.00222417    -0.00075086
523     0.00782144    -0.00670663     0.00709146     0.00253231     0.00217589     0.00427961
524    -0.00094791     0.00515676    -0.01137471    -0.00173734    -0.00167776    -0.00248464
525    -0.00500409    -0.00012122     0.00044543    -0.00141843    -0.00078138    -0.00183338
526     0.07520380     0.03159458    -0.01365560     0.00070742    -0.00413948     0.00468744
527    -0.02794467     0.00555646     0.00916715    -0.00065547     0.00204608    -0.00187372
528    -0.03988338    -0.03655565     0.00495375     0.00008372     0.00202857    -0.00208064
529    -0.00119125     0.02604674     0.00888172     0.00061193     0.00213140    -0.00093530
530     0.00038509    -0.02451339    -0.00879950    -0.00025164    -0.00095837     0.00033862
531     0.00039328    -0.00399665    -0.00189380    -0.00044773    -0.00109102     0.00046849
532    -0.01490649     0.01097924     0.01912121     0.00854722    -0.00192685    -0.00168223
533     0.02723290    -0.00931092    -0.00970274    -0.00623565     0.00151734     0.00054673
534    -0.01104215     0.00033410    -0.00926278    -0.00336231     0.00084133     0.00019503
535     0.01056193     0.02658529     0.00502448     0.00077931    -0.00148290     0.00356935
536    -0.00202030    -0.00216501     0.00096608    -0.00053370     0.00111821    -0.00210795
537    -0.01466198    -0.02393861    -0.00139232    -0.00056729     0.00054534    -0.00185587
538    -0.01294630     0.04583356     0.04731156    -0.00272855    -0.00093757    -0.00172119
539     0.01630603     0.00042268    -0.00579020     0.00140966     0.00054156     0.00113727
540    -0.00068644    -0.04548330    -0.04018278     0.00168914     0.00037935     0.00088756
541     0.00040768     0.01627170    -0.00550994     0.00498459    -0.01248447     0.00901924
542    -0.00695864    -0.01147537    -0.00110444    -0.00083674     0.00818976    -0.00439136
543     0.00943059    -0.00514365     0.00401525    -0.00103226     0.00422047    -0.00407414
544     0.00278325     0.01316253     0.02453739     0.00252042    -0.00770627    -0.01179089
545    -0.00339807    -0.01033331    -0.00911459    -0.00325637     0.00350528     0.00696820
546     0.00085203    -0.00136556    -0.01967856    -0.00088269     0.00210629     0.00436641
547     0.00357346    -0.00111153    -0.00488265    -0.00183447     0.00638498     0.00544902
548    -0.01257424     0.01071227     0.02491343     0.00105769    -0.00227183    -0.00247837
549     0.00830861    -0.01029234    -0.01098514     0.00166620    -0.00422637    -0.00413309
550    -0.02207819     0.00161589    -0.00576023    -0.00152270     0.00074899     0.00067799
551     0.01552782    -0.00207454     0.01068807     0.00089952    -0.00039671    -0.00042684
552     0.01188304    -0.00020788     0.00367961     0.00068592    -0.00041183    -0.00035462
553    -0.02357388     0.00565672     0.00474117     0.00029827     0.00245723    -0.00036212
554    -0.00319851     0.00592150     0.00475357    -0.00018447    -0.00140122     0.00032729
555     0.02629295    -0.01119861    -0.00571978    -0.00002003    -0.00121841     0.00013879
556     0.00455762    -0.00819934     0.02787284    -0.00218144     0.00077553    -0.00131507
557     0.00460032    -0.00743508    -0.01650978     0.00110263    -0.00029554     0.00078090
558    -0.00828074     0.01470228    -0.00939176     0.00130791    -0.00038247     0.00062659
559    -0.01003209    -0.00824106     0.00432950    -0.00099366     0.00166663     0.00141262
560     0.00263548     0.00261609     0.00178617     0.00067616    -0.00095399    -0.00078427
561     0.00505845     0.00477948    -0.00223530     0.00047852    -0.00068405    -0.00070104
562     0.00632110     0.02037139     0.03637500     0.00004347     0.00115755    -0.00258044
563     0.00050658    -0.01053267    -0.03845916    -0.00002778    -0.00042800     0.00111389
564    -0.00669376    -0.00960720     0.00263310     0.00005709    -0.00057872     0.00156721
565     0.03746547    -0.00941692    -0.02051925    -0.00109261    -0.00136441     0.00433438
566    -0.02535343    -0.00125834    -0.00887534     0.00022688     0.00082160    -0.00234989
567    -0.01452900     0.00614997     0.02643672     0.00040271     0.00043086    -0.00178460
568     0.00509952     0.00468818    -0.00353697     0.00182476     0.00035868    -0.00192318
569    -0.00737702    -0.00132449     0.00475159    -0.00077758    -0.00013038     0.00077087
570     0.00030963    -0.00250005    -0.00555510    -0.00111743    -0.00010173     0.00102699
