 Number of water molecules:
         100

 Atomic and electronic energies:
    -1.46809520    -0.10808709

 Atomic coordinates:
  1     7.91368519     3.11373284    12.81355522
  2     9.60824544     2.51780899    12.14003941
  3     6.94279868     3.61733541    11.20506381
  4    -7.37393498     8.90925782     8.03486734
  5    -5.66485909     8.10054784     8.41236580
  6    -7.10896801    10.39474155     6.87395652
  7     2.76784488     7.84142999    11.31941912
  8     3.31750366     7.32093584    13.13997679
  9     3.51053511     6.52412533    10.11498300
 10    -9.06101816     8.56102459    -8.77828899
 11   -10.17689356     7.26727957    -9.69075134
 12    -7.36739531     8.58942508    -9.67523766
 13   -14.09408390     2.45615456     5.71695472
 14   -13.73565415     4.34726729     5.67194489
 15   -14.93415385     2.06125657     4.01414825
 16     7.50393906     7.87992440    -9.94303128
 17     9.25220228     8.09798656    -9.34959954
 18     6.82255659     6.30351960    -9.11205371
 19     3.99741513    -6.52068123   -14.50875508
 20     2.94204722    -5.02905240   -14.00913604
 21     3.49892748    -7.03135467   -16.28641881
 22    -1.54627533     5.21486459     0.14278849
 23    -1.84576326     5.72951378    -1.68188633
 24    -3.27599969     4.81604378     0.80490527
 25     3.71709972     0.18396288    12.44305048
 26     4.44815600    -0.78438942    11.06968121
 27     5.17459798     1.31460297    13.11187367
 28     1.40595767     9.51946188    -5.91235505
 29     2.41880980     7.93693137    -5.57521652
 30     2.55894031    10.93539220    -5.24689342
 31    -6.33684284     4.62121018    12.12688861
 32    -6.64524736     2.71561082    11.84129028
 33    -7.46456383     5.48264340    10.84880776
 34    11.00658107    -5.31785852     8.58287858
 35     9.37517848    -4.50139631     9.10092212
 36    12.04574822    -4.03323004     7.66528160
 37     2.25170548     1.97394478    -9.48901475
 38     3.93282990     2.42737922    -8.55364248
 39     0.82414790     1.68825036    -8.17837971
 40     0.15091765     0.76592499     1.84331053
 41     1.50718308    -0.01422920     0.72152875
 42    -0.14543363     2.53358236     1.12870019
 43    -2.07248692    -2.23900245    -5.13472857
 44    -0.30311863    -2.78243612    -5.66954037
 45    -2.23879961    -0.39696458    -5.81740938
 46     2.51062159     0.09201570     6.62634563
 47     2.11678456     0.66935062     4.88364205
 48     1.10824306    -1.19218144     6.96167551
 49    -3.66220375    -1.78098819    -0.38390172
 50    -2.21421231    -0.80940756     0.57675714
 51    -3.07281777    -1.97071110    -2.27831626
 52    -1.05476962    11.56832632     4.29897820
 53    -0.26905116     9.85820361     3.86180741
 54    -0.18310320    12.10264648     5.93003125
 55    -5.40985080     1.28711400     5.95620766
 56    -6.02101641     0.83583832     7.76947499
 57    -4.02583242     0.15947521     5.53690114
 58   -15.07009649     0.57481152     0.53810352
 59   -13.94006587    -0.89777916     1.01675862
 60   -15.58744257     0.12782241    -1.26097812
 61    -5.45436533     3.28654881   -10.66422283
 62    -7.23841942     3.23418741   -10.20242680
 63    -5.02090522     5.10772630   -11.18274005
 64    11.83429129     8.04817318    -6.56073395
 65    11.86981650     6.16611690    -6.40573632
 66    13.46539042     8.67017942    -5.77570675
 67    -5.61522983    -9.06456914     3.89730313
 68    -6.24654996    -7.20904955     3.54038952
 69    -3.71581608    -8.80009963     3.55424889
 70    -6.90052739    -6.84299647    -9.98359450
 71    -7.49204387    -5.24367246   -10.88971475
 72    -5.11194403    -6.72439325    -9.44704475
 73     7.35965913    -7.32744430     1.39831993
 74     8.95060214    -7.25919430     2.50275202
 75     5.99827240    -7.09778276     2.72527801
 76    13.70278209    -2.17449118     5.58206300
 77    12.30175546    -0.92807631     5.53132163
 78    14.29347255    -2.48335582     3.77275722
 79    -2.24130005     6.79578845     8.37732537
 80    -1.28754272     7.44819253     9.87545646
 81    -2.97123007     5.06503765     8.86297366
 82     3.81601879    10.40173175   -12.63373486
 83     5.03641822     9.84242982   -11.29747073
 84     3.07708640     8.82620686   -13.14428932
 85    -2.20780076     2.43847825    -6.91165105
 86    -2.25563645     4.22286829    -6.14162974
 87    -3.19909834     2.61679836    -8.55104280
 88    -0.50242303   -10.10402745     8.66048334
 89    -2.25101731   -10.84775365     8.86040446
 90     0.37939139   -11.27072367     7.35993732
 91     8.43900567     5.13354146     3.59015325
 92     7.10540858     6.07874749     2.66266241
 93    10.06047393     5.69807569     2.85741246
 94     9.35374404    -8.60848588    -3.22446768
 95     8.49380741   -10.07018169    -3.98985140
 96     8.52305942    -8.20792802    -1.55792348
 97     8.14032849    -1.94024802     0.95651943
 98     6.54696332    -0.85205057     0.71998143
 99     7.54252981    -3.67343714     0.52932537
100    -0.91478975    -7.24935859     2.46120461
101    -0.65049538    -6.02260359     1.01741758
102    -0.59835543    -8.94063569     1.63614271
103    -9.96640024    11.08178045    -4.42442466
104   -11.23394839    12.41551114    -4.87399868
105    -9.74253098    10.01565537    -5.97551869
106    14.36689794    -8.28770637    -3.43671882
107    12.45330863    -8.20308058    -3.48282727
108    14.84026330    -9.42558143    -4.82907249
109   -10.36400727     9.42739672     0.30941227
110   -10.21375936    10.34486403    -1.38605376
111    -8.58258892     9.65266623     1.06576202
112    11.97321807    -7.20266947     3.82596446
113    11.39288936    -6.38272278     5.47262105
114    13.54187983    -8.23049628     4.26831561
115     6.59048408     3.72742874    -7.25375103
116     8.08653643     2.62280225    -6.70947213
117     5.81604393     4.53569136    -5.61371254
118    11.66289612     5.47950401    -0.78402533
119    10.76662494     5.15762462    -2.44115974
120    12.42151634     3.77709318    -0.31609694
121    -6.11997315     4.70773433     2.24989095
122    -6.02092265     3.54370959     3.83637714
123    -7.97158018     4.62863388     1.69391288
124    14.56146053    -4.31184906     0.41786353
125    13.39580168    -5.16698040     1.74952627
126    14.70936697    -5.60233881    -1.00228808
127   -13.65567125    -3.31931705    -4.13150722
128   -11.74757733    -3.60036614    -4.04501277
129   -14.41999833    -4.84062566    -3.20371102
130    -8.87654863    -4.26477429    -3.26543232
131    -8.15861948    -4.79831938    -1.51354524
132    -8.27358960    -2.52600470    -3.78072083
133    -0.52830182    -3.93542933     6.72828566
134    -0.85247250    -5.10012441     5.24799812
135    -0.96673362    -4.86710623     8.31904852
136     9.44518913     0.34440619     5.17984694
137     9.29326377     2.13538239     4.43989834
138     8.91757401    -0.73957073     3.59308324
139     2.94968815    13.02246639     0.75358821
140     3.06129663    13.42684696    -1.15438767
141     1.06303125    13.15018091     1.23257039
142     5.04067053     8.03587175     1.28731963
143     3.59223831     7.49554226     2.45323271
144     4.77468354     9.94010622     1.12287084
145    -7.17081024   -12.03414306    -0.31741881
146    -5.91314646   -11.26495649    -1.61879003
147    -6.86903955   -11.12613802     1.25645459
148    -7.12914896    -4.67618608     1.79963965
149    -8.69210157    -3.78863922     2.21118036
150    -5.73274592    -3.53156794     1.14888281
151     1.20003994   -13.76654918     5.45219963
152     2.40943735   -13.70798263     4.09187053
153    -0.38544721   -14.52571730     4.74742319
154     7.02958104   -12.43108897    -6.09371725
155     7.32146092   -14.04887255    -7.12310597
156     6.05129651   -11.24532545    -7.28728755
157     7.18748608    -1.93190380   -12.14032387
158     6.53610209    -3.22756642   -13.47293481
159     5.63021073    -1.26001573   -11.36176300
160    -2.74821691     6.25432518    15.27209622
161    -4.09119581     5.77756420    14.06554560
162    -3.43230439     6.50933845    16.98068997
163    11.76435205     2.54779859    -5.95362807
164    11.81215583     0.92172774    -7.03773748
165    12.16997986     1.84952072    -4.21368096
166    -2.78288426     7.26607728    -4.75306620
167    -4.02532792     8.75858528    -4.67702192
168    -1.12171810     8.18389274    -5.26978348
169     5.73471919    -9.24518251    -9.62083939
170     4.80244268    -8.67298683   -11.19627742
171     6.60343170    -7.63335516    -8.99822763
172    -5.69369083    -0.27595102    11.03367809
173    -5.31239346    -2.16248657    11.14889156
174    -4.09210919     0.62013395    11.60428176
175    -5.92286378   -11.03231553     8.78698630
176    -5.77328525   -10.07716947     7.07467873
177    -7.32073173   -12.32532484     8.38795413
178    -2.24224176     1.03051326   -14.32147324
179    -3.33016677     0.80643138   -15.95197119
180    -3.37793674     1.79805030   -13.02203095
181    -5.24950113    11.28357731    -3.00199955
182    -5.46029348    11.50641935    -1.10919236
183    -7.07569514    11.59212631    -3.57434361
184     5.16837576    14.89374487     5.68606526
185     4.48627373    14.55101086     3.96024888
186     3.97064855    14.13214010     6.94860273
187   -13.73162698    -8.15410350     2.87897473
188   -14.97525818    -9.48312816     3.42222335
189   -13.01436984    -8.73114353     1.17367319
190    -3.07695664   -14.81546841     2.33386113
191    -4.95244860   -15.14435060     1.99838790
192    -2.45384163   -13.53887614     1.02514866
193    11.53150029    -1.67202150    -9.69326572
194    13.01687459    -1.73602262   -10.87663608
195     9.87237234    -1.67045839   -10.72408767
196    -0.68517160    11.80387563   -10.00522252
197     0.74573294    11.96330075   -11.32665652
198    -0.09151472    10.99029674    -8.39951925
199     4.38623599    13.44135498    -4.50710414
200     4.78978423    14.43210699    -6.08696397
201     6.16157840    12.79142313    -3.83366031
202     0.47208073     5.84155258   -13.07958958
203     0.26715415     4.53956458   -14.39762698
204     1.14381829     4.93723956   -11.50116007
205   -11.96896152    -3.08083661     2.32613885
206   -11.64098697    -2.59463085     4.16676331
207   -12.85175175    -4.77649925     2.49344646
208     3.24117819   -13.40820641    -2.33046104
209     4.28415217   -13.16123560    -3.91906359
210     4.39577380   -13.66835145    -0.80357249
211     6.08304304   -13.02656944     2.16880307
212     7.26580061   -13.86958142     3.48988749
213     6.60626267   -11.18654880     2.18857152
214     1.06005140    12.18539599     8.97773260
215     1.84490550    10.50481567     9.62328027
216     0.33121124    13.06748303    10.47858962
217    -4.28697934   -10.18742376    -4.28358154
218    -6.03698723   -10.12709162    -5.07493647
219    -3.17755913    -8.98230500    -5.34298718
220    -1.47105711     2.13121869    12.32111002
221    -1.48477282     3.65292545    13.50393396
222     0.31394790     1.36144935    12.47698796
223   -11.57029740    -9.91651300    -1.40023317
224    -9.99851111   -10.84847250    -0.76153061
225   -11.22009566    -9.44578386    -3.25625748
226     7.70789824    -5.25819026    -6.95917520
227     9.26696709    -4.30433858    -7.62151097
228     8.35456549    -6.19362079    -5.46440458
229    -3.97175667     8.19873983   -11.72986535
230    -3.65664819     9.82822229   -10.74976306
231    -2.14347277     7.58828236   -12.24843917
232   -11.45939094    -1.85881271     7.33027688
233   -12.48417171    -0.23860291     7.19133198
234   -10.02430327    -1.49750853     8.44424595
235   -11.24356218     0.27338547    -7.04811824
236   -12.64918790    -0.85650697    -6.43430531
237   -10.10383233     0.62884568    -5.57421969
238    -7.99882896     0.76100701    -2.88002397
239    -6.36919407     0.32549507    -1.95319543
240    -8.98771116     2.03450157    -1.82018624
241     8.05854595   -10.11707225     7.41955544
242     9.03247439    -8.66425579     8.03472275
243     6.50387206    -9.36730984     6.67218733
244     8.61279638    11.16698571    -3.50264518
245     8.99731328    10.06371205    -1.98862720
246     9.72817242    10.55372057    -4.84289460
247    -0.86584655   -11.08180901    -0.58841117
248    -2.04570264   -10.58735626    -2.05616770
249     0.70620105   -11.78170558    -1.39310047
250   -10.69091427     3.69095012     0.15568843
251   -11.30849228     5.49474004    -0.19981960
252   -12.22581526     2.58418689     0.36557720
253   -12.00987597     7.36595178     5.23787506
254   -10.65526994     8.14029399     6.44435437
255   -12.04150126     8.26065140     3.54225015
256     4.19615233     5.63184143    -3.35448874
257     4.34316821     6.78283323    -1.76833685
258     4.13517243     3.85634166    -2.72144663
259    -2.42657734    -6.73266262    -7.45001556
260    -2.55152440    -5.00197329    -6.48450408
261    -0.60747760    -6.83257646    -8.02878541
262     6.59730632    -2.15221019     8.47722555
263     7.91866526    -1.10984755     7.51860680
264     4.88838401    -1.59778936     7.71563049
265     1.61284280    -2.00419116   -13.06470401
266     0.12108419    -1.03533074   -13.84002672
267     1.95841417    -1.10466848   -11.41890286
268    -5.73322188    10.21170104     2.58026306
269    -3.97332201    10.72436671     3.18510211
270    -5.58832691     8.32971659     2.77303005
271     5.44293534     4.51848351     8.49630421
272     6.53582015     4.68769606     6.88428903
273     4.16356477     3.13052596     8.04942833
274     3.47613058    -8.65421577    11.28736979
275     4.96240102    -9.62078362    10.66896268
276     1.90000651    -9.18106652    10.37368966
277    12.27878518     0.25561463    -1.26134303
278    10.63633225    -0.65227288    -0.67185036
279    13.66543886    -0.98996948    -0.93028936
280     1.00838382    -4.89238181    13.33011350
281     2.16698804    -6.22401367    12.66509206
282     2.06968436    -3.35671862    13.71233362
283    -9.15458869    -8.76074642    -5.87273286
284    -8.68715584    -8.25504266    -7.64738961
285    -8.80489500    -7.15876533    -4.89264262
286     4.16619683    -7.31949799     5.24731381
287     2.50984780    -7.46719581     4.39407646
288     4.07247128    -5.63910228     6.25280407
289     2.84616076    -3.85277831    -6.00492571
290     3.27537783    -2.57700384    -4.59733675
291     4.54075416    -4.40244350    -6.63024812
292     1.18492962     6.76016252     4.16459154
293     0.11496778     6.48745458     5.73651013
294     0.05485535     5.92120392     2.86054945
295   -11.25483559     4.02451226   -10.62330148
296   -12.45356502     3.60587300   -12.00606724
297   -11.44436289     2.78289423    -9.15538666
298    -3.63970480    -5.04960935    11.32734265
299    -2.00873947    -5.16107177    12.33559962
300    -4.49630142    -6.77768801    11.36363916

 Atomic and electronic forces:
  1     0.00372350    -0.00476113    -0.02383763     0.00092786     0.00086142     0.00338165
  2    -0.00596813     0.00352066     0.01182609    -0.00070447    -0.00037573    -0.00169062
  3     0.00287515     0.00522455     0.01044619    -0.00048736    -0.00069220    -0.00211193
  4     0.00179162    -0.00861698     0.00237701    -0.00174173     0.00141811     0.00140819
  5    -0.00488390     0.00986137    -0.00614733     0.00093793    -0.00081875    -0.00092521
  6     0.00460144    -0.00190362     0.00049255     0.00083956    -0.00080944    -0.00060869
  7     0.00274284    -0.00940368     0.02876568    -0.00032053     0.00194813     0.00295266
  8    -0.00962756     0.00965418    -0.03563262     0.00007453    -0.00072436    -0.00133929
  9     0.00562332     0.00379977     0.00524035     0.00010748    -0.00119831    -0.00195181
 10    -0.00204451    -0.00447031    -0.00593745    -0.00196568     0.00134023    -0.00111061
 11     0.00859488     0.00315903     0.00529559     0.00095903    -0.00051662     0.00056132
 12    -0.00579312    -0.00124155    -0.00051808     0.00098759    -0.00077419     0.00071677
 13    -0.00745633     0.00040158    -0.01510529    -0.00193455     0.00031608     0.00074244
 14     0.00484101    -0.00160923     0.00245806     0.00094644    -0.00025724    -0.00036834
 15     0.00668587    -0.00072093     0.01303559     0.00098383    -0.00013318    -0.00027320
 16    -0.02745798     0.00741223    -0.01210075     0.00142986     0.00350199    -0.00365132
 17     0.02538981     0.00400937     0.01003689    -0.00101137    -0.00167284     0.00158386
 18     0.00360636    -0.00682777     0.00245024    -0.00091574    -0.00227765     0.00265075
 19     0.00785183    -0.01293652    -0.00633188    -0.00001978    -0.00160551    -0.00346344
 20    -0.01063835     0.01326120     0.00143271     0.00018519     0.00075654     0.00206791
 21     0.00193439     0.00344608     0.00990575     0.00005303     0.00061299     0.00138729
 22     0.02712554    -0.00592694    -0.01115185    -0.00832875     0.00811949     0.00222358
 23    -0.00338019     0.00814085    -0.00293272     0.00374601    -0.00381821     0.00017348
 24    -0.02645162     0.00038977     0.01022937     0.00362430    -0.00255230    -0.00105643
 25    -0.00672092     0.03439389     0.03906316    -0.00011822     0.00022490     0.00431732
 26     0.01827946    -0.02417814    -0.02921570    -0.00008170     0.00005296    -0.00269856
 27    -0.01460475    -0.01304279    -0.00423508    -0.00014715    -0.00024380    -0.00192455
 28     0.01351392    -0.00026832     0.00421480    -0.00154168     0.00560275    -0.00257162
 29     0.00240758    -0.00297058     0.00102271     0.00080170    -0.00390649     0.00197037
 30    -0.00749911     0.00412281    -0.00451265     0.00036599    -0.00261183     0.00090004
 31    -0.01328472    -0.00783437    -0.01254453    -0.00152659     0.00074793     0.00195016
 32     0.00606986     0.01145264     0.00645776     0.00085695    -0.00025794    -0.00104053
 33    -0.00064916     0.00433408     0.00400170     0.00084095    -0.00043381    -0.00087755
 34    -0.01220771    -0.02374199    -0.00269228     0.00261555    -0.00177802     0.00360738
 35    -0.00639167     0.00841918     0.00543345    -0.00119431     0.00087344    -0.00225648
 36     0.01550949     0.01620294    -0.00215724    -0.00168315     0.00073704    -0.00183471
 37     0.01170956    -0.00615452     0.02519461    -0.00228079     0.00285139    -0.00999462
 38    -0.02586462    -0.00099035    -0.01407491     0.00014749    -0.00232273     0.00600428
 39     0.01593936     0.01146727    -0.01504847     0.00263237    -0.00162276     0.00545512
 40     0.02725030    -0.01062201    -0.01817206    -0.01844121     0.00588312     0.01421749
 41    -0.01389410     0.00536628     0.01192133     0.01029386    -0.00201940    -0.00770261
 42    -0.00993725     0.00412719     0.00377422     0.00723450    -0.00481801    -0.00414000
 43     0.01105729     0.01652430    -0.00379143    -0.01140517    -0.00329704    -0.00715431
 44    -0.00002882    -0.00313352    -0.00072713     0.00526435     0.00287562     0.00534207
 45    -0.00608843    -0.01299244     0.00374568     0.00517908     0.00000907     0.00364945
 46     0.00757656    -0.00205620     0.00552542    -0.00260686     0.00102475     0.01194146
 47    -0.00835381     0.01008842    -0.01481151     0.00270499    -0.00152087    -0.00763419
 48    -0.00297095    -0.00509520     0.00719707     0.00182293     0.00031935    -0.00483495
 49     0.03679770     0.01516120    -0.01390288    -0.01226504    -0.00174983     0.00143596
 50    -0.02934729    -0.01531701    -0.01473140     0.00773630     0.00018447    -0.00232634
 51    -0.01043309     0.00160213     0.02888934     0.00668760     0.00128661     0.00093827
 52     0.00300270    -0.01194877    -0.01097321    -0.00147178     0.00337968     0.00157805
 53    -0.00056582     0.00884129     0.00565763     0.00096919    -0.00223687    -0.00112366
 54    -0.00244930     0.00094843     0.00503783     0.00051597    -0.00148857    -0.00085785
 55    -0.03420061     0.02199913     0.03071389    -0.00432192     0.00083597     0.00325929
 56     0.01208781     0.00185089    -0.02310278     0.00162613    -0.00022433    -0.00144206
 57     0.02540746    -0.02516241    -0.00437830     0.00272824    -0.00025553    -0.00225966
 58    -0.00043241     0.00109973    -0.02127737    -0.00217733     0.00012400     0.00020629
 59     0.00636563    -0.00574227     0.01199225     0.00122493     0.00002468    -0.00015541
 60    -0.00177675     0.00613619     0.01023401     0.00105327    -0.00003424    -0.00000103
 61     0.04453828     0.00466783    -0.01685421    -0.00290460     0.00112200    -0.00283085
 62    -0.03806671     0.00273891     0.00712092     0.00141009    -0.00045447     0.00110217
 63    -0.00669003    -0.00372027     0.00262362     0.00121842    -0.00073482     0.00131199
 64     0.00573533     0.01404776     0.00773254     0.00316267     0.00344093    -0.00214039
 65     0.00065512    -0.01699039    -0.00349394    -0.00218049    -0.00182449     0.00142086
 66    -0.00523141    -0.00084881    -0.00539893    -0.00147591    -0.00142103     0.00069866
 67     0.01630435     0.04311185    -0.00716842    -0.00297276    -0.00257944     0.00156563
 68    -0.00631233    -0.03344205     0.00256989     0.00185927     0.00117591    -0.00085516
 69    -0.01271480    -0.01157043     0.00501760     0.00173601     0.00181089    -0.00105973
 70    -0.03840850     0.01146325    -0.01973669    -0.00244059    -0.00141126    -0.00194315
 71     0.01233827    -0.01579518     0.01046513     0.00120098     0.00049447     0.00099864
 72     0.02301380     0.00465697     0.00688570     0.00142369     0.00096580     0.00127347
 73     0.00914631     0.00969451     0.00441260     0.00537575    -0.01014162     0.00379625
 74     0.00829104    -0.00615469    -0.01148197    -0.00260464     0.00342043    -0.00185777
 75    -0.01185762    -0.00702436     0.00379394    -0.00173196     0.00510212    -0.00299234
 76     0.02449794    -0.02265831    -0.01099194     0.00451981    -0.00081597     0.00315296
 77    -0.01796179     0.01899991    -0.00129673    -0.00271867     0.00017409    -0.00219190
 78     0.00083236     0.00386074     0.01155751    -0.00263240     0.00053174    -0.00127910
 79    -0.01169662    -0.02087774    -0.00969088    -0.00203637     0.00230519     0.00305960
 80     0.00539102     0.00171209     0.00958274     0.00070038    -0.00101716    -0.00143101
 81     0.00813354     0.01480371     0.00100747     0.00116661    -0.00090714    -0.00165204
 82     0.00812061     0.03604978     0.01422847    -0.00006531     0.00229724    -0.00240502
 83     0.01770086     0.00312051     0.00625705    -0.00012695    -0.00142673     0.00138911
 84    -0.02740136    -0.03890130    -0.02294563     0.00012595    -0.00111218     0.00142516
 85     0.01667232     0.00617630     0.01159506    -0.00722869     0.00319850    -0.00630514
 86    -0.00680613    -0.00551305    -0.00073784     0.00327254    -0.00235602     0.00243724
 87    -0.01083856     0.00061831    -0.00286050     0.00242124    -0.00099324     0.00237755
 88     0.00781744    -0.00740903    -0.01821123    -0.00122778    -0.00256395     0.00266535
 89    -0.00605278     0.00107291     0.00426201     0.00066742     0.00108376    -0.00106601
 90    -0.00751149     0.00380354     0.01216865     0.00052437     0.00153738    -0.00123360
 91    -0.00214934    -0.03442005     0.02514928     0.00561977     0.00702107     0.00623357
 92    -0.01722527     0.02098984    -0.01151380    -0.00218756    -0.00468683    -0.00287642
 93     0.02113961     0.01154284    -0.01170054    -0.00283590    -0.00284648    -0.00196943
 94     0.01700703     0.03567489     0.00026810     0.00437089    -0.00657381    -0.00160067
 95    -0.01618952    -0.03077026    -0.01259650    -0.00139999     0.00294800     0.00085590
 96    -0.00539509    -0.00426812     0.01073519    -0.00252708     0.00419625     0.00018099
 97    -0.03234343     0.03136428    -0.00846754     0.02106061    -0.00762296     0.01037219
 98     0.02349564    -0.00817204     0.00527804    -0.01030426     0.00209255    -0.00718701
 99     0.00571377    -0.02662655    -0.00055905    -0.00760946     0.00632536    -0.00349949
100     0.01381212     0.02835791     0.00446062    -0.00550192    -0.00720358     0.00404206
101    -0.00806354    -0.00129954     0.00694655     0.00431359     0.00482450    -0.00200081
102    -0.00376668    -0.02034330    -0.00652154     0.00192794     0.00345130    -0.00116943
103    -0.00746407     0.01713140     0.01726611    -0.00182504     0.00149120    -0.00040146
104    -0.00307171     0.00196407    -0.00273580     0.00074686    -0.00062494     0.00017289
105     0.00415852    -0.01328135    -0.02017712     0.00097634    -0.00073555     0.00032721
106    -0.00017823     0.01821990     0.01225214     0.00365655    -0.00277192    -0.00075150
107    -0.00695260    -0.00351940     0.00464663    -0.00214930     0.00197242     0.00055468
108     0.00952848    -0.01266014    -0.01302556    -0.00144501     0.00120036     0.00047135
109     0.01876810     0.00263238     0.00573329    -0.00215951     0.00147169     0.00024170
110    -0.00891500    -0.00745550    -0.00162822     0.00101457    -0.00076301     0.00000477
111    -0.01453455    -0.00186653     0.00284840     0.00117556    -0.00093302    -0.00022006
112     0.00160778     0.00024492    -0.00071040     0.00412235    -0.00342342     0.00256177
113     0.00658438    -0.00604473     0.00301129    -0.00194319     0.00152259    -0.00171985
114    -0.00984688     0.00378255    -0.00078164    -0.00159102     0.00128166    -0.00090719
115    -0.00921493    -0.01185651     0.03021272     0.00437031     0.00739719    -0.01064551
116    -0.00448282     0.01515545    -0.00637346    -0.00380771    -0.00286549     0.00518085
117     0.01318269    -0.00451076    -0.02630688    -0.00196370    -0.00585222     0.00508243
118    -0.00648057    -0.00971089    -0.00513984     0.00698266     0.00528829     0.00055323
119     0.00502088     0.00692742     0.00467366    -0.00403946    -0.00328204     0.00063234
120     0.00165248     0.00428234    -0.00100578    -0.00407683    -0.00195706    -0.00051200
121     0.00375700    -0.00457064     0.01708788    -0.00473184     0.00238650     0.00164533
122    -0.00247337     0.00784335    -0.01510281     0.00233918    -0.00093000    -0.00118000
123     0.00164885    -0.00443484    -0.00063143     0.00201402    -0.00084984    -0.00050074
124    -0.02199640    -0.00516109     0.01330205     0.00570778    -0.00210301     0.00093549
125     0.01586018     0.00318449    -0.01645118    -0.00287801     0.00143679    -0.00091812
126     0.00461342    -0.00109090     0.00043645    -0.00257316     0.00124351    -0.00007819
127    -0.01625920    -0.01374440     0.00817046    -0.00239939    -0.00037774    -0.00038683
128     0.00035010    -0.00299651     0.00494078     0.00147363     0.00028509     0.00025841
129     0.00687119     0.01660014    -0.01045847     0.00108525     0.00025236     0.00011391
130     0.01124155    -0.02912643     0.00973922    -0.00413279    -0.00117721    -0.00064117
131    -0.00941624     0.01739799    -0.02138812     0.00229256     0.00078332     0.00005091
132     0.00435531     0.00574645     0.01346602     0.00241146     0.00038653     0.00048844
133     0.01105253     0.01037392    -0.01385527    -0.00402831    -0.00276483     0.00684196
134    -0.00637049    -0.00600588     0.00373867     0.00251218     0.00219936    -0.00326160
135    -0.00868258    -0.00658738     0.00934242     0.00132791     0.00109631    -0.00249006
136    -0.01637511    -0.00373514    -0.04279081     0.00725985     0.00092692     0.00831764
137     0.00218378     0.00257310     0.01594242    -0.00382879    -0.00176617    -0.00406613
138     0.01320242     0.00907856     0.02824761    -0.00549821     0.00043310    -0.00512572
139    -0.01848957     0.00015379    -0.01413366    -0.00038487     0.00429047     0.00066063
140     0.00069308    -0.00131421     0.01744478     0.00016697    -0.00211652    -0.00002539
141     0.02110835    -0.00070741    -0.00310405     0.00044754    -0.00196079    -0.00036818
142    -0.00423251     0.00183131    -0.01052113     0.00100859     0.00971720     0.00297764
143    -0.00153895     0.00106936     0.00525223     0.00035057    -0.00468785    -0.00221911
144     0.00160854     0.00165435     0.00032644    -0.00020710    -0.00349031    -0.00082101
145     0.01501028    -0.00597118    -0.04694850    -0.00220443    -0.00224400     0.00017293
146    -0.01820041    -0.01471020     0.01302184     0.00130652     0.00139667     0.00005691
147     0.00736149     0.02006669     0.03942036     0.00122998     0.00118179    -0.00027644
148     0.04075384    -0.03764848    -0.00620280    -0.00484037    -0.00173013     0.00130711
149    -0.03301902     0.02599359     0.00464031     0.00205664     0.00050919    -0.00055574
150    -0.00618312     0.01103429     0.00023907     0.00339809     0.00098224    -0.00082482
151    -0.01977546     0.00977430     0.03480750    -0.00066763    -0.00315571     0.00158936
152     0.03181828    -0.00093338    -0.03237763     0.00022008     0.00185940    -0.00074621
153    -0.01229999    -0.00632611    -0.00692314     0.00045672     0.00145004    -0.00061748
154    -0.00666898    -0.01894083    -0.00370976     0.00106036    -0.00414382    -0.00170124
155    -0.00089672     0.01727846     0.01130306    -0.00039033     0.00158892     0.00069317
156     0.00969557    -0.00128007    -0.00325368    -0.00042590     0.00222472     0.00126132
157     0.00025190    -0.03249629    -0.02826226     0.00169568    -0.00088792    -0.00594851
158     0.01388260     0.02021452     0.02012837    -0.00048217     0.00057053     0.00240219
159    -0.01464782     0.01105038     0.00551215    -0.00057903     0.00036326     0.00383329
160     0.04503740     0.00661509     0.00149973    -0.00080177     0.00078696     0.00192721
161    -0.03172750    -0.00773072    -0.01497667     0.00053308    -0.00040681    -0.00099288
162    -0.01240925     0.00156740     0.01407330     0.00033673    -0.00031228    -0.00081307
163    -0.00756117    -0.02685702    -0.00434531     0.00746453     0.00276287    -0.00442288
164     0.00197608     0.02051049    -0.00250076    -0.00345031    -0.00055112     0.00251553
165     0.00483874     0.00292260     0.00698004    -0.00463843    -0.00120575     0.00158838
166     0.01424178     0.00104747    -0.00958195    -0.00433162     0.00479748    -0.00211171
167    -0.00053414    -0.00599658     0.00974695     0.00161768    -0.00181600     0.00065726
168    -0.01153591    -0.00576113     0.00443033     0.00169531    -0.00276673     0.00125591
169    -0.00710206     0.01882968    -0.00723204     0.00073995    -0.00382903    -0.00365025
170     0.00206327    -0.00544260    -0.00216382    -0.00014167     0.00154886     0.00186764
171    -0.00068619    -0.00818898     0.00243476    -0.00079689     0.00225692     0.00242098
172    -0.01721518    -0.00311674    -0.01183174    -0.00205431     0.00006070     0.00256569
173     0.00546873    -0.00091185     0.00263238     0.00100647     0.00016805    -0.00132059
174     0.01176771    -0.00029707     0.00467361     0.00093973    -0.00013420    -0.00146619
175    -0.01660740    -0.00514450    -0.03678681    -0.00149862    -0.00156370     0.00150001
176     0.00100878    -0.00700384     0.01923600     0.00098658     0.00094692    -0.00083021
177     0.01803423     0.01370663     0.01381567     0.00068224     0.00070271    -0.00057537
178    -0.01270742    -0.01241879    -0.04728440    -0.00167499     0.00037586    -0.00343103
179     0.02112790     0.00553095     0.03301621     0.00068081    -0.00011088     0.00134095
180    -0.01256789     0.00752995     0.01296634     0.00109942    -0.00032245     0.00171719
181    -0.01577170     0.01035830     0.01698247    -0.00221613     0.00276061    -0.00039280
182     0.01492142    -0.00347644    -0.00079663     0.00109239    -0.00135606    -0.00002510
183     0.00650501    -0.00595834    -0.01324089     0.00100425    -0.00107618     0.00020082
184     0.00138868    -0.00021624     0.00758262     0.00017642     0.00260278     0.00118711
185    -0.00274454    -0.00216170    -0.00969836    -0.00003557    -0.00153303    -0.00053913
186    -0.00087635    -0.00026126     0.00091036     0.00001436    -0.00127310    -0.00072070
187    -0.00253189     0.00318649    -0.00613478    -0.00187133    -0.00079616     0.00043245
188     0.00267889     0.00191773    -0.00011103     0.00077836     0.00036421    -0.00019032
189     0.00108989    -0.00202519     0.00363185     0.00100308     0.00047840    -0.00014135
190    -0.00986748    -0.00108334    -0.00087644    -0.00133528    -0.00267447     0.00066205
191     0.01736837     0.00599169    -0.00091848     0.00069610     0.00112707    -0.00024721
192    -0.00360029    -0.00534644     0.00482665     0.00084261     0.00168422    -0.00028642
193    -0.00636210     0.00133636     0.01427058     0.00419848    -0.00076351    -0.00470941
194    -0.00526261    -0.00003002    -0.00439649    -0.00160611     0.00025128     0.00171406
195     0.01068657    -0.00022337    -0.00302766    -0.00171409     0.00040324     0.00278778
196    -0.00352047     0.01278617    -0.02863033    -0.00100629     0.00255097    -0.00181080
197    -0.01026749    -0.00738755     0.02355337     0.00032207    -0.00117748     0.00095143
198     0.01504564    -0.00303136     0.00538283     0.00062218    -0.00167767     0.00103846
199     0.02539681    -0.00913727     0.01289895     0.00006798     0.00391922    -0.00090033
200    -0.00180348     0.00047948     0.00235568    -0.00007020    -0.00160054     0.00051358
201    -0.02913044     0.00847928    -0.01487906    -0.00032894    -0.00215506     0.00040979
202     0.00874510     0.01223354     0.03273196    -0.00112808     0.00192641    -0.00363335
203    -0.00303116    -0.01708944    -0.01487111     0.00051710    -0.00066175     0.00175617
204    -0.00360274     0.00205439    -0.01498091     0.00072909    -0.00130270     0.00249053
205    -0.00167577     0.00012616     0.00495156    -0.00282602    -0.00044157     0.00063016
206    -0.00193277     0.00370436     0.00314153     0.00136181     0.00017484    -0.00046885
207    -0.00074668    -0.00729672    -0.00184284     0.00121544     0.00030145    -0.00026844
208    -0.00091401     0.00525459     0.00052434    -0.00026440    -0.00481373    -0.00044238
209     0.00660190    -0.00335233     0.00862035    -0.00006282     0.00238392     0.00052206
210     0.00005640     0.00082842    -0.00800415    -0.00008395     0.00236538    -0.00006402
211     0.02314112    -0.00567919     0.02216709     0.00078421    -0.00449516     0.00120335
212    -0.02167322     0.00958488    -0.02022553    -0.00044677     0.00178112    -0.00062430
213    -0.00312542    -0.00285227    -0.00279777    -0.00073673     0.00286024    -0.00090124
214     0.01326304    -0.01877522    -0.00534450    -0.00055373     0.00226593     0.00184117
215    -0.00746079     0.01776348    -0.00078368     0.00024718    -0.00117652    -0.00117091
216    -0.00149552     0.00189109     0.00637131     0.00025390    -0.00090113    -0.00078411
217     0.01280877     0.00796947     0.00490471    -0.00300628    -0.00346048    -0.00112695
218    -0.00200786     0.00019660    -0.00299647     0.00137055     0.00129644     0.00052800
219    -0.01571464    -0.00774235    -0.00117482     0.00176687     0.00205466     0.00102850
220     0.02644335    -0.00433710     0.00030518    -0.00137429     0.00065148     0.00332096
221    -0.00262165    -0.00289524     0.00006707     0.00052874    -0.00039179    -0.00138772
222    -0.01433203     0.00442729    -0.00134721     0.00052727    -0.00026165    -0.00189389
223    -0.00660008     0.00983871    -0.00890180    -0.00210352    -0.00125567    -0.00002320
224    -0.00174336    -0.00150828    -0.00747843     0.00108659     0.00079223    -0.00003515
225     0.00234884    -0.00936173     0.01392244     0.00110723     0.00064263     0.00014676
226     0.01140755     0.02728651    -0.01875255     0.00489381    -0.00668386    -0.00771539
227    -0.01387629    -0.00565307    -0.00143405    -0.00273945     0.00212375     0.00333950
228     0.00696534    -0.01934541     0.01858349    -0.00287428     0.00385781     0.00280427
229     0.02557297    -0.01673959     0.00081222    -0.00168873     0.00179456    -0.00216751
230     0.00594200    -0.00010888    -0.00692478     0.00078630    -0.00103381     0.00095045
231    -0.03320882     0.01239891     0.00502769     0.00077361    -0.00098580     0.00134665
232    -0.01443102    -0.00173633    -0.01699849    -0.00223816    -0.00018589     0.00123338
233    -0.00330143     0.00135264    -0.00283372     0.00105023    -0.00001952    -0.00053462
234     0.01750767     0.00325681     0.01636877     0.00114204     0.00007488    -0.00078265
235    -0.00278810     0.00941370    -0.01802896    -0.00282494     0.00013852    -0.00105822
236    -0.00268519    -0.00625400     0.00687576     0.00127161     0.00002751     0.00039068
237     0.00688896     0.00041507     0.01114966     0.00176009    -0.00013761     0.00052876
238     0.01198794    -0.00660274    -0.01111450    -0.00527068     0.00054661    -0.00068025
239    -0.01082471     0.00604654     0.00215082     0.00361652    -0.00028768     0.00021602
240     0.00267540     0.00025896     0.00719193     0.00224102    -0.00043203     0.00008583
241    -0.00372950    -0.01764068    -0.00535838     0.00135756    -0.00314241     0.00282041
242     0.02156002     0.01666265     0.01458117    -0.00088636     0.00140927    -0.00159617
243    -0.01884261     0.00205536    -0.00726164    -0.00060100     0.00204185    -0.00181648
244    -0.01331856     0.00087554     0.03418783     0.00181827     0.00470382    -0.00088489
245    -0.00192125     0.00660733    -0.00184842    -0.00129063    -0.00277639     0.00017362
246     0.02038081    -0.01130953    -0.02961830    -0.00109696    -0.00214492     0.00068905
247    -0.02078040     0.01521130    -0.00155612    -0.00254527    -0.00547617     0.00028971
248     0.00339437    -0.00929815     0.00552299     0.00153738     0.00252794     0.00023355
249     0.01559066    -0.01571475    -0.00793771     0.00083737     0.00287348     0.00006799
250     0.00281381     0.02153575    -0.00717849    -0.00325409     0.00091874     0.00032126
251     0.00294874    -0.01229774     0.00506042     0.00138286    -0.00053499    -0.00009946
252    -0.01087496    -0.00252755     0.00382574     0.00143034    -0.00027035    -0.00014533
253     0.01321906     0.00636509     0.01918136    -0.00189104     0.00091968     0.00076453
254    -0.02069887    -0.01066500    -0.02686163     0.00091366    -0.00053246    -0.00047746
255     0.00922935     0.00322137     0.00718448     0.00096418    -0.00052074    -0.00028843
256     0.00245923     0.01073859     0.01634798     0.00005736     0.01775901    -0.00596450
257     0.00034755    -0.00926690    -0.01469473    -0.00016258    -0.00723585     0.00048152
258    -0.00380234    -0.00047006     0.00605132     0.00003601    -0.01138879     0.00375274
259     0.01207058     0.03108651     0.01472988    -0.00395906    -0.00379530    -0.00383413
260    -0.00397594    -0.02634129    -0.01472316     0.00300378     0.00203522     0.00240333
261    -0.00284803    -0.00258969    -0.00154930     0.00165090     0.00225591     0.00243649
262    -0.00840365    -0.00103385    -0.00830818     0.00202162    -0.00123317     0.00746595
263    -0.00235461    -0.00054254     0.00207881    -0.00181891     0.00028183    -0.00397624
264     0.01062958     0.00138842     0.00745316    -0.00045743     0.00055322    -0.00486450
265    -0.00047702    -0.00755230    -0.00030721    -0.00112515    -0.00074559    -0.00532148
266     0.00377010     0.00021448     0.00261366     0.00071216     0.00011830     0.00224248
267    -0.00308684     0.00691242    -0.00132280     0.00078347     0.00028128     0.00368235
268     0.01385002    -0.00375215     0.00035973    -0.00235918     0.00253982     0.00092860
269    -0.00240341     0.01858455     0.00032294     0.00108668    -0.00148919    -0.00060010
270    -0.01297305    -0.01576592    -0.00325306     0.00153570    -0.00138136    -0.00064371
271     0.00223796    -0.01783537    -0.02854273     0.00080654     0.00300322     0.00589113
272    -0.00850831     0.00527583     0.01884584    -0.00102232    -0.00212749    -0.00338299
273     0.00506802     0.00664376     0.00572640    -0.00000747    -0.00147428    -0.00380928
274     0.01793948     0.01913850     0.01591987    -0.00013261    -0.00198856     0.00307508
275     0.00392763    -0.01078277    -0.00579100    -0.00011903     0.00110572    -0.00144877
276    -0.01356763    -0.01203702    -0.01147594     0.00028076     0.00113405    -0.00152894
277    -0.03411170     0.00136451     0.00014535     0.01137123     0.00068014     0.00024148
278     0.02343130     0.00938983    -0.00284262    -0.00777870     0.00048225    -0.00086984
279     0.01274852    -0.01290653     0.00426241    -0.00422816     0.00029408    -0.00020092
280    -0.01647693     0.02644183     0.01014594    -0.00067148    -0.00094448     0.00318556
281     0.01452882    -0.02098045    -0.00651770     0.00022393     0.00066972    -0.00164738
282    -0.00077257    -0.00013691     0.00009661     0.00022801     0.00031723    -0.00169640
283     0.00072115    -0.00206580     0.00940328    -0.00250576    -0.00155454    -0.00088057
284     0.00272810    -0.00267997    -0.01656131     0.00121750     0.00073668     0.00061224
285    -0.00459728     0.00708684     0.00847415     0.00157908     0.00080786     0.00044915
286     0.01929948     0.03861551     0.01613510     0.00025919    -0.00676244     0.00643845
287    -0.02545401    -0.00888575    -0.00564362     0.00081007     0.00381543    -0.00311090
288     0.00029234    -0.02803358    -0.00634861    -0.00005766     0.00277965    -0.00410645
289    -0.01329847     0.03641224     0.03384973    -0.00394600    -0.01150797    -0.01565710
290    -0.00772428    -0.02101905    -0.02190916     0.00229064     0.00675089     0.01004028
291     0.01916971    -0.01384017    -0.01234713    -0.00051278     0.00471058     0.00623769
292    -0.01492676    -0.01156665     0.00459812    -0.00284283     0.00670675     0.00508703
293     0.00558248     0.00863019     0.01285184     0.00137099    -0.00231651    -0.00234332
294     0.00231310     0.00452848    -0.01528235     0.00256810    -0.00387355    -0.00255149
295     0.01480877     0.01106347     0.00930145    -0.00197316     0.00057395    -0.00119560
296    -0.00818962    -0.00741075    -0.00240160     0.00083076    -0.00020336     0.00053672
297    -0.00331492    -0.00402948    -0.00617524     0.00114303    -0.00023795     0.00057656
298    -0.01801966    -0.00989536    -0.00835170    -0.00172069    -0.00098701     0.00278874
299     0.00611987    -0.00139652     0.00455934     0.00066298     0.00049551    -0.00147237
300     0.00966725     0.01061569     0.00156420     0.00078960     0.00056733    -0.00115701
