 Number of water molecules:
         100

 Atomic and electronic energies:
    -1.52521090    -0.09644454

 Atomic coordinates:
  1     5.82544606     3.33247633    12.68391003
  2     7.72152462     3.31829839    12.99444697
  3     5.57372256     4.15020947    10.95320551
  4    -6.39821356     8.01612403     7.14612464
  5    -4.88998923     6.84580657     7.26262832
  6    -6.32160836     8.81245641     5.44925620
  7     2.78103440     8.34660562    10.62419717
  8     2.90578793     7.82559928    12.51189165
  9     3.88849116     7.08797159     9.64598297
 10    -8.12946895     8.50049791    -8.64394019
 11    -8.90357469     7.00548935    -9.58274495
 12    -6.46355635     8.75709463    -9.50737785
 13   -14.28769830     2.27858314     6.15438690
 14   -13.23715603     3.84912870     6.40140235
 15   -14.99292256     2.29983089     4.35712299
 16     7.20603967     8.70699593    -9.63162309
 17     8.57952384     9.23164793    -8.41632774
 18     6.68705268     6.89711777    -9.20971304
 19     4.54051226    -5.98988542   -13.88394459
 20     3.27321132    -4.62152696   -13.43576037
 21     4.53546043    -6.27317455   -15.73863517
 22    -1.30898094     5.00049281    -0.41654549
 23    -1.69784445     5.42515442    -2.25293252
 24    -3.06990709     5.02709914     0.44108729
 25     3.50687600    -0.98373050    12.85405541
 26     4.60232239    -1.65998336    11.49915762
 27     4.16158471     0.81688939    12.99623270
 28     1.57205371     9.25004198    -4.96892071
 29     2.40509262     7.76234942    -4.06066746
 30     2.91212720    10.70635243    -4.90673854
 31    -6.47604935     5.97754797    12.23490809
 32    -6.47646883     4.19479468    11.51411504
 33    -6.68881395     7.17876468    10.77997102
 34    10.82411357    -5.27871957     7.65032398
 35     9.16003903    -4.40861665     7.90534300
 36    12.16392456    -3.95843698     7.22834571
 37     1.79291270     2.36353920    -9.73830359
 38     3.40141739     2.54166101    -8.68225343
 39     0.42278720     2.20350147    -8.41990624
 40     0.71043787     0.65712819     1.11311073
 41     2.25525959    -0.00100979     0.16773193
 42     0.21542101     2.28681813     0.13188236
 43    -2.84053045    -2.38919618    -5.68714124
 44    -0.98067695    -2.64821732    -5.83087409
 45    -3.26355045    -0.62603888    -6.37182622
 46     2.42294768     0.27973391     6.15087210
 47     2.12103195     0.51006230     4.31210479
 48     0.97724716    -0.79545560     6.67050902
 49    -4.03393018    -1.18194539    -0.79762369
 50    -2.45525709    -0.70189468     0.19350445
 51    -3.46284240    -1.74839730    -2.58911927
 52    -1.24227176    11.59253360     4.12160835
 53    -0.29210461     9.92627107     4.44992061
 54    -0.69110000    12.65178397     5.64074818
 55    -4.64847784     1.07955216     5.48438703
 56    -5.33157091     0.75143088     7.30815939
 57    -3.44366456    -0.33233404     5.01890885
 58   -14.18106971     0.72658598     0.92737681
 59   -13.42725434    -0.87626058     1.78514972
 60   -14.59025554     0.14905611    -0.81952655
 61    -5.49542990     3.45305137   -11.79370419
 62    -7.44977881     3.20052368   -11.91898606
 63    -5.28930325     5.38060178   -11.73873539
 64    12.20606317     7.11670064    -4.95616193
 65    11.69551308     5.25806868    -5.18800167
 66    13.28866131     7.62087741    -6.39155949
 67    -5.26504055    -8.31853254     3.83656982
 68    -6.34969271    -6.93529403     3.07168675
 69    -3.44076197    -7.92290467     3.19743587
 70    -5.70298830    -5.89315324    -9.21484604
 71    -5.02496459    -4.59874146    -8.06011228
 72    -4.27238765    -7.16345340    -9.55063241
 73     7.45938540    -8.06979612     1.83442438
 74     9.31286205    -8.02682548     2.54682622
 75     6.31489373    -7.58448310     3.35533367
 76    14.03122046    -1.78503244     5.54284908
 77    12.40959276    -0.84113986     5.17356034
 78    15.08355776    -1.96940507     3.96948893
 79    -1.46338981     5.66943482     8.39741904
 80    -0.36183090     6.73268803     9.53427798
 81    -1.71186778     4.02137200     9.25274575
 82     3.37418624     9.87999711   -12.71722389
 83     4.95369257     9.60837585   -11.49129043
 84     2.76077916     8.21970033   -13.49629926
 85    -2.71688275     2.18728645    -7.51904926
 86    -3.21747334     3.73705219    -6.42196699
 87    -3.74481024     2.53292742    -9.08801378
 88     1.21863926    -9.51991568     8.19923600
 89    -0.71609971    -9.49134393     8.41218412
 90     1.61196161   -11.10047522     7.11135509
 91     8.37474987     5.60908463     3.63599093
 92     6.98899535     6.74340977     2.86573709
 93     9.96559781     6.02649681     2.53669531
 94     8.63945341    -8.10382162    -3.31229181
 95     7.93110638    -9.70387327    -3.86916824
 96     7.91822508    -7.70964309    -1.65164507
 97     7.71295121    -2.85001907     0.54838855
 98     6.27809262    -2.44793401    -0.69432034
 99     7.39516564    -4.63430521     1.02240216
100    -0.97650511    -6.40758876     2.46288116
101     0.00773953    -5.00321395     1.80487826
102    -0.61386583    -7.99145293     1.32606255
103   -10.76903814    11.03173748    -4.68963603
104   -11.37908700    12.58365612    -5.61955615
105    -9.94446686     9.71044951    -5.86646764
106    13.68543917    -7.21861962    -3.72816048
107    11.80681007    -7.30039891    -3.73373487
108    14.18328310    -8.24560647    -5.27728318
109   -10.99860019     9.22080449     0.47020814
110   -11.17290365    10.16681389    -1.17992547
111    -9.41386466     9.79688063     1.31966495
112    12.38533662    -7.88300354     3.66206632
113    11.77002188    -6.93756491     5.25539630
114    13.87264733    -8.91490075     4.19585893
115     6.55266562     4.12959978    -7.54138137
116     8.16965054     3.39615515    -6.85826204
117     5.54945607     4.53075403    -5.97733075
118    11.81352189     5.36175793    -0.02163756
119    12.26582593     6.10970132    -1.73629655
120    11.93365513     3.44362133    -0.20434842
121    -5.66250241     4.77125045     2.32235224
122    -5.08176014     3.29672218     3.40268956
123    -7.29019312     4.23165980     1.48008455
124    14.07940849    -3.96870542     0.60111966
125    13.46115646    -5.28449745     1.98213310
126    14.33553165    -5.06508570    -0.97983977
127   -14.75044998    -2.67705605    -3.11949283
128   -13.11053709    -3.53242784    -3.04922457
129   -15.85079063    -3.38333977    -1.77584932
130    -9.81256862    -4.05789307    -3.41225544
131    -9.56146928    -4.77140776    -1.62941801
132    -8.83690381    -2.39952889    -3.49286084
133    -1.47128438    -3.28259913     6.49811674
134    -1.41378681    -4.68260866     5.14047765
135    -2.34233515    -4.01067427     8.00637907
136     9.47288965     0.47110928     4.83248237
137     9.26221487     2.34733259     4.41623331
138     8.60136377    -0.47771760     3.42036866
139     2.60202135    13.50595903     0.66534547
140     2.76071577    14.10232838    -1.14102098
141     0.75401467    13.06585500     1.03726171
142     4.92968618     8.59091113     1.42472763
143     3.36086315     8.09952267     2.48058491
144     4.61105411    10.44794581     1.08284766
145    -7.16553689   -11.81530295     0.23177528
146    -6.18010351   -11.31657373    -1.29384982
147    -6.67858769   -10.61248759     1.63531550
148    -7.48598860    -4.33908624     1.79632319
149    -9.30389254    -3.83532222     2.10224705
150    -6.38285266    -2.77640933     1.48875251
151     1.66689056   -13.77503686     5.28235412
152     2.81162231   -14.58678320     4.04896393
153    -0.09049496   -14.21269018     4.46644045
154     5.99901287   -12.12887356    -5.61543116
155     5.50650149   -13.70095595    -6.49528194
156     5.61819652   -10.69135289    -6.83469047
157     7.79038593    -1.99600604   -12.72703135
158     6.23049469    -0.89942436   -12.65881736
159     7.05297229    -3.71929432   -12.75636369
160    -2.51231745     4.86191030    15.50123272
161    -3.97678624     5.64215504    14.57208292
162    -3.17792294     4.02231125    17.10931998
163    11.10686609     2.07274051    -5.68024627
164    11.26902210     0.64278843    -7.02683069
165    11.44054162     1.22573769    -3.99071543
166    -2.90353057     6.62455920    -5.32397123
167    -4.11815184     7.93727075    -4.54543833
168    -1.31684513     7.61310357    -5.86995625
169     4.71613898    -8.68380438    -9.14722541
170     4.76715507    -8.20774820   -11.00397829
171     5.37055612    -7.11486380    -8.24055139
172    -5.61340746    -0.20076731    10.80778613
173    -5.60068512    -2.11556182    10.90157502
174    -3.84914534     0.37589562    11.29559741
175    -4.29563597    -9.78604289     8.49786192
176    -5.01364410    -9.18435205     6.79369453
177    -4.73774079   -11.62850394     8.46519667
178    -2.38070801     1.29082423   -15.09117164
179    -3.59986373    -0.02401431   -15.60745919
180    -3.42540649     2.14870252   -13.72694421
181    -5.99007002    10.01610067    -2.89110643
182    -5.71435167    10.33638225    -1.00255418
183    -7.47490837    11.13829877    -3.35504593
184     5.47867391    13.07344085     5.43905629
185     4.85168319    13.45472271     3.68896710
186     4.03640949    13.29651590     6.60642916
187   -14.24906324    -8.06820879     1.95837993
188   -14.52693702    -9.34802600     3.32453309
189   -13.43339027    -9.02465901     0.43642864
190    -2.88578699   -14.24784882     2.59771791
191    -4.66956614   -14.60097297     1.97016696
192    -2.37182160   -12.60042777     1.65709487
193    11.88347367    -1.96852006    -9.29770068
194    13.36565761    -1.91295362   -10.46116490
195    10.32741716    -1.93387649   -10.49105050
196    -0.16254771    11.43874375    -9.28489592
197     1.13362254    11.04148445   -10.59985170
198     0.40975085    10.89321259    -7.46486667
199     5.01722060    13.20522587    -4.26730937
200     5.43216475    14.29977530    -5.76840772
201     6.58690266    12.22448409    -3.84448082
202     0.56842800     5.57739888   -13.58851194
203    -0.38994391     4.45969172   -14.77356523
204     0.93881749     4.50473203   -12.01051374
205   -12.38601481    -3.46955524     3.01720877
206   -12.39150897    -3.23133344     4.90300601
207   -13.34984445    -5.13014151     2.67352065
208     2.98706244   -13.67048450    -1.50840614
209     4.21327979   -13.09375628    -2.83729478
210     4.08391233   -14.11997524    -0.03188376
211     6.49434194   -13.27940126     2.83157610
212     7.02953420   -12.94330786     4.67922171
213     6.95943013   -11.64157812     1.97803968
214     1.12037876    13.01997525     8.83060736
215     1.79008245    11.30752077     9.51062190
216     0.66455904    14.09664259    10.41390501
217    -4.26255081    -9.99024117    -4.15684012
218    -5.94511623    -9.45891113    -4.85899137
219    -2.96464761    -9.40430373    -5.55189506
220    -1.04586544     1.29532113    12.12614323
221    -1.38879178     2.71824917    13.45172317
222     0.41847263     0.20034400    12.69596666
223   -11.69503177   -10.75170600    -1.50858852
224   -10.12001413   -11.21311725    -0.40701682
225   -11.15800684   -10.68336641    -3.36946779
226     7.35861568    -4.89097996    -6.99158255
227     8.90723151    -3.92731021    -7.27787444
228     7.72870054    -6.00558609    -5.51723676
229    -3.97013413     8.72643207   -11.72514368
230    -3.14208277    10.20755186   -10.87308114
231    -2.47885739     7.93206136   -12.56409051
232   -11.55490694    -2.03723662     7.92966003
233   -12.47789710    -0.39234263     7.62745551
234    -9.99747259    -1.73406591     8.93103554
235   -12.14798997     0.77164364    -7.08638931
236   -13.78487481     0.18538282    -6.24464208
237   -10.72515076     0.44156110    -5.84089121
238    -8.03207515     0.71339701    -3.10955759
239    -6.45937071     0.21906373    -2.18611126
240    -8.72365912     2.24424650    -2.21186338
241     8.21308035   -10.75892055     7.26419491
242     9.97943661   -10.07011949     7.65093641
243     7.06324616    -9.25456102     6.92631365
244     8.76384436     9.99094496    -2.70998169
245     8.44043118     9.41262690    -0.96758172
246    10.06368885     8.87727586    -3.52335265
247    -0.82559014   -10.53274252    -0.40725968
248    -1.94631025   -10.33548281    -1.99579935
249     0.60002198   -11.74774799    -0.91170514
250   -10.27716092     4.07950476    -0.19071360
251   -10.78119438     5.89934634    -0.11047630
252   -11.74368075     3.11760926     0.41212912
253   -11.44545420     6.92565212     5.54849149
254    -9.69341680     7.35160826     6.16073486
255   -11.78388428     7.92669030     3.98622561
256     4.31759712     5.43311410    -3.23957430
257     5.14123336     6.66020683    -2.03011898
258     4.08569229     3.79609734    -2.37397180
259    -1.06998777    -8.04443681    -7.36323784
260    -1.05410761    -6.34136176    -6.48802603
261     0.63691673    -8.28637873    -8.30883726
262     6.42382803    -2.08355313     8.17340304
263     7.98168209    -1.15971865     7.42516620
264     4.86837748    -1.11401490     7.47471091
265     1.97849542    -1.29288531   -13.17251667
266     0.55748866    -0.46309372   -14.11037015
267     1.96461202    -0.20642491   -11.57734454
268    -5.77914708     9.76832058     2.26682009
269    -4.06117244    10.61829131     2.59140437
270    -5.65417635     7.85579718     2.08730835
271     5.06188473     4.76488585     7.74848948
272     6.01995384     5.12122339     6.21319966
273     4.06653385     3.21373264     7.18528367
274     4.46581966    -8.43866769    12.12093067
275     6.20047016    -8.70475444    11.30008294
276     3.18714697    -8.99435566    10.73579736
277    11.55847064     0.16055353    -0.79180031
278     9.84084941    -0.45721180    -0.33239394
279    12.77410587    -1.21910212    -0.19359115
280     0.58809612    -5.23946617    13.50665477
281     1.85699701    -6.61496803    13.58293206
282     1.67747145    -3.63010459    13.48842367
283    -9.50371540    -8.70291290    -5.76998201
284    -9.06086602    -7.98703260    -7.53544241
285    -9.98407752    -7.07370667    -4.86300105
286     5.04158162    -6.78277296     6.28507301
287     3.39522306    -7.64228679     6.73324304
288     5.01028833    -5.01475564     7.12720017
289     2.48102054    -3.02933219    -6.59074068
290     2.93993323    -2.47405875    -4.82443364
291     4.20594504    -3.51648381    -7.38801078
292     0.91011489     6.72206168     3.91125819
293     0.18392307     6.00092168     5.55646678
294     0.08970803     5.74596051     2.54400485
295   -10.42012256     3.51447057   -10.85124276
296   -11.94354030     3.60779771   -11.88251360
297   -10.86659780     2.45164297    -9.28774454
298    -4.00263982    -5.08917595    10.85423189
299    -2.34408951    -5.28922442    11.83073785
300    -4.59686714    -6.85713922    10.36837308

 Atomic and electronic forces:
  1     0.01477094     0.01034038    -0.00491350     0.00042220     0.00102080     0.00329490
  2    -0.01161973     0.00051444     0.00043561    -0.00038263    -0.00045262    -0.00150057
  3     0.00135005    -0.00461737     0.00201237    -0.00024053    -0.00080096    -0.00193748
  4    -0.00361476    -0.01370294     0.02133712    -0.00187281     0.00164861     0.00160923
  5     0.00253284     0.00200089     0.00094607     0.00106836    -0.00095786    -0.00108579
  6     0.00311975     0.01246637    -0.01826611     0.00101108    -0.00097184    -0.00070974
  7     0.00026586    -0.01144292     0.03024470    -0.00026337     0.00199163     0.00261993
  8    -0.00088722     0.00813755    -0.02972061     0.00009324    -0.00075385    -0.00120536
  9    -0.00494804     0.00677473    -0.00124773     0.00002137    -0.00119347    -0.00167224
 10    -0.01958429    -0.01615838    -0.00165680    -0.00202820     0.00160941    -0.00114343
 11    -0.00139201     0.00728406     0.00971972     0.00104637    -0.00066113     0.00063164
 12     0.01326764     0.00693934    -0.00562939     0.00098139    -0.00092460     0.00072214
 13    -0.00369466    -0.00840893    -0.00510641    -0.00179675     0.00034936     0.00078217
 14     0.00077848     0.00851359    -0.00488395     0.00091393    -0.00027082    -0.00043529
 15     0.00821795     0.00018006     0.01073300     0.00093215    -0.00017547    -0.00030243
 16     0.00116405     0.00400444     0.00236211     0.00119462     0.00364839    -0.00294385
 17    -0.00539622    -0.00358237    -0.00381357    -0.00083787    -0.00188152     0.00121830
 18     0.00557129     0.00212428     0.00280800    -0.00077187    -0.00229171     0.00215337
 19     0.00376577    -0.00490373     0.02441993     0.00020906    -0.00171471    -0.00438923
 20    -0.00233882     0.00470500    -0.00877439     0.00015639     0.00075602     0.00260258
 21    -0.00362293     0.00177513    -0.01257678    -0.00007118     0.00062130     0.00172634
 22    -0.01477822    -0.00623819    -0.00277684    -0.00759246     0.00840256     0.00213351
 23    -0.00003193     0.00520644    -0.00121115     0.00347472    -0.00388446     0.00020338
 24     0.01205529    -0.00015589    -0.00254501     0.00312582    -0.00267562    -0.00102513
 25    -0.01378807    -0.00276342     0.00738399    -0.00011378     0.00006994     0.00377030
 26     0.01222749    -0.01709145    -0.01576926    -0.00011625     0.00006913    -0.00229501
 27     0.00205796     0.01007531     0.00912736    -0.00002445    -0.00024890    -0.00181289
 28     0.02067307     0.02381135    -0.00065575    -0.00148022     0.00612760    -0.00188365
 29    -0.00051920     0.00295628    -0.00516007     0.00084444    -0.00446835     0.00114980
 30    -0.02010845    -0.01855165     0.00309856     0.00025642    -0.00262870     0.00069664
 31     0.00710749    -0.01561327     0.00384253    -0.00125737     0.00086249     0.00168342
 32    -0.00414525     0.00932771     0.00369560     0.00075992    -0.00039371    -0.00096518
 33    -0.00307827     0.00393243    -0.00761840     0.00068808    -0.00053835    -0.00080896
 34     0.00799992    -0.01158116    -0.00749632     0.00295297    -0.00168919     0.00395429
 35    -0.00596292     0.00668871     0.00598382    -0.00143024     0.00083981    -0.00257704
 36    -0.00114244     0.00399389     0.00393950    -0.00170260     0.00056146    -0.00183331
 37     0.02623418    -0.00099038     0.01601387    -0.00247918     0.00369859    -0.00883988
 38    -0.00233592     0.00548612    -0.01550287     0.00051232    -0.00283131     0.00558741
 39    -0.01952510     0.00051529    -0.00225044     0.00250673    -0.00222255     0.00465686
 40     0.02268675     0.00039350    -0.02986107    -0.01793495     0.00956491     0.01575323
 41    -0.01539972     0.00412118     0.01327827     0.00799059    -0.00497715    -0.00880687
 42    -0.00722400    -0.00753158     0.01873593     0.00708743    -0.00591619    -0.00381866
 43    -0.01498433    -0.01149252     0.01307875    -0.01055391    -0.00164099    -0.00626392
 44     0.01508756     0.00480433    -0.01173494     0.00600972     0.00164257     0.00518832
 45     0.00712913    -0.00031280    -0.00441844     0.00443979    -0.00035202     0.00285384
 46     0.02720494     0.01138439     0.00410255    -0.00233611     0.00213282     0.01105974
 47    -0.00664908     0.00767197    -0.01969184     0.00242478    -0.00206622    -0.00726645
 48    -0.02391375    -0.01695073     0.01552305     0.00165229    -0.00030562    -0.00456018
 49     0.01798672    -0.00213089    -0.00996408    -0.01182601     0.00036152     0.00156793
 50    -0.00559037    -0.00026269    -0.00386240     0.00727082    -0.00082266    -0.00236146
 51    -0.00873969     0.00310110     0.01747816     0.00665224     0.00031077     0.00070521
 52     0.01474291    -0.01166230     0.01159354    -0.00128247     0.00305682     0.00143604
 53    -0.00933013     0.00768951    -0.00958091     0.00074219    -0.00185995    -0.00106360
 54    -0.00541330     0.00146184    -0.00452337     0.00044425    -0.00128448    -0.00069807
 55    -0.00770894    -0.00356936     0.02139089    -0.00446528     0.00123299     0.00376047
 56     0.01381664    -0.00022661    -0.02805346     0.00164644    -0.00036425    -0.00160611
 57    -0.00372780    -0.00248892     0.01284662     0.00284107    -0.00040242    -0.00260119
 58     0.01166702    -0.00811882     0.01709417    -0.00234538     0.00026012     0.00035181
 59    -0.00690504     0.01623188    -0.00240470     0.00126613    -0.00003189    -0.00026042
 60    -0.00499004    -0.00283767    -0.01510871     0.00116997    -0.00009063    -0.00006125
 61    -0.01548666     0.01096309    -0.00320067    -0.00249318     0.00120685    -0.00263470
 62     0.01970343     0.00168566     0.00864869     0.00115990    -0.00044296     0.00102948
 63     0.00210929    -0.00769903    -0.00064727     0.00110124    -0.00077043     0.00118073
 64    -0.01666999    -0.01597647     0.01615427     0.00386443     0.00379029    -0.00147571
 65     0.00739761     0.00600125    -0.00696085    -0.00270733    -0.00216983     0.00118006
 66     0.01215129     0.00216181    -0.01442212    -0.00154134    -0.00142476     0.00075747
 67     0.01639200    -0.01592775    -0.00702982    -0.00355978    -0.00264204     0.00217270
 68    -0.00573080     0.01274406    -0.00231976     0.00207726     0.00109947    -0.00097896
 69    -0.02187094     0.00137348     0.01039017     0.00226061     0.00196008    -0.00152677
 70     0.00641687    -0.03246413    -0.01711814    -0.00350258    -0.00164574    -0.00273441
 71     0.00681855     0.01801634     0.01493841     0.00240625     0.00086769     0.00171219
 72    -0.01583070     0.01480896     0.00508074     0.00160443     0.00113060     0.00154271
 73     0.01344154     0.01659627     0.02079604     0.00501546    -0.00860638     0.00474260
 74    -0.02424073    -0.00499911    -0.01133660    -0.00244784     0.00288255    -0.00188886
 75     0.01130282    -0.00860729    -0.00919922    -0.00173626     0.00398616    -0.00334241
 76     0.00317795    -0.01015533     0.01216566     0.00412241    -0.00027119     0.00296531
 77     0.00050700     0.00742142    -0.00556630    -0.00256652    -0.00006794    -0.00208070
 78    -0.00463260     0.00342751    -0.00416874    -0.00224438     0.00017231    -0.00115386
 79    -0.00051370     0.01367619    -0.01549803    -0.00182732     0.00225416     0.00337465
 80     0.00288486     0.00288454     0.00282565     0.00059076    -0.00105233    -0.00151747
 81    -0.00064547    -0.01847013     0.01187984     0.00094962    -0.00085969    -0.00182260
 82     0.02894530     0.00145770     0.02558340    -0.00014011     0.00238873    -0.00238808
 83    -0.03694082    -0.00412282    -0.03524179    -0.00012645    -0.00143932     0.00131181
 84     0.00722188     0.00460239     0.01022321     0.00015137    -0.00112008     0.00141431
 85    -0.00938999     0.01381809     0.01820019    -0.00637467     0.00308753    -0.00546009
 86     0.01081785    -0.00685803    -0.00423529     0.00304381    -0.00202160     0.00194268
 87    -0.00583098    -0.00424015    -0.01563306     0.00219257    -0.00103056     0.00207404
 88    -0.00977241    -0.00630975    -0.00889501    -0.00094666    -0.00288757     0.00356836
 89     0.01272935    -0.00274958    -0.00038089     0.00071628     0.00124970    -0.00158345
 90    -0.00707628     0.00441287     0.00856608     0.00038510     0.00166223    -0.00153190
 91     0.00688610     0.00348141    -0.01778180     0.00399055     0.00591331     0.00493936
 92     0.00675120    -0.00006789     0.00588310    -0.00138924    -0.00360027    -0.00219899
 93    -0.01702974    -0.00969684     0.01422728    -0.00229681    -0.00264831    -0.00166463
 94     0.02351038     0.04115286    -0.02144902     0.00645503    -0.00875230    -0.00201863
 95    -0.01656404    -0.04392447    -0.01204685    -0.00194328     0.00382157     0.00098839
 96    -0.00901190    -0.00281095     0.03548424    -0.00369967     0.00542970    -0.00012881
 97    -0.03517850     0.03042958    -0.02327885     0.02054783    -0.00826235     0.01227458
 98     0.02266477    -0.00360162     0.01452871    -0.01068935     0.00515538    -0.00502456
 99     0.00662000    -0.02643482     0.01195246    -0.00633511     0.00533067    -0.00475318
100    -0.00142293    -0.03924889    -0.00413675    -0.00733626    -0.00716893     0.00634301
101     0.01651621     0.02152591    -0.01354124     0.00527598     0.00453555    -0.00482161
102    -0.00571163     0.01733542     0.01324141     0.00292792     0.00415427    -0.00200804
103     0.00318905    -0.00377799     0.00741249    -0.00165707     0.00136547    -0.00032278
104     0.00552357    -0.01327101    -0.00641314     0.00068179    -0.00060832     0.00016894
105    -0.00791146     0.01950258    -0.00150600     0.00095460    -0.00074253     0.00027749
106     0.02124696    -0.00504466    -0.01754908     0.00497230    -0.00301435    -0.00094695
107    -0.02253715    -0.00220998     0.00837282    -0.00303897     0.00228752     0.00071877
108     0.00410088     0.00828669     0.01358732    -0.00193595     0.00131044     0.00064664
109    -0.01071912    -0.00784531     0.00337175    -0.00196125     0.00135761     0.00029912
110     0.00034724     0.00037064    -0.00539914     0.00091074    -0.00067938    -0.00003820
111     0.01208128     0.00619463     0.00170750     0.00100330    -0.00081771    -0.00023477
112    -0.01337022     0.01299477     0.00326641     0.00387386    -0.00295301     0.00245147
113     0.00468920    -0.00441160    -0.00361888    -0.00185128     0.00130502    -0.00162629
114     0.00707488    -0.00629425     0.00174237    -0.00150078     0.00113398    -0.00089180
115    -0.00245448    -0.01261145    -0.00594987     0.00371699     0.00755677    -0.00850771
116     0.01306394    -0.00345596    -0.00420586    -0.00324675    -0.00341575     0.00396254
117    -0.00965807     0.01292396     0.00947573    -0.00155953    -0.00567803     0.00433162
118    -0.00104859    -0.00373494    -0.00705835     0.00587440     0.00465143     0.00135006
119     0.00220428     0.00010718     0.00535819    -0.00259401    -0.00218854    -0.00002945
120     0.00258500     0.00461186     0.00072940    -0.00399608    -0.00214210    -0.00081530
121     0.01223168     0.01322742    -0.01752018    -0.00437072     0.00267970     0.00188239
122    -0.00514756    -0.00944392     0.01329726     0.00245449    -0.00121584    -0.00141339
123    -0.01068536    -0.00284677    -0.00026195     0.00210012    -0.00100972    -0.00061796
124    -0.01257077    -0.03769923     0.02269945     0.00629293    -0.00171870     0.00151240
125     0.01379615     0.02699275    -0.03131413    -0.00281057     0.00117939    -0.00110778
126     0.00014858     0.00504298     0.00388538    -0.00299632     0.00110246    -0.00025593
127    -0.02977604     0.02789540    -0.00709488    -0.00228837    -0.00016671    -0.00016432
128     0.03279213    -0.01594404    -0.00347684     0.00135482     0.00017433     0.00010139
129    -0.00724802    -0.00888739     0.00702357     0.00102414     0.00010667    -0.00000003
130     0.00063653    -0.01654959     0.01606932    -0.00394595    -0.00076860    -0.00047306
131     0.00363002     0.00812453    -0.01266325     0.00203316     0.00050609    -0.00002078
132    -0.00274643     0.00210719     0.00125460     0.00238949     0.00019544     0.00032106
133     0.01356587     0.00270831    -0.02979734    -0.00423943    -0.00139748     0.00643545
134    -0.00347023     0.00773162     0.01392160     0.00263897     0.00154295    -0.00339875
135    -0.01048710    -0.00743003     0.01651838     0.00150575     0.00061338    -0.00233629
136    -0.00664537     0.00197077    -0.00615268     0.00653019     0.00166744     0.00761999
137     0.00235626    -0.00007150     0.00453727    -0.00305840    -0.00185944    -0.00352925
138     0.00313076    -0.00149970     0.00030027    -0.00491461    -0.00048656    -0.00527531
139    -0.00734410    -0.00870917     0.00811968    -0.00036158     0.00360839     0.00061552
140    -0.00043446    -0.00159580    -0.00105574     0.00014946    -0.00175117    -0.00007743
141     0.01367019     0.00575633    -0.00281983     0.00041811    -0.00178085    -0.00036075
142    -0.01138158    -0.00533923    -0.00098825     0.00064106     0.00735241     0.00248838
143     0.00884444    -0.00307967    -0.00293394     0.00029894    -0.00356085    -0.00168829
144     0.00200635     0.00645394    -0.00176910    -0.00013090    -0.00280944    -0.00071090
145    -0.00538028    -0.00408023     0.01457692    -0.00250087    -0.00233705     0.00044676
146     0.00968357     0.00365917    -0.01474563     0.00146014     0.00142366    -0.00006382
147     0.00300454     0.00200023     0.00414641     0.00144102     0.00124244    -0.00046140
148     0.01579697     0.00046727    -0.00876243    -0.00489371    -0.00123411     0.00153201
149    -0.00614768     0.00893639     0.00719166     0.00195046     0.00035708    -0.00057199
150    -0.01373527    -0.00916162    -0.00017814     0.00318229     0.00040717    -0.00101104
151    -0.05163434    -0.00292477    -0.01380311    -0.00059107    -0.00335476     0.00191977
152     0.02614610    -0.00448083    -0.00534190     0.00013723     0.00178661    -0.00079084
153     0.02054761     0.01121097     0.02052977     0.00050153     0.00161986    -0.00079134
154     0.00568831     0.01659532     0.01776838     0.00113475    -0.00550090    -0.00202220
155    -0.00370227    -0.01632277    -0.01002665    -0.00029138     0.00212537     0.00083099
156    -0.00370542    -0.00217809    -0.00813310    -0.00058413     0.00299936     0.00167978
157     0.00126624     0.01773833     0.01536669     0.00193195    -0.00045510    -0.00559288
158     0.00372677     0.00699320    -0.00587925    -0.00064825    -0.00005422     0.00320272
159    -0.00288991    -0.02416303    -0.00753239    -0.00077224     0.00064753     0.00277640
160     0.00878063    -0.01532913     0.01821697    -0.00072022     0.00067235     0.00191463
161    -0.01292364     0.00417343    -0.00427858     0.00044269    -0.00038020    -0.00090836
162     0.00315849     0.01109989    -0.01627235     0.00032148    -0.00023560    -0.00084855
163    -0.00784335    -0.01665587    -0.02059362     0.00867586     0.00368292    -0.00462127
164     0.00427806     0.01753509     0.01617575    -0.00382237    -0.00087372     0.00269789
165     0.00419892    -0.00221148     0.00475264    -0.00542274    -0.00156502     0.00150665
166     0.00726998     0.00674328     0.00720609    -0.00426087     0.00471379    -0.00213806
167     0.00237779    -0.00220222    -0.00559631     0.00171330    -0.00189286     0.00056827
168    -0.01319564    -0.00117496     0.00716815     0.00164915    -0.00266111     0.00124274
169    -0.00499508     0.00747007     0.00372072     0.00057582    -0.00502551    -0.00518422
170    -0.00091518    -0.00178327    -0.00429153    -0.00021955     0.00177322     0.00240690
171     0.00449852    -0.00340749    -0.00361943    -0.00083132     0.00322084     0.00371694
172    -0.01711190     0.00924731    -0.01384161    -0.00194476     0.00022484     0.00255194
173     0.00704109    -0.00421037     0.00360713     0.00096829     0.00007809    -0.00128318
174     0.00791272    -0.00296831     0.00520855     0.00088442    -0.00018828    -0.00147539
175    -0.00417221    -0.00219306    -0.00830029    -0.00175650    -0.00178545     0.00219680
176     0.00636101     0.00669053     0.00213416     0.00116798     0.00100960    -0.00111961
177     0.00230419    -0.00564869     0.00838966     0.00073683     0.00086892    -0.00087225
178     0.00379711     0.00232215     0.00873387    -0.00153392     0.00058699    -0.00321360
179    -0.00429572    -0.01794084    -0.01698665     0.00077790    -0.00011844     0.00142318
180     0.00185221     0.01293251     0.00771203     0.00099893    -0.00044266     0.00161296
181     0.00763846     0.00819035     0.01350224    -0.00240003     0.00266109    -0.00025349
182    -0.00156265    -0.00567854    -0.00866467     0.00116423    -0.00136433    -0.00009946
183    -0.00059951    -0.00719292    -0.00637220     0.00097598    -0.00103974     0.00013001
184     0.01478200    -0.00367276    -0.01145090     0.00028915     0.00282424     0.00145157
185    -0.00289664     0.00311850    -0.00361763    -0.00008796    -0.00157711    -0.00059914
186    -0.01573127     0.00245124     0.01452787     0.00000009    -0.00126870    -0.00074441
187     0.00881513    -0.00236615    -0.01757569    -0.00192393    -0.00070799     0.00039427
188    -0.00101682    -0.00387315     0.00010598     0.00084351     0.00036421    -0.00023268
189    -0.00897016     0.00635547     0.01677957     0.00101587     0.00044667    -0.00012865
190    -0.00090538     0.02172563    -0.01155389    -0.00158510    -0.00299313     0.00101891
191     0.00726236    -0.00026933     0.00403400     0.00083017     0.00127426    -0.00036071
192    -0.00147133    -0.02220891     0.01026495     0.00110356     0.00195912    -0.00060112
193    -0.03210938     0.00431455    -0.00483559     0.00485905    -0.00053803    -0.00458467
194     0.00981412    -0.00070589    -0.00323863    -0.00182073     0.00015619     0.00167193
195     0.01383112    -0.00012499     0.00690040    -0.00203309     0.00027175     0.00278594
196    -0.01937428     0.00067173     0.04466111    -0.00097350     0.00290338    -0.00173914
197     0.01936761    -0.00627053    -0.00712892     0.00033245    -0.00139167     0.00101326
198    -0.00301379     0.00561878    -0.04096794     0.00057346    -0.00188733     0.00089475
199    -0.01573077     0.00505233    -0.01067444     0.00025973     0.00378845    -0.00065740
200    -0.00028167     0.00021895     0.00221614    -0.00014187    -0.00155215     0.00040195
201     0.01373583    -0.00767437     0.00735352    -0.00040846    -0.00212220     0.00032880
202     0.00301701     0.00415885     0.01659140    -0.00101616     0.00196098    -0.00348673
203    -0.00420192    -0.00976033    -0.00777023     0.00055115    -0.00069633     0.00163120
204     0.00072507     0.00347944    -0.01017402     0.00071364    -0.00128588     0.00237391
205    -0.00527974    -0.00879728    -0.02306656    -0.00262292    -0.00033890     0.00077070
206     0.00236974     0.00305860     0.01830103     0.00118921     0.00013666    -0.00048653
207     0.00549798     0.00396159     0.00332548     0.00115939     0.00025228    -0.00029835
208    -0.00225659     0.00506015     0.00035095    -0.00036272    -0.00536391     0.00009699
209     0.00307344     0.00188870    -0.01187141    -0.00010717     0.00294986     0.00028552
210     0.00408057    -0.00473578     0.01213521    -0.00005658     0.00246254    -0.00033387
211     0.00594168     0.00674246     0.01499885     0.00100331    -0.00434362     0.00169037
212    -0.00624081    -0.00914580    -0.01262316    -0.00052657     0.00185986    -0.00104231
213    -0.00047037     0.00229359    -0.00477906    -0.00090124     0.00283093    -0.00104550
214    -0.00190550     0.00418254     0.03141038    -0.00041213     0.00199439     0.00150444
215    -0.00531497     0.01333300    -0.00497525     0.00018848    -0.00103975    -0.00094955
216     0.00876073    -0.02079725    -0.03020599     0.00017686    -0.00080018    -0.00064345
217     0.02509941     0.00825523    -0.01411700    -0.00375329    -0.00390277    -0.00113350
218    -0.01416408    -0.00004804    -0.00229752     0.00178678     0.00144797     0.00057249
219    -0.01878373    -0.01112929     0.01982343     0.00198593     0.00228660     0.00112909
220    -0.01378481     0.02525118     0.00287102    -0.00120578     0.00060943     0.00332568
221     0.00999678    -0.02126442    -0.01006956     0.00047690    -0.00034952    -0.00134939
222     0.00432535     0.00295034     0.00530008     0.00043158    -0.00017729    -0.00175353
223     0.00627022    -0.00114903     0.01095216    -0.00210060    -0.00125650     0.00003262
224    -0.01520885     0.00129763    -0.02588612     0.00112902     0.00078661    -0.00010803
225     0.00338998     0.00086673     0.01294480     0.00109215     0.00067165     0.00011774
226    -0.03818068     0.00514070    -0.00736887     0.00673876    -0.00723752    -0.01050039
227     0.03231202     0.01771907    -0.01104634    -0.00379710     0.00215441     0.00424048
228     0.00918597    -0.01771880     0.01706728    -0.00385913     0.00464378     0.00379783
229    -0.00556885    -0.00807649     0.00184109    -0.00155394     0.00191180    -0.00193427
230     0.00230837     0.01410656     0.00979298     0.00069146    -0.00109032     0.00087667
231     0.00926877    -0.01045404    -0.01150696     0.00071288    -0.00099025     0.00118408
232    -0.00806198    -0.01159800    -0.00969011    -0.00205072    -0.00009298     0.00128408
233    -0.00200068     0.00646131     0.00120909     0.00098275    -0.00005480    -0.00056278
234     0.00690423     0.00720320     0.00729241     0.00104317     0.00002984    -0.00080068
235    -0.00708506    -0.00333142     0.00988114    -0.00262318     0.00032913    -0.00086375
236     0.01370832     0.00021064    -0.00366122     0.00117053    -0.00009569     0.00029444
237    -0.00413031     0.00028390     0.00012509     0.00165844    -0.00019198     0.00045798
238    -0.01007823    -0.00787390    -0.02568166    -0.00525577     0.00086512    -0.00056797
239     0.01486350    -0.00491948     0.01120341     0.00356995    -0.00051494     0.00012142
240    -0.00912488     0.01057115     0.00806410     0.00225245    -0.00061665     0.00006878
241     0.01747623     0.00716936    -0.00031494     0.00137317    -0.00290535     0.00280046
242    -0.01978556    -0.00585142    -0.00154855    -0.00086983     0.00122502    -0.00132383
243     0.00104600    -0.00053395     0.00309988    -0.00074051     0.00176419    -0.00195364
244    -0.01823812     0.01866246    -0.01586446     0.00221082     0.00511827    -0.00042846
245     0.00103645    -0.00602344     0.01990906    -0.00123472    -0.00290257    -0.00023266
246     0.01417838    -0.00764093    -0.00317207    -0.00153699    -0.00249587     0.00043834
247    -0.00390657     0.00864836    -0.00949672    -0.00350188    -0.00669397     0.00099036
248     0.00316019    -0.00484450     0.00989085     0.00198780     0.00299923     0.00009733
249    -0.00128637    -0.00358626     0.00025333     0.00104884     0.00330178    -0.00026283
250     0.03662149     0.00513249    -0.00877626    -0.00321945     0.00119600     0.00036803
251    -0.00490889     0.01976337     0.00050424     0.00134521    -0.00064593    -0.00015571
252    -0.03103880    -0.02158189     0.01216383     0.00143445    -0.00039819    -0.00020280
253    -0.00349289    -0.01081248     0.00705715    -0.00184944     0.00097406     0.00088107
254     0.00372431     0.00115467     0.00416547     0.00095738    -0.00059714    -0.00055707
255    -0.00155500     0.00602943    -0.00965727     0.00092064    -0.00053202    -0.00033819
256     0.00340602     0.00241368    -0.00794118     0.00061093     0.01706099    -0.00400436
257     0.00016647     0.00254811     0.00748482    -0.00086474    -0.00634941     0.00023912
258    -0.00189618    -0.00682710     0.01259876    -0.00002109    -0.01121138     0.00143178
259     0.02823892     0.00089132    -0.01429322    -0.00389910    -0.00514969    -0.00453862
260     0.00427014    -0.00402160    -0.00707243     0.00313667     0.00307316     0.00312829
261    -0.02532024     0.00509161     0.01620126     0.00126148     0.00264237     0.00260210
262     0.00399297     0.01182808    -0.01321346     0.00186880    -0.00061761     0.00727110
263    -0.01789907    -0.00297249     0.00664056    -0.00162142     0.00000154    -0.00360306
264     0.01141515    -0.00497114     0.00683372    -0.00045954    -0.00006334    -0.00456814
265     0.00459649    -0.00324187     0.01338360    -0.00103838    -0.00008284    -0.00584834
266    -0.01042730     0.00054075    -0.01819144     0.00065746    -0.00012863     0.00236559
267     0.00636705    -0.00107865     0.00087757     0.00080400    -0.00033880     0.00383871
268    -0.00592548     0.02076092    -0.00526964    -0.00225406     0.00249626     0.00094082
269    -0.00491160    -0.01304477     0.00443025     0.00099543    -0.00143491    -0.00054235
270     0.01037332    -0.00302382     0.00427467     0.00150371    -0.00139139    -0.00060932
271    -0.02442498    -0.02472803     0.02116591     0.00057818     0.00328968     0.00540275
272     0.03175251     0.02092546    -0.02775890    -0.00073506    -0.00226005    -0.00296189
273    -0.00603060     0.00168517     0.01170151     0.00000116    -0.00173744    -0.00364375
274     0.00689108    -0.00933587    -0.03057733     0.00012800    -0.00150858     0.00295917
275    -0.01743753     0.00155914     0.01375009    -0.00027426     0.00085552    -0.00152050
276     0.00939557     0.00530288     0.01687807     0.00008707     0.00098264    -0.00161652
277     0.01455013     0.02141459    -0.01222139     0.01231973     0.00168228     0.00179714
278    -0.01109601    -0.01477185     0.00698399    -0.00840120    -0.00059070    -0.00220391
279     0.00146549    -0.00417336    -0.00050800    -0.00468696     0.00010279    -0.00089313
280    -0.00879558     0.02954188    -0.00341025    -0.00064553    -0.00075411     0.00295635
281     0.01583637    -0.02215536    -0.00049126     0.00019041     0.00048981    -0.00142764
282    -0.00965603    -0.00645516     0.00119901     0.00024187     0.00024828    -0.00163703
283     0.01049362     0.02242882    -0.02899956    -0.00274908    -0.00149364    -0.00082709
284    -0.00232627    -0.01735442     0.01719687     0.00136922     0.00069564     0.00061275
285    -0.00088248    -0.00194586     0.00775053     0.00156447     0.00063780     0.00035109
286     0.01401712     0.02545477    -0.00832826     0.00109952    -0.00459399     0.00691240
287    -0.01208522    -0.00506203     0.00969872     0.00014301     0.00213149    -0.00293375
288     0.00124584    -0.02035188    -0.00419361    -0.00052870     0.00159844    -0.00391087
289     0.02301550    -0.00171949     0.00853088    -0.00608360    -0.00730673    -0.02048683
290    -0.00458882    -0.00232958    -0.00940730     0.00365838     0.00449419     0.01157540
291    -0.02090837     0.00352602     0.00492310    -0.00025026     0.00326675     0.00814771
292     0.01064626     0.00859112     0.02642910    -0.00245858     0.00586055     0.00435348
293     0.00046639     0.00596678    -0.00071697     0.00120963    -0.00216921    -0.00226537
294    -0.01312922    -0.00942686    -0.02379541     0.00218723    -0.00361301    -0.00235791
295     0.02932446     0.00411720     0.01170515    -0.00212590     0.00069472    -0.00133940
296    -0.02716338     0.00012166    -0.01475485     0.00088251    -0.00026648     0.00056014
297    -0.00533410    -0.00001815    -0.00210667     0.00122550    -0.00030239     0.00061995
298     0.00179792    -0.00146734    -0.00493984    -0.00176865    -0.00082344     0.00280988
299    -0.00337789    -0.00126783     0.00339458     0.00068825     0.00042842    -0.00149004
300     0.00589207     0.00112540     0.00233620     0.00087835     0.00056102    -0.00125001
