 Number of water molecules:
          76

 Atomic and electronic energies:
    -1.10240424    -0.07421185

 Atomic coordinates:
  1    -3.27659170    12.82511067     7.30013191
  2    -2.70621980    11.05563724     7.67046770
  3    -4.54276130    12.85112419     5.89214546
  4     0.12048475     4.54126515    12.32160718
  5     0.69507976     4.56625582    14.12890505
  6     1.70991858     4.28257522    11.29186739
  7   -10.77796527    -1.07419897     6.20718043
  8   -10.41845899     0.08782165     7.70911902
  9   -11.73198894     0.20249820     5.13588379
 10     6.72810496     6.50650844    -7.38119402
 11     8.45341973     5.70056969    -7.77908786
 12     5.74358181     4.95507497    -6.69699156
 13     4.29564433    -6.07330220   -13.93471433
 14     2.86369751    -4.81525185   -13.44419654
 15     3.38769414    -7.24919694   -15.13892051
 16    -4.60232203     7.85972074     0.56283770
 17    -4.40720408     8.14639786    -1.36177180
 18    -5.94275930     6.45479898     0.68277310
 19     5.83231630    -1.21240720    11.70592796
 20     6.94834134    -1.73425054    10.32052298
 21     5.26147330     0.63958321    11.44335210
 22     1.15709122    11.67399238    -2.99909210
 23     0.50433528     9.97827323    -2.36344388
 24     2.97573263    11.28886085    -3.55500886
 25     2.24084909     0.67797447    -8.91983711
 26     3.59423764     1.25491302    -7.63334688
 27     0.57914259     0.54928484    -7.87914805
 28     0.23872546     1.30261308     1.07279974
 29    -1.25500263     0.14077940     0.82260196
 30    -0.12593551     2.69001174    -0.24106211
 31    -0.32061629    -4.15033492    -3.11819540
 32     1.58858799    -3.74216504    -3.34724063
 33    -1.26938163    -2.90646617    -4.28672660
 34     1.49466792     0.64026645     6.26950102
 35     0.62399847     0.84457213     4.60688848
 36     0.54217860    -0.71273527     7.24718965
 37    -3.40919080    -2.06315642     0.65095640
 38    -5.35964736    -2.11767679     0.65199728
 39    -2.84380848    -3.06659241    -0.88183510
 40     0.98404705    13.16962825     4.30912793
 41    -0.12224048    13.91732713     5.69259817
 42     0.26355356    11.42153105     3.88763708
 43    -5.69078498     1.54631869     5.12590460
 44    -7.28941004     0.62567354     5.24211057
 45    -4.36158800     0.69672954     6.15718589
 46   -14.14595055    -0.93935833    -1.14221181
 47   -15.58867434    -1.99843292    -1.74855056
 48   -12.52047353    -1.28856109    -2.08221566
 49    -5.52954324     1.78266535    -8.75943221
 50    -7.12960692     1.52209419    -7.89460870
 51    -5.51847144     3.56363524    -9.40060232
 52    -5.59319345    -8.08185842     5.51552922
 53    -5.92663391    -9.60649562     4.42046204
 54    -4.36607830    -6.90774494     4.56026457
 55    -4.06889610    -5.81572139    -9.03652909
 56    -3.12811885    -4.40435023    -9.91733820
 57    -2.68239658    -6.91646193    -8.14176755
 58     8.14481527    -6.83613218     2.56247438
 59     9.62135560    -6.34258281     3.78441616
 60     6.61540573    -6.12693399     3.56939246
 61    13.64075881    -0.71878838     2.28088200
 62    11.87499971    -0.12434802     2.84382208
 63    14.10177383     0.25851078     0.71226390
 64    -2.29912261     7.41602527     8.40288102
 65    -1.66267656     6.64571024    10.07498420
 66    -3.92605190     6.49746679     8.10034835
 67     2.64932636     8.81121399   -10.06916957
 68     4.19811351     8.15032345    -9.08408998
 69     1.64706596     7.39411264   -10.61233512
 70    -1.86430953    -0.43396157    -6.29499000
 71    -1.62387702     0.86069069    -4.90466130
 72    -3.36991269     0.33555907    -7.22385908
 73    -1.70652651   -11.67763984     8.76145901
 74    -3.08637892   -10.37366995     9.34659916
 75    -2.28199454   -13.39696595     9.21671747
 76     6.61585529     6.28177035     6.24621043
 77     5.76339593     6.78841681     4.63489892
 78     7.65255560     7.79203155     6.75183072
 79     7.65318439    -8.41413105    -5.39184661
 80     6.87487499    -9.06051471    -3.72342332
 81     9.06748970    -7.25409256    -4.92918907
 82     9.22219588    -4.15861209    -1.76935224
 83     7.45909737    -3.83928729    -2.36580419
 84     9.08539469    -5.20459479    -0.21395554
 85    -1.46806860    -4.86702115     4.35226309
 86    -2.23742751    -3.55288078     3.22514389
 87    -0.33962027    -5.96615228     3.17310265
 88    -9.04152395     9.94581167    -3.69435873
 89    -9.40653958    11.13659588    -5.02317604
 90    -7.54673618     8.91047949    -4.23717257
 91   -10.69884575    10.46725789     1.50714121
 92   -10.72247823    10.35250738    -0.46123252
 93    -9.11664411    11.49965038     1.82031928
 94    11.89144078    -4.86919420     5.35824267
 95    11.11023984    -3.52991352     6.45735478
 96    12.73144275    -3.84026675     3.96521881
 97     5.86718360     2.07870496    -4.91153535
 98     7.79065520     2.26556747    -5.30916089
 99     5.61703394     2.50830708    -2.98605756
100    -7.88528345     3.59371801     1.00325448
101    -6.59648104     3.41674643     2.50315046
102    -9.66009029     3.66514701     1.82077151
103    -9.96031495    -2.23478054    -3.61234586
104    -9.41872649    -2.69926461    -1.78503225
105    -9.28570008    -0.44509784    -3.76164820
106    -2.75395373    -1.52239881     8.30229380
107    -2.44131243    -2.92303860     7.00728403
108    -2.62079025    -2.22699085    10.12001687
109     8.82919376     1.71519587     3.25364860
110     8.87947449     3.13146649     4.62306012
111     7.27206048     2.15466598     2.22365736
112     4.90980192    13.35244965     0.80338803
113     3.70418473    13.24498967    -0.66758226
114     3.86466672    14.05602140     2.17304616
115     4.65693092     8.32226644     1.86882255
116     2.77469284     8.17479871     2.45800722
117     4.98729358    10.23720949     1.87888031
118    -5.14321442   -11.60106382     1.44629546
119    -4.78876694   -11.49853141    -0.46132357
120    -3.49472952   -12.04166863     2.26512253
121    -8.60026845    -3.06882727     1.42700872
122    -8.96908620    -4.97416677     1.28779245
123    -9.46027883    -2.51494376     3.00312027
124    -0.34644806   -12.08577338     3.82853953
125    -0.71952092   -11.79860544     5.71907458
126     0.24342873   -10.33168508     3.13968859
127     8.85144897    -3.30745734   -14.17972658
128     7.28803069    -4.39885833   -14.15703765
129     8.43918317    -1.63141537   -14.96878733
130    10.63789809     3.11161953    -7.03327858
131    10.61697253     1.68881913    -8.31921546
132    11.49748837     2.30639863    -5.50672027
133    -4.05597775     7.99255170    -4.57560835
134    -3.36685779     9.56657897    -5.41671956
135    -2.91093734     6.52017474    -4.94372623
136    -9.90381447     2.14014921    10.27653234
137   -10.85507321     3.77037174    10.60837181
138    -8.01662309     2.54845263    10.58641641
139    -5.25613278    -8.06775298    10.54055589
140    -5.67463315    -7.79130175     8.72037465
141    -6.73355400    -7.31611533    11.47446859
142    -3.68616971    -0.05452107   -13.36574384
143    -5.24624406    -0.57606682   -14.32310380
144    -4.24788989     0.74051546   -11.71223461
145     9.21481425    -1.18017722    -9.56176567
146     7.53806423    -1.95676239    -8.86111040
147     9.51421743    -2.10982605   -11.24609525
148    -1.08311037    11.16233373    -7.51198277
149     0.17657052    10.38368194    -8.73382489
150    -0.06323423    11.88489341    -6.06171212
151     5.94561680    10.07111308    -3.99499713
152     6.94374325     9.63798201    -2.43990903
153     6.33066161     8.76306339    -5.33554791
154     0.41022859     4.52861507   -11.98606280
155     0.15797418     3.61886301   -13.72356776
156     1.32493508     3.23210523   -10.82032303
157     5.42944698    -9.44637165    -0.63823932
158     5.09704939   -11.26261725    -0.14285379
159     6.80082922    -8.71056777     0.53251184
160     3.95772556   -14.01319637     1.46443578
161     4.17364189   -15.91060688     1.42236186
162     2.23704900   -13.70469039     2.37116216
163    -4.55649899   -10.94883052    -3.48994106
164    -6.05890984   -10.24328143    -4.48863248
165    -3.00864205   -10.57208197    -4.53428272
166    -4.46703954     2.65424202    10.69981556
167    -2.92938955     3.34730492    11.49639239
168    -3.95029449     1.27154262     9.46239096
169    -8.55581835    -7.77816735    -0.22519743
170    -7.66694756    -9.43065653     0.13659981
171    -8.60028811    -7.74871940    -2.16073068
172     5.40035067    -4.83497308    -8.92235508
173     5.03982582    -5.27499536   -10.77006629
174     6.05408498    -6.34450310    -8.05916752
175    -4.15868095     6.46681814   -10.28697322
176    -3.84037961     8.23814251    -9.63495417
177    -2.53030640     5.90729244   -11.11450832
178    -7.85140295     2.49637411    -3.83429854
179    -6.28423619     3.37382560    -4.54605772
180    -7.82287131     2.87306114    -1.90665687
181     1.10531578    -7.29502809     0.94779391
182     0.31331576    -6.27806788    -0.44559661
183     2.72822756    -8.06423253     0.25946473
184   -12.92016794     2.02948081     2.76274221
185   -13.78174582     3.63915604     2.46001465
186   -13.53400843     0.78664603     1.42580796
187     4.98595649     3.44136802     0.08668906
188     4.53490294     5.39076237     0.36661350
189     3.46401892     2.46952457     0.78057893
190    -0.45407929    -8.57607504    -6.05585693
191    -0.76082019    -7.24957650    -4.70785585
192     1.44532723    -8.96122990    -6.07714539
193     7.92458666    -1.80119824     6.75357306
194     8.08413723    -0.36914989     5.57870907
195     6.39416990    -2.96788261     6.26699333
196     0.77749767    -2.52476873   -12.74861066
197    -0.66140499    -1.39437385   -13.21133875
198     1.60163292    -1.62239438   -11.25876428
199    -5.53956700    12.31752902     2.72747997
200    -4.60574472    13.75077026     1.86264677
201    -4.71570622    10.73189012     1.98631344
202     4.27129814     3.19646968     9.71534347
203     5.35233298     4.44200758     8.68415014
204     3.18870089     2.32532445     8.42140460
205     2.45331500    -8.30178568     8.76450458
206     2.95812090    -7.71367343    10.51153322
207     1.00857251    -9.47441546     9.17998896
208    11.53016363     0.34061603    -2.74876201
209    11.06795911    -1.46730680    -2.71717988
210    10.46013418     1.07851763    -1.29765812
211     3.30724271    -5.69804891    13.01737561
212     3.88516681    -4.14974916    12.05171896
213     3.83154975    -5.30570425    14.85010831
214    -7.95667972    -6.95642603    -5.64379526
215    -6.68315958    -6.37251631    -7.01907027
216    -8.94640235    -5.45039369    -5.08828373
217     4.12447918    -4.79445478     5.51452090
218     2.59882775    -4.06910895     4.71583104
219     3.51038181    -6.05048488     6.75355428
220     4.55698867    -2.87544965    -3.87147006
221     4.51131473    -0.93278136    -3.93624886
222     4.89144063    -3.42494472    -5.74559286
223    -0.02440194     7.98854019     3.67193148
224    -0.38834486     7.35639862     5.43067073
225    -1.52799278     7.86449218     2.58249532
226    -1.96546962    -4.22397962    12.64326269
227    -0.22632670    -4.83598344    13.09223945
228    -3.06909581    -5.72066589    12.35051455

 Atomic and electronic forces:
  1     0.01293335     0.01295451     0.01345489    -0.00071042     0.00246071     0.00299655
  2    -0.00519524    -0.00861446     0.00109269     0.00033161    -0.00118618    -0.00186309
  3    -0.00848236    -0.00740767    -0.00824768     0.00062316    -0.00144853    -0.00152939
  4    -0.01153395     0.00689150     0.00296118     0.00017628     0.00013303     0.00317325
  5    -0.00102538    -0.00033350     0.00292397    -0.00010534    -0.00005048    -0.00128118
  6     0.00927915    -0.00507618    -0.00508289    -0.00029197    -0.00004666    -0.00176033
  7     0.00748328     0.02808185     0.00245199    -0.00248010    -0.00120279     0.00245748
  8     0.00411696    -0.01725464     0.01319322     0.00109054     0.00041788    -0.00128941
  9    -0.00867853    -0.01014753    -0.01644636     0.00147566     0.00047871    -0.00118844
 10    -0.01096379    -0.03166370     0.00236609     0.00887635     0.00310681    -0.00442235
 11    -0.00194681     0.00999283     0.00065443    -0.00344805    -0.00067899     0.00154689
 12     0.01207393     0.02022682    -0.00617156    -0.00631013    -0.00100010     0.00291699
 13    -0.02646660     0.01344451     0.00244670     0.00118214    -0.00230230    -0.00240039
 14     0.01363286    -0.00522361    -0.00411486    -0.00059401     0.00140627     0.00160000
 15     0.01011407    -0.00210837     0.00197840    -0.00037975     0.00100535     0.00104667
 16     0.00591277    -0.01609076    -0.02124105    -0.00869103     0.00895941     0.00903305
 17    -0.00505235     0.00094530     0.01531303     0.00534079    -0.00623328    -0.00312936
 18     0.00356601     0.01218334     0.00385161     0.00500905    -0.00267742    -0.00413873
 19    -0.03017078     0.01391760     0.03223966     0.00101087    -0.00077523     0.00234796
 20     0.01889223     0.00028638    -0.02804936    -0.00065321     0.00047268    -0.00118140
 21     0.01038557    -0.01904828    -0.00674492    -0.00054295     0.00029068    -0.00135734
 22     0.00480220    -0.02387395     0.00685220     0.00273906     0.01200607     0.00070818
 23     0.00220486     0.01827311    -0.00203328    -0.00149828    -0.00826575    -0.00150782
 24     0.00182020     0.00555541    -0.00114050    -0.00252961    -0.00513989     0.00002623
 25    -0.00106893     0.01880937     0.02805421     0.00693475    -0.00753005    -0.01238134
 26    -0.00782463    -0.00951921    -0.01583302    -0.00557120     0.00335567     0.00512817
 27     0.01632831    -0.01054019    -0.01425559    -0.00239514     0.00592864     0.00760860
 28     0.00140171     0.03725988    -0.03090652     0.00454411    -0.01034697     0.01936314
 29    -0.00930967    -0.01944471     0.01108557     0.00047912     0.00588177    -0.00744288
 30     0.00948195    -0.01353698     0.02397750    -0.00255540     0.00404669    -0.01173314
 31     0.00210293     0.00970596    -0.00502016     0.00086760    -0.01239638     0.00075670
 32    -0.01341146    -0.00441819     0.00211463    -0.00186991     0.00586266    -0.00021557
 33     0.01141748    -0.01125234     0.00091729     0.00043840     0.00781189     0.00090359
 34     0.00730951    -0.00297388     0.01220653     0.00150211    -0.00212738     0.00649608
 35    -0.00319329     0.00202655    -0.01302480    -0.00080192     0.00168601    -0.00456906
 36    -0.00075941     0.00738282    -0.00181966    -0.00032691     0.00110025    -0.00263034
 37    -0.01654129     0.00528136    -0.00952646    -0.00423701    -0.00999097     0.00766413
 38     0.00967890    -0.00321376     0.00558393     0.00279771     0.00368228    -0.00277363
 39     0.00018088    -0.00427940     0.00197482     0.00163412     0.00585325    -0.00245194
 40    -0.00334364    -0.00669675    -0.00660286     0.00072821     0.00403350     0.00344585
 41    -0.00035240    -0.00565066    -0.00225051    -0.00009012    -0.00159883    -0.00148281
 42     0.00674643     0.01276754     0.00918318    -0.00031358    -0.00252153    -0.00252412
 43     0.02123111     0.03370978    -0.01795038    -0.00358641    -0.00166003     0.00646903
 44    -0.02423339    -0.02198364     0.00826664     0.00175403     0.00085284    -0.00241777
 45     0.00314578    -0.01318474     0.00959418     0.00110909     0.00098116    -0.00308324
 46    -0.00857881     0.01433331     0.01775582    -0.00366833    -0.00128206     0.00069249
 47     0.00506054    -0.00496917    -0.00683173     0.00148721     0.00057681    -0.00019179
 48    -0.00428881    -0.01022209    -0.01099660     0.00226992     0.00096927    -0.00030549
 49     0.03320528    -0.01173145    -0.01021070    -0.00938394    -0.00412032    -0.01059475
 50    -0.03826474    -0.00575385     0.01719836     0.00483560     0.00173693     0.00336628
 51     0.00102963     0.02192049    -0.00870192     0.00423951     0.00019293     0.00529187
 52     0.00927633     0.01649023    -0.00377970    -0.00099206    -0.00247605     0.00192047
 53     0.00109919    -0.00078183    -0.00800382     0.00046816     0.00123236    -0.00074554
 54    -0.01155017    -0.01502674     0.01136011     0.00052993     0.00161098    -0.00124510
 55     0.02896454    -0.01202850     0.02037368    -0.00169025    -0.00508003    -0.00290012
 56    -0.00308663    -0.00561172    -0.00021544     0.00076551     0.00277043     0.00214543
 57    -0.02443066     0.01553817    -0.01775272     0.00045385     0.00266641     0.00114154
 58    -0.00049838     0.02472418     0.03633260     0.00205698    -0.00245175     0.00143165
 59    -0.00702686    -0.01082098    -0.01766495    -0.00097626     0.00095375    -0.00069792
 60     0.00976651    -0.01199210    -0.01344236    -0.00102462     0.00137460    -0.00100104
 61    -0.02069311     0.00391977     0.00850756     0.00273967    -0.00087136     0.00112671
 62     0.01703727    -0.00134037    -0.00697481    -0.00160713     0.00050740    -0.00082564
 63    -0.00043334    -0.00346246     0.00063259    -0.00151170     0.00036724    -0.00044260
 64     0.00870535    -0.00678637     0.01348189    -0.00062748     0.00142329     0.00482585
 65     0.00189636     0.00908858    -0.01235650     0.00013586    -0.00041216    -0.00203696
 66    -0.00831975    -0.00240412    -0.00268940     0.00067599    -0.00056248    -0.00248992
 67     0.03667076     0.03485065     0.03528485     0.00391133     0.00585904    -0.00753131
 68    -0.01125438     0.00675562    -0.01484249    -0.00313836    -0.00275919     0.00348524
 69    -0.02085415    -0.04316167    -0.02334322    -0.00167389    -0.00254927     0.00496710
 70     0.00165002     0.02503476     0.02439957    -0.00451926    -0.02012738    -0.01330936
 71     0.00437428    -0.01258514    -0.00054463     0.00272378     0.01132185     0.00536116
 72    -0.00846055    -0.01065084    -0.01630362     0.00423967     0.00616012     0.00646442
 73    -0.01411513     0.04119104     0.00532300    -0.00009236    -0.00161262     0.00129484
 74     0.02078469    -0.02435662    -0.00747168     0.00012766     0.00079864    -0.00073347
 75    -0.00826416    -0.01307571     0.00629435     0.00006008     0.00070583    -0.00052858
 76     0.00986669    -0.00530632     0.01166145     0.00301825     0.00095973     0.00404343
 77    -0.00694697     0.00501131    -0.01451589    -0.00204354    -0.00088565    -0.00258753
 78     0.00113260    -0.00013400     0.00285527    -0.00127736    -0.00058745    -0.00157813
 79    -0.01957131    -0.00686448     0.00836094     0.00205000    -0.00296504    -0.00042790
 80     0.00767178     0.00641434    -0.01325984    -0.00093409     0.00156501     0.00001105
 81     0.00793483     0.00390679     0.00538485    -0.00122411     0.00137442     0.00016111
 82     0.01455730     0.01126736    -0.01756290     0.00374385    -0.00298567     0.00070010
 83    -0.01545534     0.00099971    -0.00453428    -0.00231080     0.00214289    -0.00035710
 84    -0.00157522    -0.01362328     0.02041251    -0.00153277     0.00140089    -0.00053310
 85     0.01438494    -0.01203119     0.00896088    -0.00030232    -0.00421086     0.00392561
 86    -0.00860761     0.00975552    -0.01459632     0.00052151     0.00279795    -0.00265654
 87    -0.00943373     0.00617108     0.00987662    -0.00012110     0.00233743    -0.00165018
 88     0.00430088    -0.02270754     0.03047165    -0.00593904     0.00447367    -0.00002344
 89    -0.00969694     0.02651870    -0.02890800     0.00232634    -0.00199031     0.00036604
 90     0.00426424    -0.00206059    -0.00016684     0.00418705    -0.00324516     0.00035620
 91     0.00950435     0.00445211    -0.04331882    -0.00361806     0.00243543     0.00186376
 92    -0.00347797    -0.00438871     0.03161608     0.00214228    -0.00141908    -0.00068155
 93    -0.00213463    -0.00327827     0.01194357     0.00169854    -0.00155733    -0.00109692
 94     0.00669163     0.00618829    -0.01346720     0.00182626    -0.00125541     0.00129863
 95    -0.00870233    -0.00099051     0.00921372    -0.00094645     0.00058737    -0.00080505
 96     0.00567335    -0.00583344     0.00223791    -0.00106708     0.00060718    -0.00060154
 97     0.00178483     0.00690857     0.02458590     0.01468059    -0.00390588    -0.00273889
 98    -0.02115489    -0.00289120     0.00558018    -0.00482386     0.00091280     0.00093333
 99     0.01243386    -0.00289480    -0.02790814    -0.00780793     0.00165580    -0.00081698
100     0.01139272     0.01054354     0.02654980    -0.00925108    -0.00011055     0.00607397
101    -0.02703339    -0.00717767    -0.01738454     0.00377453     0.00020193    -0.00399491
102     0.01786920    -0.00497209    -0.00715011     0.00317361     0.00001402    -0.00195962
103     0.01601676    -0.00516367     0.02752730    -0.00571768    -0.00371264     0.00001397
104    -0.00723419    -0.00352446    -0.01492748     0.00272534     0.00203134    -0.00059482
105    -0.00056906     0.00742915    -0.01061516     0.00407986     0.00198612     0.00005953
106    -0.00014819     0.00431004    -0.00157270    -0.00067247    -0.00186168     0.00416859
107    -0.00152750    -0.00599445     0.01386133     0.00031729     0.00133100    -0.00211414
108     0.00158394    -0.00754378    -0.01418776     0.00021235     0.00071048    -0.00161862
109     0.00001577     0.02936354     0.02226662     0.00445301    -0.00100799     0.00320709
110     0.00197298    -0.02166226    -0.02040857    -0.00190740     0.00015439    -0.00163573
111    -0.00013932    -0.00044101    -0.00643558    -0.00311931     0.00067516    -0.00228148
112     0.00915767    -0.01232158    -0.01942695     0.00274517     0.00460823     0.00213231
113     0.00302857     0.00169537    -0.00549866    -0.00144855    -0.00307604    -0.00094458
114    -0.01450356     0.01116703     0.02739163    -0.00094858    -0.00210576    -0.00119272
115    -0.02647270    -0.00125105     0.00500299     0.00627813     0.00500121     0.00634765
116     0.02066847     0.00323048    -0.00118012    -0.00249850    -0.00297573    -0.00433350
117     0.00299095    -0.00364365    -0.00506447    -0.00223860    -0.00245228    -0.00214092
118    -0.01130398     0.00724667    -0.00611150    -0.00074341    -0.00266134     0.00088319
119    -0.00014394    -0.00311636     0.00331795     0.00038669     0.00150103    -0.00031297
120     0.01305078    -0.00598841     0.00497717     0.00021706     0.00129541    -0.00048501
121     0.00798877    -0.00292205    -0.01934348    -0.00411370    -0.00360373     0.00272246
122     0.00608709     0.00261576    -0.00246759     0.00154616     0.00165850    -0.00094726
123    -0.01071454     0.00541610     0.02074605     0.00177217     0.00128408    -0.00137520
124     0.00710406     0.03364669    -0.00799243     0.00007300    -0.00239118     0.00112815
125     0.00209809    -0.00313062    -0.00750840    -0.00000733     0.00105979    -0.00063789
126    -0.00804669    -0.02887046     0.01146967    -0.00011382     0.00149052    -0.00071865
127     0.00519377     0.00647473     0.00285095     0.00192308    -0.00142948    -0.00210841
128    -0.00514829    -0.00423330    -0.00388708    -0.00086664     0.00088557     0.00113214
129    -0.00158962    -0.00419975    -0.00242002    -0.00099262     0.00059130     0.00122238
130    -0.00062864     0.00000187     0.00727601     0.00543021    -0.00036747    -0.00161643
131    -0.00311874    -0.00491519    -0.00667479    -0.00237877     0.00045551     0.00097621
132     0.00260603     0.00157192     0.00102195    -0.00255783     0.00032838     0.00039124
133    -0.00589999    -0.01193078     0.01454768    -0.01357160     0.01735304    -0.00362905
134     0.00777594     0.00305157    -0.00900415     0.00330015    -0.00692539     0.00212600
135     0.00028640     0.01012618    -0.00778922     0.00724738    -0.00949292     0.00413827
136     0.01655616     0.01760849    -0.00155029    -0.00158810    -0.00028811     0.00242516
137     0.00375737    -0.01020920    -0.00017051     0.00077622     0.00000182    -0.00109749
138    -0.01557178    -0.00836140    -0.00122813     0.00072107     0.00012558    -0.00141871
139     0.00191755     0.00179305     0.02839058    -0.00052548    -0.00140497     0.00168259
140    -0.00036384    -0.00083971    -0.02926687     0.00036176     0.00086412    -0.00092482
141     0.00068230    -0.00271061     0.00228073     0.00031768     0.00059642    -0.00081258
142     0.00302509     0.00282411     0.00106003    -0.00178822    -0.00242159    -0.00608344
143     0.00139037     0.00082271     0.00175803     0.00094517     0.00093961     0.00229533
144    -0.00441360    -0.00244121    -0.00162782     0.00168379     0.00151942     0.00399165
145    -0.02933916    -0.01227510     0.00621186     0.00398846    -0.00200909    -0.00236525
146     0.03216282     0.00808306    -0.01539883    -0.00227986     0.00158992     0.00143546
147    -0.00018974     0.00378693     0.00880087    -0.00149550     0.00086657     0.00110684
148    -0.01624882    -0.00960843    -0.00198361    -0.00061740     0.01002089    -0.00529349
149     0.00909801     0.00546168    -0.00263777    -0.00055641    -0.00439828     0.00340137
150     0.00274115     0.00464954     0.00262700    -0.00035929    -0.00522766     0.00162475
151    -0.01474005     0.00641725     0.01118579     0.00709460     0.00656864    -0.00046798
152     0.00383768     0.00191303    -0.00033833    -0.00344139    -0.00256443    -0.00050702
153     0.00744795    -0.00405572    -0.00820195    -0.00417012    -0.00287093     0.00103042
154     0.00186338    -0.03307734    -0.01225000     0.00148853     0.00089308    -0.01097400
155     0.00581222     0.01758995     0.03325669    -0.00035200     0.00008532     0.00391016
156    -0.00996502     0.01127503    -0.01968388    -0.00184099     0.00059350     0.00641384
157     0.00137917     0.01045231    -0.01681245     0.00151913    -0.00322445     0.00073224
158     0.00218800    -0.00879650     0.01075368    -0.00053334     0.00135900    -0.00031605
159    -0.00673409    -0.00656422     0.00230119    -0.00088078     0.00144980    -0.00048457
160    -0.02433717    -0.00587602     0.00866154     0.00055624    -0.00207515     0.00059545
161     0.00170216     0.00751145    -0.00016065    -0.00022209     0.00087757    -0.00022555
162     0.02195259     0.00124446    -0.00974706    -0.00018983     0.00108583    -0.00037365
163    -0.01551604     0.00651226    -0.00650273    -0.00085922    -0.00342319     0.00003038
164     0.01121908    -0.00382409     0.00577271     0.00063347     0.00170887     0.00010697
165     0.00490430     0.00042451    -0.00425488     0.00028593     0.00191009     0.00012300
166    -0.03490154    -0.00379512    -0.01718861    -0.00091349    -0.00029356     0.00355648
167     0.02704069     0.00483122     0.01247056     0.00024611     0.00005771    -0.00173039
168     0.00361794     0.00058216     0.01077635     0.00049807     0.00040552    -0.00207215
169    -0.00049683    -0.00663649    -0.02433202    -0.00214815    -0.00321588     0.00095812
170     0.00201286    -0.00217234     0.01270265     0.00077500     0.00150087    -0.00043152
171    -0.00233922     0.00492286     0.01084267     0.00116944     0.00173726    -0.00022326
172    -0.01723735     0.03538950    -0.01084711     0.00297142    -0.00415803    -0.00255687
173     0.00492156    -0.00611321     0.00834228    -0.00109217     0.00170643     0.00134379
174     0.01442603    -0.03120374     0.01086186    -0.00126417     0.00187550     0.00082139
175    -0.00132865     0.00554236     0.01042205    -0.00534505     0.00425568    -0.01043547
176    -0.00269342    -0.00208881    -0.00455480     0.00227466    -0.00327073     0.00435546
177     0.00584325    -0.00201237    -0.00623591     0.00137260    -0.00161112     0.00569889
178     0.02618732     0.00573718     0.00155718    -0.01522992    -0.00252300    -0.00033600
179    -0.02147372    -0.00557064     0.00664216     0.01001280     0.00051785     0.00162226
180    -0.00769235    -0.00073086    -0.01007550     0.00687202     0.00075824    -0.00172865
181    -0.00627444    -0.00491788     0.01129494     0.00087486    -0.00498548     0.00208102
182     0.00149881     0.00317405    -0.01158504    -0.00039581     0.00340216    -0.00109114
183     0.00587333    -0.00198180    -0.00300066    -0.00066396     0.00221498    -0.00073266
184     0.01930905    -0.01433200     0.01104931    -0.00372421    -0.00052172     0.00197327
185    -0.01581271     0.02197846    -0.00500369     0.00179506     0.00001257    -0.00084499
186    -0.00213784    -0.00194787    -0.00585965     0.00188985     0.00043560    -0.00075564
187    -0.02274122     0.04124937     0.00083864     0.01324257    -0.00122910     0.00856524
188     0.02037674    -0.04579943    -0.00101772    -0.00605943    -0.00151538    -0.00452818
189     0.00422249     0.00046811     0.00171215    -0.00570451     0.00196303    -0.00597098
190     0.01214994    -0.00182685    -0.00145602     0.00015811    -0.00499023    -0.00099414
191     0.00545461     0.00152448     0.00051333    -0.00003092     0.00328935     0.00033245
192    -0.01859276     0.00309716     0.00083203    -0.00040498     0.00227266     0.00044074
193    -0.01753954    -0.04124490     0.03081787     0.00222471    -0.00144595     0.00266345
194    -0.00276505     0.01761063    -0.02559796    -0.00147659     0.00070605    -0.00154074
195     0.02168235     0.02184529     0.00223256    -0.00106443     0.00100951    -0.00147438
196     0.02107476    -0.00769580     0.01176416     0.00088928    -0.00360150    -0.00516680
197    -0.02124116     0.00526939    -0.00975099    -0.00004322     0.00162750     0.00297743
198     0.00205307    -0.00185935    -0.00098583    -0.00104521     0.00240209     0.00335475
199     0.01576657     0.00824034    -0.01375823    -0.00250252     0.00431537     0.00322311
200    -0.00848265    -0.00043815     0.00661581     0.00094489    -0.00234808    -0.00129379
201    -0.01480145    -0.00322514     0.00461655     0.00177551    -0.00296568    -0.00240245
202     0.01429391     0.02291342     0.00616229     0.00140080    -0.00019571     0.00371309
203    -0.00470529    -0.00687926     0.00412688    -0.00095770    -0.00008248    -0.00193014
204    -0.00929620    -0.01299221    -0.01421382    -0.00077117     0.00030765    -0.00234795
205    -0.00617469    -0.00353126     0.00409254     0.00048320    -0.00179395     0.00184135
206     0.00983095     0.01067858     0.00498291    -0.00023733     0.00072761    -0.00089441
207    -0.00573356    -0.00864958    -0.01263159    -0.00011664     0.00085012    -0.00082237
208    -0.01533608     0.04573070     0.02206237     0.00471901    -0.00135234     0.00033918
209    -0.00302981    -0.03633793    -0.00204447    -0.00219447     0.00098429    -0.00017050
210     0.01780039    -0.00615226    -0.01743570    -0.00277645     0.00069088    -0.00058011
211     0.00022202     0.00764886     0.03006041     0.00044252    -0.00102786     0.00179881
212     0.00616877     0.00558046    -0.00281748    -0.00031607     0.00053977    -0.00106166
213    -0.00499115    -0.00889062    -0.02180690    -0.00020025     0.00039598    -0.00080167
214     0.02364788    -0.01040283    -0.01014352    -0.00261131    -0.00394907    -0.00075656
215    -0.01537872    -0.00585437     0.01241146     0.00131003     0.00229130     0.00078054
216    -0.00756581     0.01674242    -0.00111950     0.00176193     0.00200406     0.00032431
217     0.02907166     0.02080501    -0.02154200     0.00161394    -0.00282232     0.00301645
218    -0.01624528     0.00528216    -0.00651398    -0.00080011     0.00184973    -0.00197781
219    -0.01112696    -0.02959375     0.02442333    -0.00052440     0.00119863    -0.00126769
220    -0.00330078     0.00939247    -0.03420997     0.00681336    -0.00847956    -0.00030063
221     0.00869362    -0.01583960    -0.00047487    -0.00543131     0.00479341     0.00030241
222    -0.00356010     0.00312923     0.02793380    -0.00270829     0.00344366     0.00101387
223     0.03466608     0.00759396    -0.00577987     0.00087728     0.00546292     0.00989873
224    -0.01203791    -0.00105235     0.00877161    -0.00014417    -0.00151847    -0.00399323
225    -0.03073999    -0.00610828    -0.00658910     0.00083191    -0.00364458    -0.00570613
226     0.00110609     0.01799413    -0.00106809    -0.00015676    -0.00108607     0.00220112
227     0.00655450    -0.00492610     0.00022500    -0.00003507     0.00052839    -0.00102205
228    -0.00621068    -0.01460298    -0.00353595     0.00013996     0.00059037    -0.00099180
