 Number of water molecules:
          76

 Atomic and electronic energies:
    -1.12633732    -0.06636913

 Atomic coordinates:
  1    -3.49137903    12.28890331     7.54343780
  2    -3.32867928    10.42458621     7.96383204
  3    -4.56957760    12.30612378     5.93039462
  4     0.13859371     4.65404884    12.03984105
  5     0.42657694     4.34306357    13.94621119
  6     1.80520480     4.18601418    11.17405423
  7   -11.04409119    -1.30270492     6.29426066
  8   -10.98256773    -0.62802517     8.10907754
  9   -12.00366077     0.03886844     5.23687823
 10     6.69764736     6.28058319    -7.73624941
 11     8.48250086     5.55124261    -7.96802839
 12     5.73198297     5.08703156    -6.64276794
 13     4.22177578    -5.60618548   -13.67125663
 14     2.81285171    -4.24210831   -13.35400270
 15     3.35774094    -7.12882114   -14.40500987
 16    -4.92030138     7.71243999     0.88713230
 17    -4.81998453     7.52282372    -1.02127646
 18    -6.39024235     6.52835196     1.45445432
 19     6.01503744    -1.42124599    11.39844035
 20     7.33976881    -1.85240258    10.11739116
 21     5.74196609     0.50727835    11.30866993
 22     1.75488721    11.68146172    -3.16090988
 23     0.60908667    10.31220025    -2.48265469
 24     3.41614967    10.83551653    -3.65681318
 25     2.37058485     0.50926552    -8.50937885
 26     3.92423399     1.06362698    -7.55716276
 27     0.98388365     0.40320595    -7.13395345
 28     0.19494840     1.78187083     1.37586375
 29    -1.18985149     0.40829868     1.14291635
 30    -0.33761376     3.18377657     0.12768199
 31    -0.04161686    -4.15343998    -3.10033417
 32     1.82786573    -3.54720734    -3.46239233
 33    -1.18245071    -3.16435388    -4.27821482
 34     1.61844483     0.55191141     6.44763900
 35     1.11769656     1.12062781     4.72290381
 36    -0.04733286    -0.03650463     7.24845795
 37    -3.55901117    -1.95581836     0.62337974
 38    -5.46532113    -2.14818181     0.86483907
 39    -3.26494351    -2.21516033    -1.23737152
 40     0.32575209    13.26352415     4.01784902
 41    -0.76040071    13.37841417     5.57545417
 42     0.32934376    11.41422154     3.60378967
 43    -6.15979092     1.42737575     4.97378430
 44    -7.73078363     0.26607309     5.05790173
 45    -4.95931858     0.78683439     6.21573679
 46   -14.45417735    -0.38765360    -1.19898648
 47   -16.03343360    -0.95326639    -2.01290753
 48   -13.02502289    -1.24621382    -2.17864241
 49    -5.75184896     1.82572048    -8.72967838
 50    -6.95057123     1.94665694    -7.23642764
 51    -5.73126902     3.61656430    -9.52973956
 52    -5.19465945    -8.04080555     6.03744157
 53    -5.57455619    -8.68092388     4.24533300
 54    -3.87913290    -6.61914323     5.70870408
 55    -4.12685043    -5.93660192    -8.87876113
 56    -3.47274203    -5.03454212   -10.33057112
 57    -2.63189648    -6.92760251    -8.11714785
 58     8.30973752    -7.01537413     2.87474405
 59     9.84673690    -6.62633099     4.00334591
 60     6.83335128    -6.44430773     3.96849305
 61    13.69102657    -0.94068226     2.49873374
 62    12.13139484    -0.06187155     3.03580039
 63    13.95216750    -0.32234098     0.73647095
 64    -2.37440002     7.12642937     7.77800209
 65    -1.28295956     6.50928388     9.28583590
 66    -3.79959196     5.86844890     7.58833148
 67     2.95879101     8.94697862   -10.19879990
 68     4.40437018     8.35395384    -9.11323560
 69     2.36786378     7.43712596   -11.20683925
 70    -1.97396255    -0.04783612    -5.70035039
 71    -1.97270746     1.56828400    -4.64355672
 72    -3.26695679     0.21459087    -7.10963204
 73    -1.57392535   -11.93210367     9.15890931
 74    -3.04193861   -10.79022942     9.66459333
 75    -1.62289469   -13.36027174    10.56895629
 76     6.85920729     6.16794220     5.94462102
 77     6.01041191     6.41896031     4.18664873
 78     7.87626423     7.77390993     6.40918612
 79     7.00838729    -7.85818803    -5.33843038
 80     6.11531500    -8.67748870    -3.83435217
 81     8.43044293    -6.87436369    -4.50559435
 82     9.45219376    -4.18500792    -1.89935435
 83     7.72514004    -3.69550316    -2.59108527
 84     9.08004383    -4.95362364    -0.17362620
 85    -1.87796789    -4.46417048     4.51025655
 86    -2.69540429    -3.40331019     3.06049873
 87    -0.61884395    -5.53477441     3.53801961
 88    -9.04116653    10.32994309    -3.81551831
 89   -10.43151898     9.87838258    -5.10034361
 90    -7.39802818     9.42270749    -4.20965567
 91   -10.43833605    10.34124490     1.18057430
 92    -9.85295367    10.26779082    -0.65178177
 93    -9.28843393    11.52836560     2.17733052
 94    12.45408404    -5.10133053     5.55613832
 95    10.95999979    -4.17809802     6.46600639
 96    13.46118924    -3.83541456     4.58536941
 97     6.15498569     2.00497376    -5.12075705
 98     8.00028881     2.35780932    -5.40818085
 99     5.54367939     2.63996737    -3.42085585
100    -8.07944837     3.84893565     0.99929140
101    -7.04826847     2.83042229     2.30926159
102    -9.85470298     3.80163855     1.71682221
103   -10.16615671    -2.27027496    -3.64281523
104    -9.64588126    -2.51834667    -1.81237483
105    -9.44210589    -0.56843190    -4.16662516
106    -2.95260589    -1.42187365     8.48462162
107    -2.70418752    -2.64688564     7.01728503
108    -2.44514965    -2.51707156    10.01546856
109     9.00990625     1.89606938     3.43486911
110     8.97728489     3.39797409     4.56227158
111     7.47574910     1.96919919     2.26743522
112     4.70661173    12.72568476     0.98410373
113     4.09524179    13.21705604    -0.81102919
114     3.41555760    13.42517821     2.25292579
115     4.51901189     7.65196659     1.77431225
116     2.75149372     8.06042190     2.37987167
117     5.17224617     9.30662103     1.12989485
118    -5.13710973   -11.30819981     1.49400630
119    -5.02271066   -11.22167017    -0.40333461
120    -3.38269099   -11.64047898     2.15475936
121    -8.76516386    -3.17992706     1.23224400
122    -8.91982851    -5.03296351     0.65092371
123    -9.76299845    -2.96950716     2.84935163
124    -0.34634690   -11.80685880     3.86103767
125    -0.74135850   -11.90670025     5.73626392
126     0.39050509   -10.02764482     3.47004783
127     8.58809579    -3.07539665   -14.07007142
128     7.19832577    -4.33646194   -13.85003445
129     8.33507310    -2.08951325   -15.72242134
130    10.77007127     3.18372252    -7.28682644
131    10.23428290     1.67781779    -8.35858678
132    11.88105930     2.36539081    -5.98738590
133    -4.64622427     7.77594118    -4.76448142
134    -3.44807795     8.92303740    -5.77798917
135    -3.62544229     6.18609203    -4.42319549
136   -10.10391255     1.83577788    10.63418228
137   -11.06985406     3.35974293     9.99538627
138    -8.27412601     2.43154561    10.94085187
139    -4.94320534    -8.35163732    10.82192508
140    -5.15578578    -8.07084037     8.88568713
141    -6.47355534    -7.48237573    11.68951376
142    -4.03718660    -0.27455513   -13.14134873
143    -5.16819844     0.36268465   -14.53762741
144    -4.56772207     0.43057910   -11.40752755
145     9.25713507    -1.21495625    -9.23502496
146     7.93700413    -2.42237702    -8.43974202
147     9.37720168    -1.69205474   -11.07822646
148    -1.21897690    10.86524357    -7.70648130
149     0.29737476    10.10073102    -8.61967508
150    -0.46123765    11.83915110    -6.37519015
151     6.65203216     9.55380363    -3.88593363
152     8.24681905    10.36645538    -3.28970796
153     7.05375334     8.30418291    -5.22963939
154     0.73435234     4.40798562   -12.16780844
155    -0.18746967     3.71511674   -13.65339745
156     1.60114540     2.96789990   -11.26405515
157     5.80294212    -9.57798504    -0.64454100
158     5.39500194   -11.31280677     0.00693369
159     6.94007406    -8.88362486     0.71931474
160     3.86650252   -13.83475409     1.25884772
161     4.05327422   -15.70227621     1.66133681
162     2.33060027   -13.25317114     2.24783281
163    -4.40360505   -10.71196109    -3.60908161
164    -5.78964693    -9.85828390    -4.59500211
165    -2.71848541   -10.06923513    -4.31464726
166    -4.91346573     2.54888277    10.85087637
167    -3.38335565     3.40905255    11.69849465
168    -4.28952827     0.98353587     9.91259622
169    -8.85025859    -7.89111830    -0.57574419
170    -8.21104737    -9.53896509     0.14900418
171    -8.36060524    -7.68876531    -2.41676839
172     5.33439500    -4.64223266    -8.68329100
173     4.94106408    -4.96847161   -10.53773789
174     5.75173163    -6.25667780    -7.71497874
175    -3.94385535     6.56438344   -10.62580167
176    -3.70838556     8.04110155    -9.50632799
177    -2.21427329     5.95253756   -11.17211841
178    -8.09464637     2.49011844    -3.84804503
179    -7.58454290     4.24129713    -4.38658808
180    -8.19337377     2.72109600    -1.94982370
181     1.07864013    -7.22569425     1.19490236
182     0.53784404    -6.04703615    -0.18906294
183     2.75526919    -7.95735066     0.68907970
184   -12.91097560     2.35478988     2.73732070
185   -13.87815216     3.98313917     2.91405661
186   -13.65448003     1.40875445     1.20711250
187     5.11676821     2.87707816     0.29543060
188     4.97536306     4.75679056     0.53842886
189     3.38991273     2.23182995     0.92327642
190    -0.37372192    -8.25555844    -6.26490464
191    -0.64708439    -6.99823629    -4.80241937
192     1.01818260    -9.37112077    -5.70414922
193     8.40673830    -2.00122036     6.79640731
194     8.82364572    -0.56991126     5.65608572
195     6.82490059    -2.74154028     6.00295407
196     0.79618581    -2.10659215   -12.77509237
197    -1.01297753    -1.34502848   -12.83894485
198     1.75437586    -1.30019082   -11.29274963
199    -5.48625382    12.63940279     2.72350847
200    -3.83317307    13.58862405     2.51589272
201    -5.15918427    10.99915067     1.76648480
202     4.50586591     3.42447612     9.42083674
203     5.42313478     4.62142015     8.16450824
204     3.35994643     2.28508824     8.40874560
205     2.24082273    -8.20041606     8.34479080
206     2.87188102    -7.69188371    10.12048192
207     0.77658657    -9.37654319     8.63397467
208    11.52393806     0.68993490    -2.11252303
209    11.42074578    -1.15871974    -2.34615042
210    10.03752009     1.18873375    -1.02905040
211     3.39269684    -5.34701943    12.68976483
212     4.38030161    -3.80523696    12.00391507
213     4.54323900    -6.27014635    13.91286046
214    -8.12296214    -7.08649417    -5.75248788
215    -6.91335468    -6.84078172    -7.24136260
216    -8.80149113    -5.34149442    -5.38757784
217     4.51351021    -4.95087856     5.55585203
218     3.22011529    -3.69971675     5.26457115
219     3.59681928    -6.30105708     6.71673021
220     4.75522309    -2.90575952    -4.12752188
221     5.36652189    -1.05711848    -3.89117059
222     4.90243558    -3.42324198    -5.95225994
223    -0.47470447     7.93359094     3.28895470
224    -0.96008390     7.52677096     5.13993750
225    -2.11635393     7.61334223     2.25561336
226    -1.42443682    -4.20075203    12.20668011
227     0.45258604    -4.70259143    12.48144442
228    -2.52110183    -5.76300825    12.40208128

 Atomic and electronic forces:
  1    -0.00657490    -0.00811151    -0.01651448    -0.00074003     0.00246919     0.00343959
  2     0.00408685     0.00125538     0.00497944     0.00039785    -0.00109816    -0.00207474
  3     0.00227815     0.00740973     0.01090477     0.00068089    -0.00155961    -0.00185012
  4     0.00270965    -0.00616773     0.02111260     0.00028188     0.00006162     0.00335773
  5    -0.00330422     0.00527098    -0.02741562    -0.00012194     0.00000213    -0.00133828
  6    -0.00126799     0.00206444     0.00265416    -0.00036453     0.00002349    -0.00180164
  7    -0.00445426     0.02283072    -0.01011839    -0.00240358    -0.00137562     0.00237996
  8     0.00071617    -0.00319311    -0.00780128     0.00099282     0.00050330    -0.00117307
  9     0.00892953    -0.01535451     0.01150581     0.00145282     0.00057568    -0.00116822
 10     0.00959936     0.01993041    -0.01059800     0.00830209     0.00200300    -0.00475793
 11    -0.00749240    -0.00218518     0.00059673    -0.00321346    -0.00037640     0.00156691
 12     0.00020573    -0.01573811     0.00270696    -0.00593644    -0.00054669     0.00291795
 13    -0.01585753     0.01401684     0.00826814     0.00119769    -0.00224872    -0.00231306
 14     0.01396521    -0.01683715    -0.00909330    -0.00060892     0.00134043     0.00154498
 15    -0.00157203    -0.00003077    -0.00102601    -0.00040125     0.00103005     0.00098611
 16    -0.00239208    -0.01116453    -0.00445473    -0.00960282     0.00863094     0.01103802
 17    -0.00747681     0.00607233     0.00660141     0.00686264    -0.00606599    -0.00447049
 18     0.01326796     0.01268459    -0.00988148     0.00465668    -0.00204555    -0.00440107
 19    -0.01013012     0.02369045     0.01357554     0.00109487    -0.00088722     0.00227255
 20     0.00894466     0.00121034    -0.01443719    -0.00068625     0.00050488    -0.00109960
 21     0.00318592    -0.01941485    -0.00387607    -0.00060082     0.00033816    -0.00128967
 22    -0.00505610    -0.01419939    -0.00543434     0.00472543     0.01216743     0.00026610
 23     0.00713910     0.00926123    -0.00011854    -0.00238260    -0.00835888    -0.00121368
 24     0.00110740     0.00380504     0.00161716    -0.00356642    -0.00515789     0.00022739
 25    -0.02284188     0.00766869     0.01246322     0.00645059    -0.00766065    -0.00988782
 26     0.01284836    -0.00104737     0.00042143    -0.00456494     0.00321180     0.00395107
 27     0.00993246    -0.00680539    -0.02040232    -0.00307380     0.00624541     0.00580998
 28    -0.02712682     0.00457923    -0.02865024     0.00547307    -0.00972896     0.01822747
 29     0.01508984     0.00851137     0.00906761    -0.00021563     0.00579650    -0.00682619
 30     0.00975307    -0.01630320     0.02442937    -0.00294535     0.00393760    -0.01142817
 31     0.02458818     0.00306546     0.00121204     0.00141474    -0.01044774     0.00019888
 32    -0.02946644    -0.01229266     0.00432769    -0.00185668     0.00505895     0.00011186
 33     0.00600384     0.00625406    -0.00537894    -0.00005046     0.00631948     0.00088929
 34    -0.01580831    -0.00816680     0.01384172     0.00169594    -0.00230968     0.00600827
 35    -0.00019007     0.00628642    -0.01832887    -0.00120717     0.00169616    -0.00427553
 36     0.01258580     0.00052923     0.00211571    -0.00030077     0.00113675    -0.00277052
 37    -0.00756717     0.01148856    -0.00404652    -0.00363518    -0.01030536     0.00667689
 38    -0.00097555    -0.00191152     0.00268885     0.00239168     0.00373164    -0.00247812
 39     0.00297619    -0.00600554    -0.00161252     0.00189600     0.00648441    -0.00209204
 40     0.00281962     0.00074328    -0.00746738     0.00072776     0.00450339     0.00382834
 41    -0.00461370     0.00591183     0.01103123    -0.00006806    -0.00177492    -0.00179387
 42     0.00062231    -0.00961297    -0.00245813    -0.00056886    -0.00277705    -0.00284145
 43    -0.04067169    -0.00161396    -0.03023286    -0.00376745    -0.00219762     0.00643680
 44     0.01762793     0.01198410     0.00554120     0.00176958     0.00109911    -0.00231618
 45     0.02155962    -0.01500091     0.02744021     0.00115589     0.00109714    -0.00299618
 46     0.02021862     0.00208792    -0.00008974    -0.00374011    -0.00133653     0.00062812
 47    -0.01699227    -0.00540003    -0.00643644     0.00154118     0.00055190    -0.00014591
 48    -0.00446604     0.00308195     0.00346839     0.00214310     0.00101557    -0.00022238
 49     0.00216033     0.02461186    -0.00433716    -0.00809016    -0.00486072    -0.00996912
 50    -0.00242861    -0.00488710    -0.00190916     0.00530777     0.00235895     0.00372705
 51     0.00251965    -0.01715264     0.00537658     0.00367874     0.00065967     0.00516496
 52     0.01428222     0.02024464    -0.03215211    -0.00077770    -0.00242550     0.00185020
 53    -0.00229120    -0.00622816     0.01545479     0.00045743     0.00137198    -0.00080541
 54    -0.01251964    -0.01382577     0.00517314     0.00035510     0.00146718    -0.00122153
 55    -0.00392648    -0.02288033     0.03533951    -0.00130497    -0.00470745    -0.00254493
 56     0.01230349     0.01808558    -0.03132502     0.00052651     0.00223120     0.00165712
 57    -0.00862932     0.00437277    -0.00532634     0.00029789     0.00242295     0.00103267
 58     0.01239253     0.00783732     0.01071150     0.00184849    -0.00223770     0.00123169
 59    -0.00030071    -0.00599465    -0.01222078    -0.00087917     0.00088401    -0.00059507
 60    -0.00708717     0.00100908    -0.00040194    -0.00090383     0.00123028    -0.00083923
 61     0.01038761    -0.00823762     0.00282134     0.00254300    -0.00092089     0.00102109
 62    -0.01769760     0.01010616     0.01161740    -0.00148746     0.00050299    -0.00073047
 63     0.00667624     0.00016657    -0.01158148    -0.00142222     0.00044857    -0.00039390
 64     0.01086875    -0.01050910     0.01760338    -0.00061739     0.00142397     0.00576097
 65    -0.01358773     0.00545227    -0.01264263     0.00002242    -0.00040674    -0.00241465
 66     0.00020607    -0.00049240     0.00515225     0.00070959    -0.00041761    -0.00299884
 67    -0.01567610     0.00346505     0.00483115     0.00414512     0.00477093    -0.00716920
 68     0.01165658    -0.00450546    -0.00102042    -0.00309316    -0.00226547     0.00331173
 69     0.00139359    -0.00262585    -0.00422755    -0.00180209    -0.00161082     0.00416370
 70     0.00275139     0.01937776     0.01363432    -0.00312208    -0.02069781    -0.01125104
 71    -0.00340832    -0.01839724    -0.01208314     0.00256118     0.01119413     0.00534926
 72    -0.00171582    -0.00059977     0.00127694     0.00284419     0.00630919     0.00558690
 73    -0.00053929    -0.04028423     0.04475466    -0.00003620    -0.00152707     0.00117752
 74    -0.00115853     0.00586199    -0.00286326     0.00009324     0.00076443    -0.00065977
 75     0.00502465     0.03784298    -0.04369753     0.00001562     0.00063106    -0.00049752
 76     0.01259253     0.01723780    -0.00644710     0.00332479     0.00073465     0.00394747
 77     0.00973489     0.00929548     0.02055143    -0.00237867    -0.00066944    -0.00258256
 78    -0.01852614    -0.02193244    -0.01211152    -0.00140625    -0.00052715    -0.00155246
 79     0.00071386    -0.00280820     0.01037631     0.00201149    -0.00304376    -0.00049695
 80     0.00431281    -0.00262586    -0.00117337    -0.00088311     0.00159761     0.00006062
 81     0.00075119    -0.00306608    -0.00503355    -0.00119588     0.00141923     0.00014615
 82    -0.01446970     0.00290004     0.00505772     0.00333954    -0.00273128     0.00046673
 83     0.00325136    -0.00394245    -0.00141193    -0.00207569     0.00191946    -0.00017989
 84     0.00744744    -0.00329697    -0.00299041    -0.00145571     0.00134066    -0.00046016
 85    -0.00997278     0.01311566    -0.01384192    -0.00031627    -0.00424150     0.00382519
 86     0.00636218    -0.00794507     0.01460979     0.00054495     0.00293155    -0.00245913
 87     0.00706943    -0.00852792     0.00164420    -0.00013408     0.00227152    -0.00159899
 88    -0.02092482    -0.00690000    -0.00882259    -0.00637720     0.00496445    -0.00032537
 89     0.02479104     0.00568976     0.01573884     0.00285610    -0.00175832     0.00051731
 90    -0.00340208     0.00060265    -0.00737126     0.00442430    -0.00371121     0.00059788
 91     0.00561096     0.00046209     0.00961799    -0.00434669     0.00283464     0.00217213
 92    -0.00009294     0.00779222     0.00345777     0.00272076    -0.00187808    -0.00087489
 93    -0.00550331    -0.00684754    -0.01279094     0.00181679    -0.00160520    -0.00125328
 94    -0.03875833    -0.00579648     0.02462318     0.00165750    -0.00116070     0.00109765
 95     0.02999576    -0.00737042    -0.01626698    -0.00087582     0.00062172    -0.00071852
 96     0.00552625     0.01495644    -0.00792628    -0.00093503     0.00052886    -0.00051448
 97    -0.03202560    -0.00821558     0.00723877     0.01185564    -0.00415637    -0.00297238
 98     0.01232920     0.00365430     0.00282992    -0.00421783     0.00099931     0.00096546
 99     0.01458227     0.00133294     0.00460468    -0.00732946     0.00206429    -0.00000260
100     0.00820311    -0.00989006     0.00684009    -0.00991067    -0.00055684     0.00643960
101    -0.00491798     0.00533769    -0.00212905     0.00397674     0.00096790    -0.00392411
102    -0.00744514    -0.00108728    -0.00034783     0.00340852     0.00018449    -0.00204248
103     0.00140086     0.00160750    -0.00528237    -0.00525831    -0.00389144    -0.00017136
104     0.00099839    -0.00275373     0.00470041     0.00260574     0.00211971    -0.00048231
105    -0.00111099     0.00051878     0.00169139     0.00372318     0.00223038     0.00037162
106     0.00127763     0.00119933    -0.01204215    -0.00059104    -0.00196137     0.00405633
107     0.00022219    -0.00200404    -0.00372620     0.00029729     0.00140466    -0.00210169
108     0.00122559     0.00438031     0.00660130     0.00014627     0.00080742    -0.00158212
109     0.00731120    -0.02548549    -0.01373863     0.00419306    -0.00104111     0.00288222
110    -0.00641871     0.01701407     0.00999233    -0.00190485     0.00019118    -0.00152684
111     0.00118428     0.00675816     0.00394269    -0.00290315     0.00082662    -0.00196617
112    -0.00802496     0.00921276    -0.01172009     0.00347517     0.00497430     0.00265683
113     0.00264564    -0.00542076     0.02627317    -0.00180060    -0.00306042    -0.00090417
114     0.00540822    -0.00151544    -0.01019175    -0.00119228    -0.00237428    -0.00150762
115    -0.00198583    -0.01941972    -0.00220064     0.00763691     0.00435284     0.00726704
116    -0.00966481    -0.00275206     0.00516684    -0.00299858    -0.00279195    -0.00460868
117     0.00715285     0.02119412    -0.00553014    -0.00323791    -0.00251788    -0.00240760
118    -0.01158173     0.00868773     0.00943916    -0.00066356    -0.00265898     0.00082654
119     0.00709838    -0.00335369    -0.01232675     0.00035726     0.00146945    -0.00027893
120     0.00716618    -0.00485133     0.00271020     0.00017818     0.00131625    -0.00045512
121     0.00873256     0.00622234    -0.00707224    -0.00390808    -0.00389686     0.00241826
122    -0.00297873     0.00045058     0.00789841     0.00150783     0.00184057    -0.00079614
123    -0.00314837    -0.00581162     0.00260575     0.00164268     0.00140434    -0.00120887
124     0.01308479     0.02182163    -0.01168155     0.00012326    -0.00236003     0.00105757
125    -0.00075589     0.00228538     0.00234424    -0.00002826     0.00102454    -0.00057500
126    -0.01250565    -0.02370509     0.00809159    -0.00015694     0.00143155    -0.00068218
127     0.02003435     0.03067404    -0.01772448     0.00182389    -0.00141768    -0.00202103
128    -0.01677258    -0.00933248    -0.00485603    -0.00082714     0.00087531     0.00104725
129    -0.00018572    -0.01744476     0.02134957    -0.00080349     0.00055675     0.00105434
130    -0.00366986     0.00155042     0.00313005     0.00488495    -0.00052648    -0.00163067
131    -0.00223420    -0.00591054    -0.00875850    -0.00227515     0.00056220     0.00101230
132     0.00977722     0.00260206     0.00960199    -0.00222138     0.00035842     0.00045131
133     0.02202250    -0.01312825     0.00283453    -0.01623770     0.01657538    -0.00658047
134    -0.01041466     0.00214454     0.00243113     0.00404642    -0.00766343     0.00404388
135    -0.00794212     0.01088531    -0.00582690     0.00928858    -0.00754337     0.00411098
136     0.00439264     0.01414156    -0.00771250    -0.00152115    -0.00042650     0.00240345
137     0.00534119    -0.00756016     0.00625263     0.00086870     0.00008526    -0.00118175
138    -0.00942110    -0.00930588    -0.00106211     0.00068975     0.00018550    -0.00140114
139    -0.02173132     0.01807413     0.02052076    -0.00041552    -0.00141037     0.00158083
140    -0.00323494    -0.00457294     0.00875720     0.00028069     0.00088333    -0.00087496
141     0.02409409    -0.01590841    -0.01824001     0.00027389     0.00061474    -0.00078497
142     0.00968924     0.00250699     0.00888470    -0.00159784    -0.00267741    -0.00555415
143    -0.00148233     0.00010052     0.01003384     0.00081265     0.00083963     0.00230975
144    -0.00757961    -0.00251748    -0.01650077     0.00149485     0.00180591     0.00362239
145    -0.01372189    -0.00319709     0.02224254     0.00365946    -0.00201580    -0.00209430
146     0.01514293     0.01023841    -0.01749518    -0.00191122     0.00146391     0.00108774
147    -0.00154509    -0.00765316    -0.00945338    -0.00143632     0.00084610     0.00106445
148    -0.01917119    -0.04408225    -0.02694953    -0.00032974     0.01056247    -0.00713712
149     0.00013610     0.00484535    -0.00955088    -0.00101552    -0.00446464     0.00410874
150     0.01963486     0.03516416     0.03769476    -0.00040813    -0.00546492     0.00226993
151    -0.01885475     0.01298064     0.02146737     0.00774357     0.00523252    -0.00047797
152     0.00634443     0.00193687    -0.00040705    -0.00280689    -0.00181013    -0.00003779
153     0.00675290    -0.00960185    -0.01932610    -0.00419952    -0.00204327     0.00096215
154    -0.00012538     0.01113203     0.01375996     0.00199450    -0.00002679    -0.00960256
155    -0.00161132    -0.00758902    -0.01032841    -0.00034355     0.00025652     0.00372833
156     0.00140211    -0.00416339    -0.00030410    -0.00170964     0.00096791     0.00504322
157    -0.00812517     0.01130824    -0.01082061     0.00142111    -0.00286360     0.00055666
158    -0.01003932    -0.02121170     0.00079292    -0.00051320     0.00123235    -0.00026470
159     0.01166167     0.01244510     0.00698769    -0.00079574     0.00131053    -0.00040415
160     0.00047276    -0.01549644     0.00657163     0.00055718    -0.00201836     0.00051307
161     0.00073845     0.01159312    -0.00448771    -0.00021942     0.00084474    -0.00021179
162    -0.00430876     0.00234788     0.00025030    -0.00021462     0.00108023    -0.00034458
163     0.01585967     0.00700972     0.00111359    -0.00070215    -0.00334792    -0.00006147
164    -0.00357762     0.00131086    -0.00449563     0.00055079     0.00172716     0.00015437
165    -0.01682007    -0.00752117     0.00059637     0.00019646     0.00191362     0.00013179
166     0.00838060     0.02043699     0.00725043    -0.00091941    -0.00044356     0.00353194
167    -0.01262931    -0.01417548    -0.01060267     0.00025012     0.00010720    -0.00172165
168     0.00533967    -0.00097795     0.00637479     0.00044945     0.00048924    -0.00194493
169    -0.00335566     0.01208046     0.00822368    -0.00195417    -0.00314588     0.00071882
170     0.00322803    -0.00056297    -0.00601383     0.00070438     0.00140417    -0.00035606
171    -0.00162343    -0.01091707    -0.00154347     0.00105565     0.00178952    -0.00013838
172    -0.00508240     0.02006659    -0.00534676     0.00274856    -0.00388999    -0.00229862
173     0.00389263    -0.01269251     0.00511145    -0.00104599     0.00162904     0.00124828
174     0.00366582    -0.00738941    -0.00678679    -0.00115315     0.00179922     0.00074002
175    -0.00571075    -0.02503608    -0.00347443    -0.00408974     0.00330202    -0.01075020
176     0.00482742     0.02043616     0.00529502     0.00218371    -0.00316765     0.00522028
177     0.00204438     0.00376432    -0.00200836     0.00080574    -0.00116751     0.00577488
178     0.01238006     0.00905916    -0.01241941    -0.01465990    -0.00403706    -0.00096950
179    -0.00538071     0.00160207    -0.00706693     0.00823933     0.00009527     0.00128058
180    -0.00598076    -0.00513230     0.01455588     0.00670670     0.00152051    -0.00140101
181    -0.00810440    -0.00129185     0.01574304     0.00089712    -0.00461349     0.00181775
182    -0.00044283     0.00516789    -0.01220587    -0.00052081     0.00314502    -0.00095445
183     0.00996642    -0.00366056    -0.00583410    -0.00063949     0.00201903    -0.00066383
184     0.00348428     0.00269992     0.00147809    -0.00397020    -0.00066196     0.00209942
185    -0.00256328    -0.00143552    -0.00129494     0.00181960     0.00004648    -0.00091437
186     0.00143616    -0.00043021     0.00387907     0.00202895     0.00047417    -0.00075846
187    -0.01476143    -0.02139883    -0.00773911     0.01154956    -0.00292934     0.00727882
188     0.00428203     0.02042605     0.00543072    -0.00576149    -0.00027398    -0.00392328
189     0.00970556    -0.00223734    -0.00242818    -0.00526041     0.00257250    -0.00525808
190    -0.02060474     0.01649288     0.01503729     0.00030557    -0.00463454    -0.00108577
191     0.00809506    -0.00408597    -0.01288141    -0.00015388     0.00303275     0.00040265
192     0.01702000    -0.01185988     0.00028789    -0.00031766     0.00198650     0.00034476
193     0.00107173    -0.01197163     0.00800759     0.00213203    -0.00142937     0.00229716
194     0.00916753     0.02158983    -0.01128772    -0.00137165     0.00068476    -0.00126152
195    -0.00371535    -0.01113173     0.00808809    -0.00112243     0.00100546    -0.00133765
196    -0.01022654     0.00873547     0.00603568     0.00099304    -0.00334111    -0.00479196
197     0.01850135    -0.00837469     0.00002277    -0.00004966     0.00170945     0.00279134
198    -0.01096841    -0.00049458    -0.00341924    -0.00107745     0.00216489     0.00297387
199     0.01827116    -0.00716366    -0.00729176    -0.00253776     0.00473412     0.00355416
200    -0.00795561     0.00620645     0.00304854     0.00078617    -0.00260390    -0.00169710
201    -0.01054837    -0.00115849     0.00479405     0.00200252    -0.00322166    -0.00255574
202     0.01062934     0.01858118     0.01163099     0.00163504    -0.00027920     0.00373643
203    -0.00755588    -0.01390329     0.00737204    -0.00112362    -0.00003849    -0.00199980
204    -0.00305738    -0.00891784    -0.01451282    -0.00086290     0.00040157    -0.00227429
205     0.00898280     0.00571659     0.02057103     0.00051458    -0.00189673     0.00177594
206    -0.00759650    -0.00072767    -0.01722338    -0.00025784     0.00077036    -0.00086541
207    -0.00704239    -0.00908934     0.00113746    -0.00012895     0.00090646    -0.00079491
208    -0.00420471     0.03153323    -0.00003660     0.00445353    -0.00132660     0.00045866
209    -0.00281588    -0.03067127    -0.00285571    -0.00197924     0.00088669    -0.00016590
210     0.00597326    -0.00089811     0.00020421    -0.00275242     0.00080517    -0.00060031
211     0.00335886    -0.01620928     0.00206611     0.00051206    -0.00109278     0.00181365
212     0.00021100    -0.00145141     0.00760122    -0.00036824     0.00054409    -0.00102794
213    -0.00236988     0.00957435    -0.00502949    -0.00024758     0.00046234    -0.00075352
214     0.01153768     0.00073990    -0.00075456    -0.00222370    -0.00371663    -0.00079208
215    -0.00125654    -0.00078177     0.00238376     0.00100829     0.00200735     0.00070588
216    -0.00755545     0.00263577     0.00157230     0.00158866     0.00204763     0.00043798
217     0.01251110    -0.04220690     0.01743560     0.00162767    -0.00268392     0.00259186
218    -0.03178618     0.03273889    -0.00681335    -0.00088090     0.00162528    -0.00175988
219     0.01605535     0.01501581    -0.01697700    -0.00052540     0.00117983    -0.00112242
220    -0.00095569     0.03318987     0.04460535     0.00557035    -0.00706726    -0.00079914
221    -0.00585242    -0.02475971    -0.01780687    -0.00411296     0.00354205     0.00036307
222     0.00464508    -0.00162938    -0.02046453    -0.00224621     0.00296772     0.00100033
223    -0.00773430    -0.00292409    -0.01230675     0.00112012     0.00605949     0.01181501
224    -0.00067350     0.00383228    -0.00769883    -0.00009935    -0.00162298    -0.00444941
225     0.01229973     0.00716154     0.01535745     0.00120584    -0.00389190    -0.00694361
226     0.00306691    -0.00669671     0.00320763    -0.00003442    -0.00123202     0.00225182
227    -0.01501605     0.00194530    -0.00082047    -0.00010730     0.00059741    -0.00104906
228     0.00807937     0.00086607    -0.00096490     0.00008167     0.00062040    -0.00097062
