 Number of water molecules:
          76

 Atomic and electronic energies:
    -1.12108965    -0.07348388

 Atomic coordinates:
  1    -3.63393493    12.45801423     7.21442960
  2    -3.49899169    10.56657951     7.85006054
  3    -4.95865860    12.48427249     5.81767155
  4     0.01549576     4.24004622    12.35641703
  5     0.37289895     4.30836995    14.20297757
  6     1.66370899     4.37276596    11.47811162
  7   -11.32560092    -1.30926844     5.80502441
  8   -10.95927536    -0.82778122     7.65086548
  9   -12.15345494     0.18577672     4.91205700
 10     7.39464478     6.73348554    -8.84129076
 11     8.93233540     5.59591941    -8.98168688
 12     5.88944950     5.70182048    -8.47702874
 13     4.16838223    -6.11757632   -13.73652227
 14     3.09414261    -4.59075107   -13.29520629
 15     3.30270842    -6.89278075   -15.21283736
 16    -4.41640236     6.96654696     0.76679067
 17    -3.96256139     6.78790862    -1.08505667
 18    -5.61716420     5.52711645     1.00960135
 19     4.99766505    -1.18095805    11.62679666
 20     6.40916916    -1.41184131    10.42755306
 21     4.30953974     0.56010344    11.44570770
 22     2.58549060    11.52176597    -3.32972299
 23     2.42697002    10.01430952    -2.33007423
 24     4.36362003    11.54055435    -4.03934515
 25     1.80991621     1.46323670    -8.63762128
 26     3.30138435     2.15495613    -7.51254119
 27     0.35883140     1.57787062    -7.49124973
 28     0.07752796     0.97687547     0.88941394
 29    -1.33373841    -0.26376938     0.64277885
 30    -0.26836185     2.56601834    -0.10688272
 31    -0.39965052    -4.34060919    -3.52881158
 32     1.35702756    -3.56891228    -3.38916712
 33    -1.38141316    -2.97062812    -4.44919665
 34     1.61519102     1.11614476     5.77343232
 35     1.14083471     1.19390024     3.90626173
 36     0.07132644     0.53554630     6.75732077
 37    -4.29714052    -2.15262573     0.40603867
 38    -6.18562647    -2.40708529     0.93435955
 39    -4.05360338    -2.50047849    -1.45584688
 40     0.79755622    12.98049982     4.35163078
 41    -0.65439610    13.47591511     5.52855365
 42     0.44205311    11.08634453     4.18711739
 43    -6.46534496     0.39543489     5.19511019
 44    -8.13137661    -0.31328798     5.92064300
 45    -5.01117444    -0.16765970     6.32963342
 46   -14.96173312    -1.33183313    -0.68967722
 47   -15.14743778    -3.02826744     0.21873700
 48   -13.58821542    -1.49996483    -2.08885625
 49    -6.32701412     2.27536663    -9.15613276
 50    -7.66414504     2.68257310    -7.79677696
 51    -5.29388636     3.92142797    -9.58092919
 52    -4.75327364    -8.50015690     5.88321503
 53    -5.08102125    -9.39335229     4.17167601
 54    -3.82966650    -6.85786325     5.31889880
 55    -4.25938922    -5.39747708    -8.69474565
 56    -3.79719325    -4.07988246    -9.89185979
 57    -2.62135528    -6.16238182    -8.18757630
 58     8.31515330    -6.24737674     2.09111660
 59     9.73299729    -6.21081889     3.39556271
 60     6.75640281    -5.54040724     2.95339040
 61    13.10092666    -1.23136785     2.80757874
 62    11.80166660     0.15648453     3.14546289
 63    12.96405022    -1.86614774     1.00616545
 64    -2.88603127     7.47773841     8.20089703
 65    -1.61169565     6.94654580     9.56698369
 66    -4.14315423     6.04109935     8.20854574
 67     2.87493158     9.62134408    -9.86279594
 68     4.51954491     8.88376451    -9.35209573
 69     2.15843363     8.34969895   -11.12098067
 70    -3.10133366    -0.42065500    -5.73252838
 71    -2.62761112     1.08820385    -4.66876809
 72    -4.35849412     0.16045398    -7.08158280
 73    -0.86399655   -11.49979101     9.82015927
 74    -2.30631766   -10.34892352     9.99327834
 75    -1.41733895   -13.17225304    10.35057643
 76     8.17446672     5.72635629     6.39714414
 77     6.99241963     6.40905793     5.12528713
 78     9.56759710     7.02636029     6.44428582
 79     7.96662204    -7.81837436    -5.81696011
 80     6.72157083    -8.06813156    -4.33806001
 81     9.55549879    -7.02652697    -5.10201899
 82     9.08512807    -3.61434032    -2.07709769
 83     7.31619266    -3.28365996    -2.78911974
 84     8.71693086    -4.57688977    -0.38057091
 85    -1.78774539    -4.39823088     4.06589126
 86    -2.62784285    -3.27265658     2.70739313
 87    -0.63228799    -5.57525652     3.00997345
 88    -8.61821254     8.46094356    -3.17271965
 89    -9.02130039     6.70861280    -3.77578353
 90    -6.81424680     8.95174390    -3.70493652
 91   -11.18847064     8.47113437     1.42636682
 92   -10.62118996     9.04110098    -0.33237309
 93   -10.02986336     9.44598391     2.62186137
 94    11.87300216    -5.29140660     6.13826679
 95    10.62239085    -4.49551225     7.32539516
 96    12.75006025    -3.86732436     5.20108354
 97     5.76727836     2.64698064    -5.87847371
 98     7.60648022     2.49014248    -6.35179871
 99     5.76920700     3.34828774    -4.10371165
100    -7.70366095     2.86695198     0.89298883
101    -6.63061410     1.78365323     2.07460897
102    -9.35006876     3.13688413     1.92034398
103   -10.22402049    -1.83088740    -3.08679306
104    -9.65446298    -2.09561697    -1.25766239
105    -9.99610795     0.01414864    -3.56724785
106    -2.39925049    -1.29594251     7.98765033
107    -1.90582182    -2.66983965     6.72594112
108    -2.42616862    -2.14856163     9.76252050
109     8.80924043     1.72304963     3.17330894
110     8.64001198     3.04973028     4.54043758
111     7.37101178     2.06072016     1.92788674
112     5.25965778    12.24164843     1.76707516
113     4.45895835    12.67495111     0.08436299
114     3.98088206    12.57452827     3.11572293
115     4.91492897     7.23160447     2.64822383
116     2.99418380     7.30850192     2.85107591
117     5.48854630     9.01390428     1.98923780
118    -5.01660578   -10.84599551     1.33664371
119    -4.50952376   -10.40844875    -0.47390141
120    -3.50593940   -11.63343448     2.14554298
121    -8.91472924    -3.41458851     1.64076960
122    -9.10620135    -5.33424205     1.34009038
123    -9.76085205    -2.90017308     3.27116946
124    -0.06295305   -11.36070182     3.43833172
125    -0.35121227   -11.03312673     5.33177419
126     0.45834901    -9.56845168     2.83798714
127     9.18588590    -5.00678621   -13.34189235
128     7.32869490    -5.77558827   -13.41867228
129    10.45081080    -6.31548739   -13.98477920
130    10.62775036     2.80688951    -7.95470938
131    10.72914433     1.22228499    -9.07186139
132    11.37667512     2.30959742    -6.26855852
133    -3.51103805     8.05382128    -4.31073244
134    -2.73616964     9.57789634    -5.26102664
135    -2.08126010     6.74659630    -4.17738939
136    -9.74203161     1.63400941     9.74024039
137   -10.49729379     3.34525020     9.95958541
138    -7.85364299     1.82677150    10.16844067
139    -5.08390865    -8.12192077    10.84670046
140    -5.12579582    -8.49509201     8.92101174
141    -6.65634323    -7.20897719    11.34395603
142    -3.89902920    -0.92677038   -12.52050501
143    -5.25913932    -1.40942143   -13.79320650
144    -4.79453645     0.47406459   -11.48103212
145     9.44320651    -2.02310623    -9.50102610
146     7.83781069    -2.71384729    -8.68657037
147     9.70972350    -3.04299809   -11.14737520
148    -0.88761844    11.47297628    -7.09246779
149     0.51188456    10.77418192    -8.26483380
150     0.13436177    12.31459695    -5.70428452
151     7.24956215     9.38799317    -4.35010319
152     9.07581154     9.43286281    -3.82197574
153     7.31236303     8.54350510    -6.08891828
154     1.02948715     5.12439322   -12.18110887
155     0.97711024     4.00874349   -13.73502056
156     1.54090574     3.86198400   -10.77103656
157     5.23424693    -8.78809071    -1.47659164
158     4.88059606   -10.53822308    -0.72349010
159     6.44661612    -7.92396840    -0.27850402
160     3.75343842   -13.14979409     1.00306711
161     3.73126601   -15.02919261     0.79413594
162     2.19585468   -12.72514791     2.09563487
163    -4.32457302    -9.74909445    -3.48123365
164    -5.61175256    -8.54518997    -4.27252791
165    -2.72702002    -9.49095221    -4.53675498
166    -4.75964075     2.79807490    10.65287667
167    -3.51136415     3.88048413    11.63476816
168    -3.54881569     1.50608766     9.90050033
169    -9.23665170    -8.06094415     0.08837594
170    -7.92840805    -9.29928896     0.72719351
171    -8.81189876    -7.65396116    -1.69205921
172     4.96309945    -4.70494100    -8.37724014
173     4.58190766    -5.30975904   -10.14793938
174     6.24902034    -5.97856784    -7.80220759
175    -3.62354102     6.49870563    -9.88780754
176    -3.18875334     8.17064725    -9.10116988
177    -2.25923820     6.15545718   -11.16402873
178    -8.09921794     3.10706771    -4.17060879
179    -6.33804642     3.72388919    -4.66693406
180    -8.01625188     2.82009455    -2.17491677
181     0.98998456    -6.95780559     0.80937756
182     0.29608280    -5.83584887    -0.56439335
183     2.61415700    -7.76120515     0.05712171
184   -12.46820771     2.74354293     2.61761829
185   -12.65819517     4.65213505     2.44508389
186   -13.74479447     1.89153404     1.53445559
187     5.08250260     2.92875801    -0.54010653
188     4.95118590     4.49722452     0.49046096
189     3.64254210     1.84186854     0.03393539
190     0.43842841    -9.01453794    -5.52721111
191     0.30107314    -7.24615811    -4.75621636
192     2.18793095    -9.68029712    -5.19704900
193     8.15666643    -1.55812994     7.59182734
194     8.71425287    -0.23746171     6.32660835
195     6.80599775    -2.57355637     6.63661606
196     1.08114678    -2.05026390   -12.38612250
197    -0.79620741    -1.56884287   -12.36759892
198     1.82286074    -0.94204413   -11.08544053
199    -6.06713977    11.80158536     2.51559231
200    -5.95587319    12.94990474     1.07137253
201    -5.52706821    10.08499777     1.82837130
202     4.43710081     3.85810113     9.62616982
203     6.06183861     4.52713695     8.86867450
204     3.44881490     3.42397886     8.09056453
205     2.03698445    -7.62427317     8.00842645
206     2.67625653    -6.82227193     9.64084542
207     0.94362118    -9.04921081     8.65409767
208    10.64766024     1.14686342    -2.65066705
209    10.16041109    -0.73501150    -2.64886663
210    10.38014870     1.91134374    -0.89948232
211     2.68985397    -5.53603102    12.81004972
212     3.75867472    -4.04841518    12.21328582
213     3.61839419    -6.27133041    14.25502142
214    -7.88325615    -5.92835621    -4.66913552
215    -6.66544580    -5.40066655    -6.10570087
216    -9.02982609    -4.42015606    -4.29994255
217     4.35247886    -4.20075936     5.09658909
218     3.03631325    -2.82982530     5.05118661
219     3.32461592    -5.66606908     5.93301843
220     4.39721166    -2.22217216    -4.13287113
221     4.88271225    -0.40512981    -4.46533567
222     4.22838683    -2.90473403    -5.88886468
223    -0.05734781     8.06485498     3.25891661
224    -0.79153060     7.43926872     4.93708076
225    -1.50273215     7.94306692     1.94453046
226    -2.22797368    -3.89830718    12.31745557
227    -0.46541705    -4.56782198    12.53235568
228    -3.39463686    -5.33953814    11.97289630

 Atomic and electronic forces:
  1     0.00180287    -0.03552501     0.01031186    -0.00084581     0.00261017     0.00320963
  2    -0.00357901     0.03828379    -0.01533103     0.00045898    -0.00116655    -0.00195007
  3     0.00392665    -0.00217021     0.00161730     0.00072802    -0.00152628    -0.00161952
  4    -0.02966740     0.00684116     0.00098872     0.00020237     0.00005754     0.00328529
  5     0.00229546    -0.00137010     0.00945613    -0.00009943    -0.00002611    -0.00131810
  6     0.02675265    -0.00197352    -0.01213883    -0.00031408    -0.00004684    -0.00177939
  7     0.00400038    -0.00679325     0.00660745    -0.00261112    -0.00131310     0.00232624
  8    -0.00865398     0.00690024    -0.01153387     0.00107677     0.00050966    -0.00119214
  9     0.00368535    -0.00012232     0.00558679     0.00153700     0.00050603    -0.00114372
 10     0.00674013     0.03191871    -0.00358112     0.00618634     0.00199886    -0.00401122
 11     0.00024239    -0.00776571     0.00144733    -0.00269491    -0.00041970     0.00151253
 12    -0.00825307    -0.02258029     0.00353321    -0.00420046    -0.00100006     0.00308208
 13     0.00542564     0.00383920     0.01077038     0.00117336    -0.00228207    -0.00233223
 14    -0.00460737     0.00757882     0.00111584    -0.00065620     0.00136530     0.00157277
 15    -0.00338940    -0.00781717    -0.00898046    -0.00038712     0.00097341     0.00105700
 16     0.01867990     0.00142171    -0.01346968    -0.01067022     0.00979410     0.01233327
 17    -0.00419669     0.01671354     0.00073565     0.00726990    -0.00738143    -0.00532384
 18    -0.01979492    -0.01111330     0.01280842     0.00575715    -0.00227232    -0.00542500
 19    -0.02113565    -0.01897478     0.02676483     0.00100306    -0.00086886     0.00251203
 20     0.02255939     0.00386706    -0.02190899    -0.00066783     0.00048962    -0.00124478
 21     0.00133743     0.01502784    -0.00633978    -0.00052044     0.00033912    -0.00145630
 22     0.00161575     0.03715490    -0.01801461     0.00461392     0.01062507    -0.00011465
 23    -0.00127141    -0.03359835     0.02347702    -0.00349881    -0.00668365    -0.00101832
 24     0.00330038    -0.00385402    -0.00017081    -0.00263796    -0.00389810     0.00037348
 25     0.03682925     0.02417109     0.01252604     0.00812529    -0.00726711    -0.01468808
 26    -0.00995393    -0.01855176    -0.02314876    -0.00617352     0.00271445     0.00577186
 27    -0.02570640    -0.00780424     0.00857630    -0.00333248     0.00558302     0.00939543
 28     0.01707050     0.01734942    -0.00593882     0.00526063    -0.01327030     0.01846687
 29    -0.01365125    -0.00602920    -0.00009763     0.00021306     0.00683067    -0.00663779
 30    -0.00491648    -0.00870098     0.00653090    -0.00298312     0.00525584    -0.01152502
 31     0.00703146     0.01309224     0.00298784     0.00092808    -0.01146901    -0.00019594
 32     0.00684541    -0.00460426    -0.00028443    -0.00191239     0.00590196    -0.00002413
 33    -0.00939378    -0.00471488    -0.00570114     0.00033683     0.00743698     0.00116319
 34     0.00691967     0.00713936    -0.00231166     0.00214671    -0.00242496     0.00745218
 35    -0.00410647    -0.00372117     0.00534392    -0.00157705     0.00211449    -0.00526430
 36    -0.00136685    -0.00313006    -0.00158189    -0.00035923     0.00114557    -0.00330681
 37     0.00483284     0.01437392    -0.00056887    -0.00517483    -0.00997003     0.00631789
 38     0.01767716    -0.00450356    -0.01056401     0.00261723     0.00325947    -0.00224787
 39    -0.01418304    -0.00775894     0.00335505     0.00280002     0.00620083    -0.00188332
 40    -0.01453748    -0.01445762     0.01224922     0.00075662     0.00425655     0.00361884
 41     0.00644829     0.00913830    -0.00286043    -0.00003146    -0.00176476    -0.00163577
 42     0.00889517     0.00603431    -0.00882286    -0.00044191    -0.00253797    -0.00267480
 43    -0.00127920    -0.00183701     0.00419554    -0.00355354    -0.00229288     0.00557684
 44     0.01717659     0.00643553    -0.00713474     0.00151174     0.00089403    -0.00197372
 45    -0.00727714    -0.00186028    -0.00012844     0.00114139     0.00117638    -0.00276990
 46     0.01751193    -0.01024098    -0.00918442    -0.00328416    -0.00121927     0.00063805
 47     0.00466656     0.01595415    -0.01261633     0.00137915     0.00067262    -0.00035302
 48    -0.02023894    -0.00411223     0.02421550     0.00199467     0.00084893    -0.00020829
 49     0.01407677     0.01622994     0.00687509    -0.00830940    -0.00244763    -0.00909718
 50     0.01073655     0.00077711    -0.01668781     0.00501040     0.00084573     0.00335683
 51    -0.02355991    -0.01581492     0.00937629     0.00385690    -0.00015528     0.00556389
 52     0.01364895     0.01851666    -0.02801934    -0.00074456    -0.00249654     0.00186106
 53    -0.00310970     0.00198963     0.01609625     0.00041488     0.00137182    -0.00077862
 54    -0.01027953    -0.01752595     0.01157352     0.00040134     0.00156057    -0.00125835
 55    -0.01074325    -0.01412354     0.02227871    -0.00183644    -0.00535920    -0.00303173
 56     0.00139959     0.02663777    -0.02628354     0.00091910     0.00268560     0.00216195
 57     0.00869787    -0.01230455     0.00560361     0.00044485     0.00286105     0.00135179
 58    -0.00282943     0.00159084    -0.00463471     0.00229858    -0.00252125     0.00134754
 59    -0.00153771    -0.00200780     0.00145599    -0.00101785     0.00096722    -0.00064175
 60    -0.00112657     0.00068996     0.00995390    -0.00120186     0.00147263    -0.00097846
 61    -0.00143788    -0.00181328     0.00152765     0.00267283    -0.00099883     0.00117233
 62     0.00256591    -0.00917274    -0.00958644    -0.00159400     0.00048503    -0.00081148
 63    -0.00275095     0.00745848     0.00809267    -0.00145778     0.00061606    -0.00045793
 64     0.01711898    -0.01514462     0.01304969    -0.00088072     0.00159039     0.00510128
 65    -0.00853816     0.00993810    -0.01059126     0.00012266    -0.00053045    -0.00226127
 66    -0.00629475     0.00106875    -0.00219100     0.00073151    -0.00048899    -0.00261648
 67    -0.02185427    -0.00907094    -0.00680402     0.00355845     0.00560464    -0.00627332
 68     0.02359037     0.00020685     0.00274507    -0.00258431    -0.00239911     0.00287115
 69     0.00049535     0.00527897    -0.00030493    -0.00144700    -0.00217513     0.00374138
 70     0.00623413     0.01369269     0.00504625    -0.00879686    -0.01984967    -0.01056379
 71    -0.00739011    -0.00729000    -0.00590596     0.00564728     0.01103036     0.00495772
 72     0.00212897    -0.00440154     0.00379173     0.00467121     0.00554540     0.00530987
 73     0.03251345     0.01087200    -0.01789534     0.00001521    -0.00150478     0.00128555
 74    -0.02726257     0.01971827     0.00816759     0.00006973     0.00077591    -0.00072571
 75    -0.00813165    -0.02783548     0.00967027     0.00001548     0.00066350    -0.00053217
 76     0.02294262    -0.00476753     0.01562552     0.00304173     0.00056033     0.00324814
 77    -0.02725320     0.00966276    -0.02290998    -0.00195030    -0.00057847    -0.00208105
 78     0.00235870    -0.00386388     0.00641407    -0.00136156    -0.00038733    -0.00126970
 79    -0.00636828     0.00215531     0.00792714     0.00215810    -0.00282996    -0.00057699
 80     0.01390441    -0.00187945    -0.00741614    -0.00107475     0.00166781     0.00012892
 81    -0.00529687    -0.00258483     0.00106496    -0.00119537     0.00124468     0.00019133
 82    -0.02081281    -0.00902211     0.02036802     0.00397320    -0.00299570     0.00051754
 83     0.00657727    -0.00064330    -0.00179965    -0.00248673     0.00216718    -0.00018279
 84     0.01419366     0.00946803    -0.02176914    -0.00168588     0.00148428    -0.00052004
 85     0.00639820    -0.00291453    -0.01170277    -0.00041192    -0.00476666     0.00425737
 86    -0.00404964    -0.00869583     0.00936094     0.00070106     0.00330071    -0.00279546
 87    -0.00492540     0.00624682     0.00841426    -0.00011656     0.00255938    -0.00172277
 88     0.01181079     0.01659445     0.00156232    -0.00829988     0.00523556     0.00022807
 89     0.00149498    -0.00427996    -0.00351935     0.00504223    -0.00193197     0.00023285
 90    -0.01661076    -0.01132959     0.00142708     0.00459152    -0.00415983     0.00027450
 91     0.01586613     0.01146351     0.00447311    -0.00451677     0.00207681     0.00211211
 92    -0.00409319    -0.00902905     0.00351091     0.00263792    -0.00144666    -0.00082740
 93    -0.01135872    -0.00747221    -0.00609348     0.00201387    -0.00125297    -0.00131976
 94    -0.00178336    -0.00287520    -0.00774837     0.00165919    -0.00119855     0.00122626
 95    -0.00032698     0.00513926     0.00320867    -0.00082585     0.00060442    -0.00076022
 96     0.00078363     0.00070833     0.00027394    -0.00096423     0.00055296    -0.00060152
 97    -0.01961209     0.00095801     0.00416626     0.01330674    -0.00289853    -0.00472000
 98     0.01398488    -0.00156486    -0.00657716    -0.00438273     0.00082140     0.00147972
 99     0.00352145     0.00001587     0.01014481    -0.00762606     0.00090109     0.00074768
100     0.00282520     0.00671051    -0.00014016    -0.01045682    -0.00140350     0.00672815
101    -0.00552244    -0.00367633     0.00640273     0.00415563     0.00152191    -0.00405189
102     0.00727206    -0.00590508    -0.01156619     0.00347153     0.00027073    -0.00220830
103    -0.00347379     0.00841603    -0.00265667    -0.00589770    -0.00366402     0.00019789
104    -0.00306509     0.00165383    -0.00167659     0.00288023     0.00200010    -0.00072016
105     0.00213287    -0.00426890     0.00390564     0.00394310     0.00168044     0.00007570
106    -0.00147764     0.00718895     0.01894687    -0.00055965    -0.00214540     0.00461073
107    -0.00290951    -0.00586200    -0.00092384     0.00019808     0.00152628    -0.00231691
108     0.00297559     0.00196165    -0.01456172     0.00018820     0.00081390    -0.00174544
109    -0.00630339    -0.00252600    -0.00941999     0.00458293    -0.00110015     0.00304661
110     0.00049729     0.00775916     0.00496665    -0.00202281     0.00021554    -0.00165778
111     0.00813847    -0.00369861     0.00423409    -0.00327783     0.00079751    -0.00205853
112     0.01461827    -0.01232609    -0.02104443     0.00327763     0.00443618     0.00274448
113     0.00042877     0.00475720     0.00696148    -0.00173466    -0.00286738    -0.00111835
114    -0.01686422     0.01102221     0.01039202    -0.00120064    -0.00214772    -0.00161204
115     0.01239225     0.01029643    -0.01641941     0.00654886     0.00352385     0.00673082
116     0.00108602     0.00958426     0.00338781    -0.00292382    -0.00246256    -0.00467992
117    -0.01250565    -0.02072642     0.01452637    -0.00283166    -0.00219729    -0.00237565
118    -0.01349303     0.00937431     0.00741927    -0.00078562    -0.00293078     0.00093825
119    -0.00064863    -0.00370268    -0.00743053     0.00041513     0.00172710    -0.00035173
120     0.01598715    -0.00858357     0.00094810     0.00021568     0.00136733    -0.00048638
121     0.00804334     0.00596218    -0.01454858    -0.00381443    -0.00355092     0.00245423
122    -0.00599557     0.00619931     0.00611077     0.00145241     0.00166815    -0.00085656
123    -0.00862586    -0.00499689     0.00877771     0.00165931     0.00129205    -0.00126981
124    -0.00454929     0.03520251     0.02742223     0.00016853    -0.00263658     0.00117608
125     0.00065853    -0.01383138    -0.01339384    -0.00005379     0.00117557    -0.00068409
126    -0.00520938    -0.01997408    -0.00731983    -0.00018411     0.00165283    -0.00076168
127    -0.02629018    -0.03070907    -0.00982436     0.00174626    -0.00154153    -0.00169935
128     0.04345083     0.01667543    -0.00372478    -0.00079443     0.00092950     0.00095185
129    -0.01675148     0.00914654     0.00460002    -0.00072096     0.00064839     0.00066505
130    -0.00052219    -0.00283221    -0.00609995     0.00479125    -0.00051944    -0.00186906
131    -0.00291691     0.00321884     0.00841614    -0.00203630     0.00049055     0.00098015
132     0.00241405    -0.00280721     0.00350271    -0.00240854     0.00034303     0.00055629
133     0.02640877    -0.01751096     0.00247077    -0.01286009     0.02088654    -0.00465202
134    -0.00474710    -0.00532791     0.00295417     0.00267999    -0.00768808     0.00251302
135    -0.01573142     0.02256080    -0.00806263     0.00500035    -0.01202081     0.00328260
136     0.01335921    -0.00733160     0.00219821    -0.00176873    -0.00045538     0.00264327
137    -0.00379597     0.00606862     0.00165107     0.00088769     0.00004964    -0.00123991
138    -0.00891484     0.00092867    -0.00102442     0.00078472     0.00023707    -0.00154206
139     0.01410863    -0.00670364    -0.00863830    -0.00047750    -0.00141656     0.00167034
140    -0.00633509     0.00823341     0.01105148     0.00028956     0.00087854    -0.00086918
141    -0.00944520     0.00000026    -0.00371501     0.00032133     0.00063454    -0.00083822
142    -0.02538496     0.01633939     0.00516601    -0.00190184    -0.00320401    -0.00598744
143     0.01216247    -0.00319966     0.00348499     0.00090962     0.00114025     0.00222072
144     0.01047741    -0.01418030    -0.00369129     0.00176251     0.00159535     0.00374721
145    -0.00166480     0.00459540     0.00545409     0.00344339    -0.00199010    -0.00199929
146     0.00849097     0.00096748    -0.00893227    -0.00194787     0.00147789     0.00115457
147    -0.00686634     0.00226213     0.00861058    -0.00130973     0.00086165     0.00094337
148     0.00430246    -0.01272120    -0.00507563    -0.00023242     0.00986243    -0.00478064
149    -0.00716170     0.00799156     0.00045183    -0.00078178    -0.00436961     0.00305371
150    -0.00020648     0.00248528     0.00352970    -0.00048863    -0.00488522     0.00137778
151     0.00545028    -0.00678116    -0.01026310     0.00697486     0.00459919    -0.00084806
152    -0.00145234     0.00380366     0.00536270    -0.00277866    -0.00150289     0.00012819
153    -0.00238481     0.00332488     0.00299567    -0.00357734    -0.00196687     0.00117157
154     0.00383082    -0.02074960     0.01295840     0.00208702     0.00131595    -0.00949465
155     0.00003267     0.00804243    -0.00198667    -0.00067696    -0.00003228     0.00363572
156    -0.00535108     0.01165920    -0.01250692    -0.00205877     0.00010116     0.00607403
157    -0.00794893    -0.00094127    -0.00347669     0.00172962    -0.00351553     0.00052950
158     0.00234473    -0.00063522     0.00078642    -0.00060462     0.00148162    -0.00027310
159     0.00801332    -0.00188883     0.00681431    -0.00102725     0.00163358    -0.00042759
160     0.00184971     0.00108238    -0.00287120     0.00063782    -0.00228000     0.00058597
161     0.00148721    -0.00309651    -0.00073230    -0.00024338     0.00097072    -0.00021414
162     0.00482007     0.00193863    -0.00448447    -0.00023273     0.00120120    -0.00039522
163     0.00147303     0.01504105    -0.01333645    -0.00095090    -0.00399407    -0.00002567
164    -0.00024100    -0.00670360     0.00663362     0.00078813     0.00216677     0.00015341
165     0.00000534    -0.00854738     0.00604616     0.00027168     0.00219357     0.00018623
166     0.01850634     0.00285363    -0.00384859    -0.00100375    -0.00029940     0.00369938
167    -0.00679689    -0.00062084     0.00596663     0.00029889     0.00000642    -0.00174907
168    -0.01176993    -0.00642029    -0.00274528     0.00040801     0.00038890    -0.00210320
169    -0.00935089    -0.00236494     0.02187531    -0.00200573    -0.00293669     0.00085474
170     0.00402504    -0.00596157    -0.00164865     0.00076144     0.00146524    -0.00045697
171     0.00497050     0.00227515    -0.02291278     0.00114904     0.00171640    -0.00025252
172    -0.00834322     0.00853304    -0.01895625     0.00306633    -0.00443181    -0.00252530
173    -0.00668220     0.00285088    -0.00430123    -0.00110558     0.00182768     0.00132247
174     0.01225739    -0.01370328     0.01728956    -0.00132924     0.00181657     0.00079873
175    -0.00244889    -0.00731837     0.00676432    -0.00503173     0.00512516    -0.01181646
176    -0.00255648     0.00716883     0.00049451     0.00208359    -0.00390989     0.00498569
177     0.00849633    -0.00048721    -0.00763817     0.00099182    -0.00168905     0.00548671
178     0.02319661    -0.00223499     0.03784236    -0.01552464    -0.00137790    -0.00165697
179    -0.01888806    -0.00290874     0.00475378     0.01028508    -0.00006951     0.00246981
180    -0.00550366     0.00966757    -0.03847857     0.00724648     0.00095522    -0.00128899
181     0.01957016    -0.01176615     0.00387032     0.00099117    -0.00527493     0.00203482
182    -0.00431506     0.00030844    -0.01093332    -0.00051244     0.00365210    -0.00105937
183    -0.01609662     0.00828932     0.00371316    -0.00072237     0.00230910    -0.00068069
184     0.01257568     0.01731995     0.01545603    -0.00424208    -0.00039524     0.00222090
185    -0.00358041    -0.00630913    -0.00263589     0.00213698    -0.00015708    -0.00106634
186    -0.01425474    -0.00704091    -0.01307157     0.00198643     0.00029999    -0.00076854
187     0.00046509    -0.00822472    -0.00954743     0.01450656    -0.00293627     0.00662345
188     0.00429333     0.02256710     0.01158721    -0.00615957    -0.00031166    -0.00393259
189    -0.00631953    -0.01146945     0.00203054    -0.00663725     0.00319766    -0.00480259
190    -0.00519883     0.00854162    -0.00059232     0.00052296    -0.00455169    -0.00074410
191     0.00287220    -0.00764229    -0.00165070    -0.00037801     0.00311414     0.00037545
192    -0.00019221     0.00149561     0.00136210    -0.00046978     0.00198036     0.00025988
193    -0.00733537    -0.00520841    -0.01235913     0.00207164    -0.00126421     0.00247993
194     0.00235744    -0.00070128     0.00198134    -0.00134261     0.00059177    -0.00133945
195     0.00387082     0.00109969     0.00681244    -0.00109414     0.00092412    -0.00140136
196    -0.01586408    -0.01561488    -0.01763119     0.00128550    -0.00366415    -0.00543952
197     0.00241346    -0.00615967    -0.00754937    -0.00008188     0.00194196     0.00313142
198     0.01524395     0.01663768     0.02185395    -0.00133098     0.00229164     0.00355252
199    -0.00008050    -0.02730990     0.01252899    -0.00302490     0.00459883     0.00337347
200    -0.00004212     0.02182785    -0.01797674     0.00143525    -0.00254380    -0.00122654
201    -0.00185329     0.00158983     0.00633456     0.00228983    -0.00305346    -0.00250689
202     0.00496773     0.00798642     0.00758000     0.00158292    -0.00004732     0.00380368
203     0.00814525     0.00279534     0.00518444    -0.00102649    -0.00007318    -0.00178630
204    -0.01612177    -0.01383929    -0.01407270    -0.00097750     0.00013610    -0.00253025
205     0.00391886     0.00906349     0.00377143     0.00055187    -0.00209118     0.00205336
206    -0.00184052     0.00011938    -0.00264006    -0.00029170     0.00085363    -0.00102863
207    -0.00378274    -0.01130705     0.00028000    -0.00014217     0.00094054    -0.00086977
208    -0.00176933     0.00946108     0.00251750     0.00541294    -0.00136209     0.00034586
209     0.00276417     0.00745395     0.00834989    -0.00253061     0.00108322    -0.00016980
210     0.00125430    -0.01439965    -0.01331763    -0.00279552     0.00053584    -0.00060963
211    -0.00580947    -0.00088578    -0.01653125     0.00043095    -0.00111107     0.00188952
212    -0.00124699     0.01018748     0.00244278    -0.00032542     0.00054989    -0.00106607
213     0.00658349    -0.00733497     0.01439046    -0.00020719     0.00046008    -0.00079139
214     0.02170534    -0.00321245    -0.01386307    -0.00315630    -0.00457217    -0.00059773
215    -0.01578894    -0.00528329     0.01019412     0.00161403     0.00270245     0.00078998
216     0.00047837     0.00180091    -0.00139799     0.00210873     0.00220914     0.00024310
217    -0.01615360    -0.01434357     0.00722841     0.00200343    -0.00305694     0.00315940
218     0.00219302     0.01023329    -0.00273632    -0.00106400     0.00179125    -0.00220789
219     0.01898048     0.00709502    -0.00491698    -0.00063576     0.00141004    -0.00136061
220    -0.00661114     0.01817470     0.02211610     0.00762889    -0.00862228    -0.00096488
221     0.00486602     0.00486362     0.00486714    -0.00542294     0.00401240     0.00092539
222     0.00241001    -0.02213374    -0.02152132    -0.00288736     0.00374854     0.00133391
223    -0.01065056    -0.01095141    -0.00587191     0.00121724     0.00682610     0.01091153
224    -0.00172748     0.00578106    -0.00790135    -0.00003770    -0.00194433    -0.00453365
225     0.00621917     0.00058983     0.02050705     0.00088278    -0.00486591    -0.00634775
226    -0.00711274     0.02356773    -0.00468536    -0.00018393    -0.00117961     0.00235401
227     0.01216088    -0.00814247     0.00452049    -0.00003743     0.00059462    -0.00110751
228    -0.00326985    -0.01780887    -0.00011984     0.00016503     0.00064266    -0.00106115
