 Number of water molecules:
          76

 Atomic and electronic energies:
    -1.10014011    -0.08332761

 Atomic coordinates:
  1    -4.51524716    11.94174719     7.53768070
  2    -4.41101787    10.02215213     7.90762940
  3    -5.81551495    12.10246629     6.10994093
  4    -0.36749336     5.31017075    11.99879393
  5     0.48519809     6.24307823    13.49196382
  6     1.08788216     4.41633349    10.98730047
  7   -10.73409997    -0.19959893     5.76116575
  8   -10.42346463     0.44811420     7.58311883
  9   -11.60823714     1.14377394     4.76185083
 10     7.61620621     6.26182975    -9.59700649
 11     9.16597508     5.34464510    -8.90089598
 12     6.65966855     5.12984882   -10.76269400
 13     4.55499704    -5.70234202   -13.23865874
 14     3.40791348    -4.07642449   -13.10412857
 15     3.43913337    -7.14202753   -13.33048760
 16    -4.46406490     8.20519850     0.84657876
 17    -4.22113288     8.38758128    -1.07388235
 18    -5.54455553     6.57534500     1.08121952
 19     4.77203428    -1.38545077    11.16195529
 20     6.18469414    -1.80315744     9.90175890
 21     4.20222766     0.32928607    10.61433294
 22     2.37784044    11.49939366    -3.04681628
 23     1.37685608    10.17756281    -2.21461998
 24     3.98102128    10.62696859    -3.73096416
 25     1.62504681     1.84382803    -8.62372393
 26     3.31626264     2.12320584    -7.70963140
 27     0.31120380     2.53429816    -7.41687794
 28     1.07277123     0.86858229     0.18341004
 29    -0.60584393    -0.08759978     0.40275044
 30     0.43953444     2.30836928    -0.83051404
 31    -0.20638973    -4.75713519    -4.02777103
 32     1.40329052    -3.82340709    -4.24052762
 33    -1.57174240    -3.38401769    -4.11878590
 34     1.21586190     0.91213283     5.40853932
 35     0.95572633     0.82880230     3.51137542
 36    -0.17209129    -0.06788733     6.41103002
 37    -3.66692345    -1.64431987     0.12419457
 38    -5.46641967    -1.75083917     0.97338034
 39    -4.01701942    -0.97622327    -1.58913431
 40     0.31585067    12.63525156     4.59715192
 41    -1.12225353    13.20093209     5.90161287
 42     0.35499440    10.72266520     4.51543526
 43    -5.83940827     1.10591561     5.22082776
 44    -7.61748298     0.43926537     5.54575999
 45    -4.69956801     0.37119725     6.52006848
 46   -14.15525153    -0.06961065    -0.69332971
 47   -15.41099013    -1.39003658    -0.09589519
 48   -13.69877056    -0.51022790    -2.58958010
 49    -5.92988797     2.23081746    -9.19089451
 50    -7.50466934     3.02112347    -8.40637847
 51    -4.96341368     3.74823537    -9.87560557
 52    -5.37661846    -7.04004615     6.39787210
 53    -5.51892038    -8.42154074     5.06867128
 54    -4.01805731    -5.89366157     5.68397514
 55    -4.21685225    -5.65658243    -8.24714496
 56    -3.90180964    -3.86183203    -7.63473853
 57    -2.80283898    -6.86220927    -7.61080887
 58     7.81330027    -6.64076970     2.68516860
 59     9.29521888    -5.95783860     3.57391959
 60     6.25364339    -6.09069750     3.77440005
 61    13.55382265    -1.13756790     2.16481496
 62    12.16779957     0.01731948     2.91015652
 63    13.31200150    -0.87996957     0.35181325
 64    -3.04180218     6.99730869     7.96025885
 65    -2.00230861     6.64857816     9.58338209
 66    -4.55358070     5.86606264     7.97976735
 67     2.91998116     9.17469972   -10.65850302
 68     4.75704629     9.12652424   -10.50749482
 69     2.37839981     7.43879862   -11.29856983
 70    -3.29679519    -0.89239219    -5.73201158
 71    -2.01651468     0.37404252    -5.31799438
 72    -4.51717453    -0.15194641    -7.07356568
 73    -1.50455888   -12.20179696     9.00111550
 74    -3.04349609   -11.17330737     9.60455933
 75    -2.18879804   -13.77622956     8.25018308
 76     7.68905652     5.47236108     6.35927343
 77     6.56766758     6.36743824     5.07360866
 78     9.03883642     6.68124517     6.95861989
 79     7.77922857    -8.04646544    -5.58355767
 80     6.62794114    -8.70232825    -4.13703670
 81     9.03753805    -6.87346816    -4.79806386
 82     8.63008331    -3.81122781    -1.81427492
 83     6.80314876    -3.49727178    -2.50447817
 84     8.32059826    -4.85186837    -0.27017224
 85    -1.57707532    -4.35462820     3.75578135
 86    -2.39880134    -3.30956671     2.38458185
 87    -0.62120135    -5.63229153     2.68212962
 88    -9.14779331     8.89139332    -3.17148902
 89    -9.09488104     7.11016124    -3.89160015
 90    -7.39663870     9.68286318    -3.31204478
 91   -11.22088964     8.60021420     1.79771542
 92   -10.93832329     8.73231321    -0.03775056
 93   -10.45036603    10.09869991     2.75449757
 94    11.77609166    -4.99168573     5.69076630
 95    10.80326364    -3.80571554     6.88618256
 96    12.69615094    -3.87059415     4.43801940
 97     5.45533950     2.78692269    -5.57283450
 98     7.23009854     2.86761903    -6.11480345
 99     5.31104965     4.26766856    -4.32046399
100    -7.45724457     3.96423307     1.25276224
101    -6.69243993     2.83330558     2.57232698
102    -8.98778568     4.78559017     2.01658574
103    -9.67589560    -2.05232056    -3.65195349
104    -9.56891713    -2.36793436    -1.78133139
105    -9.28431545    -0.24400016    -3.91323659
106    -2.24461752    -1.83972120     8.12277696
107    -1.73049490    -3.05233170     6.73861967
108    -1.94979308    -2.83812039     9.80900227
109     9.32911779     1.55693474     3.68340640
110     9.13389900     2.99866491     4.97201454
111     7.97871075     1.87277809     2.35033918
112     4.76022472    12.82405160     1.52305264
113     3.86672370    12.95526166    -0.16320451
114     3.52616165    13.40466506     2.81020557
115     4.65639233     7.69246156     2.90463725
116     2.79692596     7.31226082     3.26767595
117     4.71423782     9.50449817     2.37960316
118    -4.33904165   -10.41074316     2.44653465
119    -4.19649764   -10.70136725     0.48728149
120    -2.94716970   -11.45894567     3.12816821
121    -8.62918695    -2.71269577     1.34370668
122    -8.65841630    -4.61839369     1.50406474
123    -9.50725897    -2.13984626     2.98257785
124     0.86243885   -11.72644316     3.55520172
125     1.57335273   -10.96561577     5.20523337
126     0.70007317   -10.23984407     2.26713334
127     9.72997693    -5.32906470   -13.26104007
128     7.90274353    -4.86172239   -13.07596370
129     9.89968859    -7.17226727   -12.86235765
130    10.67196111     2.96222235    -7.33370873
131    10.71072145     1.30114588    -8.44224384
132    11.17778371     2.39731458    -5.58206118
133    -3.84531346     8.92982805    -4.11056399
134    -2.82916877    10.00385290    -5.35819161
135    -3.23147636     7.15457964    -4.30780610
136    -9.59934481     1.83547403    10.42778203
137   -10.13018726     0.84062407    12.00963759
138    -7.69099369     2.06027678    10.50126802
139    -5.25367889    -8.77561086    11.24072373
140    -5.42759147    -8.06890088     9.43969094
141    -6.85784529    -8.40025740    12.06239274
142    -3.46150889    -0.25091474   -13.17453563
143    -4.69759327    -1.65733538   -13.77535345
144    -4.33944631     0.59441415   -11.68381842
145     9.87839255    -1.14201001   -10.30260591
146     8.49837956    -2.05756905    -9.31027530
147    10.28843775    -2.36326257   -11.72980451
148    -0.68183715    11.43217924    -7.52235296
149     0.64800422    11.04599032    -8.91190277
150     0.45580615    11.85095750    -6.02241610
151     6.47785105     9.19624270    -4.84796827
152     8.29598993     9.92218000    -4.58772042
153     6.53840706     8.46850061    -6.60531774
154     0.74400273     4.50399061   -12.79359077
155     0.71980489     3.27995640   -14.25094175
156     1.22249931     3.48043860   -11.30530405
157     5.26348566    -8.89728173    -1.37156681
158     5.07053291   -10.80544650    -1.04304989
159     6.05166470    -8.08916658     0.16187939
160     4.14503976   -13.74145553     0.15313269
161     4.60081256   -15.49455829     0.52336845
162     2.85693891   -13.23202149     1.44590584
163    -4.80341953   -10.56050232    -2.53209093
164    -5.94985519    -9.23784474    -3.45551143
165    -3.16241787   -10.73330575    -3.52237477
166    -4.47249140     2.06180036    10.90295226
167    -3.08363107     3.27091423    11.16650253
168    -3.55564003     0.49068504    10.20265896
169    -8.44057314    -7.78655574     1.03239816
170    -6.96018549    -8.89587471     1.49637818
171    -8.55082855    -8.00732829    -0.87181185
172     6.11102342    -4.24410091    -8.43799031
173     5.30641833    -4.80607592   -10.03712112
174     6.53312011    -5.89161093    -7.43486956
175    -3.58209305     6.65080162   -10.37876945
176    -3.31200235     8.50793405    -9.76547563
177    -2.13716163     6.33803829   -11.72984670
178    -7.99304596     3.03274789    -3.82883959
179    -6.17027140     2.87497299    -4.12318331
180    -8.04064938     3.40823341    -1.90906015
181     0.60783388    -7.53457685     0.16074858
182    -0.17574149    -6.55687483    -1.23400489
183     2.41077040    -7.60339068    -0.43600806
184   -12.69119636     3.56887730     2.99727378
185   -12.77254636     5.53234235     2.76051787
186   -13.09711036     2.80097586     1.30463750
187     6.10584180     3.42862848    -0.02176407
188     6.06287718     5.32227566     0.33450216
189     4.28488198     2.81984045     0.00917660
190    -0.26097913   -10.03457348    -4.99668976
191    -0.19298891    -8.20519032    -4.59890462
192     1.43854443   -10.89679810    -4.82898945
193     7.92998940    -1.80706992     7.26414898
194     8.52561444    -0.59187342     5.94660145
195     6.44002012    -2.71789390     6.40290500
196     1.38281553    -1.69364845   -12.29333308
197    -0.33512386    -1.02567705   -12.82865806
198     1.67128601    -0.74898742   -10.60162156
199    -7.09643746    12.03827709     2.78187483
200    -6.53462794    13.48086582     1.70690284
201    -6.18549914    10.46021200     2.03462549
202     3.62991597     3.14850307     9.03621937
203     5.15928530     4.00205005     8.20041430
204     2.72834381     2.14368346     7.62812664
205     1.46127495    -8.24480782     8.38315820
206     1.67699084    -7.50491320    10.11326194
207     0.40063289    -9.94899331     8.61533251
208    10.18768650     0.86575834    -2.58777379
209     9.82700289    -1.05748295    -2.49870038
210     8.84534830     1.75834116    -1.49495981
211     3.04445132    -5.53576853    13.20374762
212     3.56359736    -3.83083503    12.56321384
213     4.11490659    -5.83222797    14.72682926
214    -7.90296563    -7.06191553    -4.82696393
215    -6.95050624    -6.96619750    -6.36283420
216    -8.83969305    -5.46315525    -4.52398804
217     3.89857768    -4.66578589     5.39942175
218     2.72000283    -3.19424004     5.22744819
219     2.93341127    -5.91729060     6.53133880
220     4.16296511    -2.33084503    -4.31074854
221     4.45550426    -0.38344038    -4.43280667
222     4.76317772    -2.91996808    -6.04599060
223    -0.38012260     7.51930580     3.66853305
224    -1.29804784     6.85632830     5.17542630
225    -1.81332940     7.58035422     2.32780650
226    -1.83202174    -5.08489316    11.90449794
227    -0.16179348    -5.49695413    12.76452141
228    -2.94818754    -6.64596104    12.17293689

 Atomic and electronic forces:
  1    -0.01031820    -0.02022936    -0.00946386    -0.00093565     0.00225629     0.00312655
  2     0.00639038     0.02276605    -0.00286694     0.00052987    -0.00101154    -0.00189421
  3     0.00897647     0.00250579     0.00770877     0.00074185    -0.00132058    -0.00156406
  4     0.03449327    -0.00236667    -0.00087511     0.00016645     0.00029763     0.00322833
  5    -0.01195877    -0.01517966    -0.02225392    -0.00012694    -0.00018256    -0.00132059
  6    -0.01800775     0.01525266     0.01783126    -0.00027939    -0.00006668    -0.00181542
  7     0.02492165    -0.02277278     0.02402393    -0.00279138    -0.00117686     0.00280335
  8    -0.01147342     0.00132592    -0.01607780     0.00111877     0.00040890    -0.00138179
  9    -0.01466353     0.02121467    -0.00562152     0.00165665     0.00042237    -0.00136317
 10    -0.00799269     0.02166343     0.00767638     0.00561310     0.00150350    -0.00375148
 11    -0.00195797    -0.00760486    -0.00395730    -0.00267828    -0.00036800     0.00134028
 12     0.00664656    -0.00927467    -0.00391079    -0.00268841    -0.00042287     0.00240806
 13     0.00336331     0.06459334     0.01366922     0.00150714    -0.00248167    -0.00246284
 14     0.01527197    -0.02748145    -0.00581585    -0.00085127     0.00144733     0.00170973
 15    -0.02607006    -0.03185772    -0.00546811    -0.00053745     0.00126142     0.00109808
 16    -0.00952711    -0.03058494    -0.01109542    -0.00689864     0.00939651     0.00954905
 17    -0.00347562     0.00856211     0.00888618     0.00445685    -0.00686167    -0.00387192
 18     0.00743146     0.01889433    -0.00073811     0.00454573    -0.00303300    -0.00508323
 19     0.00797282    -0.01384038    -0.00085432     0.00100586    -0.00088880     0.00251260
 20    -0.00057291     0.00029206     0.00573659    -0.00066760     0.00051581    -0.00123547
 21    -0.00591188     0.01896905    -0.00063139    -0.00056440     0.00037323    -0.00150265
 22     0.01262631     0.00606809    -0.01609446     0.00453325     0.01034906     0.00080111
 23    -0.01198436    -0.01216313     0.01314018    -0.00258834    -0.00699333    -0.00158290
 24    -0.00235179     0.00683627     0.00253862    -0.00329649    -0.00447072     0.00004493
 25    -0.00583357     0.00432589     0.01683444     0.01018642    -0.00683033    -0.01683258
 26     0.00081546    -0.00144364    -0.00181517    -0.00645460     0.00246299     0.00557198
 27     0.00606670    -0.00196613    -0.01144106    -0.00500695     0.00381239     0.01119631
 28    -0.03279109    -0.00298044    -0.00171320     0.00978917    -0.01267008     0.01633714
 29     0.01645615    -0.01206541     0.00720621    -0.00131025     0.00661272    -0.00704207
 30     0.01036047     0.01690224    -0.00551597    -0.00592782     0.00560382    -0.01024141
 31    -0.04151784    -0.00551141     0.00223210     0.00131119    -0.01063450    -0.00023764
 32     0.03326633     0.01138842    -0.00033185    -0.00197826     0.00563195     0.00027902
 33     0.00480642    -0.01419654    -0.00304582     0.00032141     0.00725740     0.00031438
 34    -0.01096859    -0.01444554     0.01697143     0.00200739    -0.00246161     0.00745299
 35    -0.00327337    -0.00386172     0.00426471    -0.00158128     0.00220918    -0.00512568
 36     0.01407982     0.01396612    -0.02189203    -0.00033576     0.00122533    -0.00313893
 37    -0.02208307     0.00745521     0.02393786    -0.00497763    -0.01189795     0.00853874
 38     0.02528853    -0.00370931    -0.01261756     0.00273770     0.00370625    -0.00316120
 39    -0.00719394    -0.00150260    -0.01765533     0.00431174     0.00781625    -0.00358606
 40    -0.03353249     0.02512032     0.03437075     0.00061583     0.00391944     0.00371950
 41     0.04013356    -0.02518527    -0.03813518     0.00000496    -0.00157641    -0.00162200
 42    -0.00911202     0.00012554     0.00410818    -0.00045195    -0.00219294    -0.00264064
 43    -0.00553256     0.01276957    -0.01984087    -0.00325351    -0.00192722     0.00635850
 44     0.00094621    -0.00179491     0.00202440     0.00159453     0.00084482    -0.00233171
 45     0.00805174    -0.01135111     0.01345078     0.00095508     0.00096174    -0.00284391
 46     0.00499674    -0.01392612    -0.04989748    -0.00397632    -0.00118596     0.00094749
 47     0.00754218     0.00707443    -0.00226385     0.00155088     0.00056692    -0.00040216
 48    -0.01063827     0.00945746     0.05149450     0.00220581     0.00076058    -0.00020854
 49    -0.00302113     0.00277558     0.01212396    -0.00935717    -0.00307651    -0.01089789
 50     0.00432520    -0.00934376    -0.00523558     0.00506817     0.00061428     0.00380993
 51     0.00164001     0.00799883    -0.00417742     0.00383285    -0.00001708     0.00629106
 52     0.00372884    -0.00447182    -0.00113732    -0.00090720    -0.00239978     0.00224369
 53    -0.00193820    -0.00015727     0.00074998     0.00044951     0.00129557    -0.00093509
 54    -0.00056026     0.00193671     0.00142617     0.00042272     0.00149902    -0.00145574
 55     0.01984959    -0.01514012     0.00814983    -0.00186345    -0.00592696    -0.00278241
 56     0.00447064    -0.01293074     0.00137716     0.00146970     0.00423275     0.00210918
 57    -0.02241788     0.02606025    -0.01009379     0.00042534     0.00290535     0.00103572
 58    -0.06030903     0.00165032    -0.01154323     0.00205115    -0.00239020     0.00146921
 59     0.03307963     0.00570218     0.02175026    -0.00101777     0.00095463    -0.00071244
 60     0.02283675    -0.00796286    -0.01237497    -0.00098775     0.00131753    -0.00099828
 61    -0.02145560     0.01127648     0.03228366     0.00259373    -0.00089138     0.00104408
 62     0.01277251    -0.01042322     0.00099676    -0.00148883     0.00043764    -0.00074488
 63     0.00433002    -0.00153046    -0.03210861    -0.00150104     0.00049824    -0.00042646
 64     0.01096700     0.00035156     0.00964761    -0.00081895     0.00139485     0.00512786
 65    -0.01066407     0.00106634    -0.01202535     0.00013358    -0.00045250    -0.00214510
 66    -0.00633815    -0.00842418     0.00512619     0.00072659    -0.00044479    -0.00253332
 67    -0.03723891    -0.01119103     0.00062578     0.00360611     0.00483545    -0.00623833
 68     0.03451015    -0.00002958     0.00051266    -0.00211375    -0.00190878     0.00244865
 69    -0.00007757     0.01086323    -0.00296548    -0.00187457    -0.00194338     0.00405319
 70    -0.02934785    -0.00714474    -0.01056581    -0.00885048    -0.02028530    -0.00830755
 71     0.01559113     0.01562925    -0.00128483     0.00273614     0.01193922     0.00518568
 72     0.01169828    -0.00406896     0.01098384     0.00494761     0.00607444     0.00498555
 73    -0.01358512     0.02108564     0.00879660    -0.00002495    -0.00151923     0.00120941
 74     0.01343542    -0.00755129    -0.00012772     0.00008960     0.00074730    -0.00066565
 75    -0.00262829    -0.01242192    -0.00516389     0.00003987     0.00074149    -0.00050610
 76     0.00392321    -0.00384483     0.00898669     0.00290011     0.00050276     0.00332559
 77     0.00027165     0.00652710    -0.00190850    -0.00183427    -0.00057655    -0.00210926
 78    -0.00595345     0.00130740    -0.00316263    -0.00122563    -0.00033157    -0.00129143
 79    -0.01897641    -0.00819943    -0.00155037     0.00215815    -0.00285002    -0.00042686
 80     0.01502104     0.00871774    -0.00806246    -0.00098971     0.00157962     0.00004182
 81     0.00673488     0.00279512     0.00824996    -0.00127331     0.00133260     0.00012422
 82    -0.03907647     0.01013667    -0.02380811     0.00393031    -0.00307944     0.00078930
 83     0.02923829    -0.00203241     0.00517212    -0.00246342     0.00226635    -0.00039976
 84     0.00703979    -0.01173587     0.01769861    -0.00161763     0.00148363    -0.00059724
 85     0.01012543    -0.00676488    -0.00066564    -0.00016920    -0.00477572     0.00438211
 86    -0.01208197     0.01063841    -0.00323097     0.00050932     0.00334700    -0.00288338
 87     0.00364505    -0.00936993     0.00671112    -0.00017732     0.00254051    -0.00173559
 88     0.00600724    -0.00798605     0.00221082    -0.00744946     0.00492772     0.00056877
 89     0.00067615     0.01220121     0.00183848     0.00499592    -0.00218652     0.00006996
 90    -0.00907546    -0.00738455    -0.00487890     0.00382186    -0.00374050    -0.00027798
 91    -0.00523389    -0.00687559     0.04170885    -0.00421707     0.00205108     0.00234322
 92     0.00936205     0.01331467    -0.02674582     0.00257825    -0.00133118    -0.00098939
 93    -0.00268840    -0.00919838    -0.01713768     0.00173405    -0.00119180    -0.00121996
 94    -0.00968933     0.01368475     0.00516459     0.00171331    -0.00117448     0.00124969
 95     0.00779185    -0.01146750    -0.00985865    -0.00087134     0.00056010    -0.00077390
 96     0.00422560     0.00053596     0.00074307    -0.00099079     0.00055501    -0.00058564
 97    -0.03834450     0.01756331     0.02684579     0.01497372    -0.00271975    -0.00416639
 98     0.03771731    -0.00344289    -0.01407743    -0.00488655     0.00064441     0.00138188
 99     0.00347158    -0.01610949    -0.01104004    -0.00829352    -0.00028503     0.00081545
100     0.01276684     0.01332129    -0.02918438    -0.00972942     0.00036896     0.00787561
101     0.00120947    -0.01131795     0.01859227     0.00363916     0.00062088    -0.00423038
102    -0.01140188    -0.00055017     0.00886768     0.00341015    -0.00045936    -0.00254585
103    -0.00532630    -0.02210805    -0.01335084    -0.00631799    -0.00440109     0.00007498
104     0.00123880    -0.00098293     0.01588186     0.00290069     0.00215904    -0.00069299
105     0.00333318     0.02325092    -0.00315271     0.00446616     0.00224271     0.00009218
106     0.00689188     0.00928072     0.02657921    -0.00034919    -0.00200459     0.00417273
107    -0.00360322    -0.01023417    -0.00799190     0.00009541     0.00141887    -0.00215236
108    -0.00637585     0.00191764    -0.01877476     0.00008350     0.00078892    -0.00159730
109     0.00096949    -0.00231432     0.00350818     0.00379261    -0.00086958     0.00269133
110    -0.00303297    -0.00322261    -0.00714647    -0.00169908     0.00015877    -0.00144237
111     0.00279446     0.00393657     0.00053093    -0.00264999     0.00061418    -0.00177291
112     0.01046727    -0.01147940    -0.01454650     0.00279240     0.00430512     0.00252152
113     0.00181058     0.00134580    -0.00147174    -0.00152828    -0.00284115    -0.00110299
114    -0.01591651     0.00725142     0.01664824    -0.00097075    -0.00202324    -0.00138687
115    -0.00134276    -0.02342790    -0.00075637     0.00527613     0.00344290     0.00616271
116    -0.00055488     0.00457170     0.00270807    -0.00231838    -0.00202890    -0.00423017
117     0.00423247     0.02329631    -0.00336644    -0.00226518    -0.00219171    -0.00241154
118    -0.00843454     0.00137431    -0.03167491    -0.00062863    -0.00291311     0.00127446
119    -0.00917121     0.00717604     0.02257942     0.00032659     0.00161948    -0.00047648
120     0.01815648    -0.01074867     0.01254046     0.00014396     0.00130443    -0.00058955
121    -0.00446219     0.01600094     0.01830425    -0.00436366    -0.00387878     0.00304555
122     0.00173917    -0.01681427    -0.00376687     0.00158552     0.00181396    -0.00113574
123     0.00296838     0.00262965    -0.01082421     0.00185395     0.00133882    -0.00152133
124     0.00590990     0.02899539    -0.00348020     0.00033003    -0.00243390     0.00114744
125    -0.00979960    -0.00648803    -0.01849596    -0.00021331     0.00112135    -0.00068018
126     0.00139488    -0.01665095     0.01986689    -0.00021690     0.00156144    -0.00067172
127     0.01524134     0.00289528     0.00126871     0.00177163    -0.00148591    -0.00153492
128    -0.01300075    -0.00604005    -0.00567850    -0.00097214     0.00092761     0.00099044
129    -0.00042567    -0.00071178    -0.00116989    -0.00076860     0.00076197     0.00062783
130    -0.00372033    -0.02587821    -0.02360057     0.00501309    -0.00041221    -0.00151905
131     0.00006116     0.02827483     0.01451174    -0.00219039     0.00048049     0.00086191
132     0.00215947    -0.00435261     0.00881976    -0.00253548     0.00031844     0.00037722
133     0.00528099    -0.00260669     0.00147328    -0.00954528     0.01877845    -0.00125581
134    -0.00407345     0.00293953    -0.00062293     0.00210747    -0.00756174     0.00191875
135     0.00087334    -0.00024167    -0.00746714     0.00637071    -0.01111456     0.00168489
136    -0.01069186    -0.01746698     0.01296006    -0.00149447    -0.00035283     0.00253059
137     0.00879902     0.01491981    -0.01912123     0.00059008     0.00019721    -0.00104451
138     0.00357510     0.00034330     0.00585294     0.00067753     0.00018435    -0.00149260
139     0.02345026    -0.00790429    -0.02157523    -0.00040886    -0.00128563     0.00152933
140     0.00229146     0.00040442     0.00101296     0.00028063     0.00079977    -0.00088703
141    -0.02743743     0.00446729     0.01596796     0.00025642     0.00055847    -0.00072236
142    -0.02295691    -0.02394151    -0.00278845    -0.00157568    -0.00283263    -0.00661515
143     0.02289222     0.02478371     0.00855953     0.00084107     0.00131864     0.00242386
144    -0.00131808    -0.00039141    -0.00473548     0.00168203     0.00170648     0.00425511
145    -0.00744409     0.00094346     0.00786958     0.00342073    -0.00154907    -0.00201457
146     0.00439624     0.00092036    -0.00255804    -0.00196230     0.00119672     0.00111595
147     0.00451308    -0.00047110    -0.00088332    -0.00131370     0.00071189     0.00090903
148     0.02592979    -0.01258097    -0.00430598     0.00045449     0.00975375    -0.00481643
149    -0.01753043     0.00187917     0.00609978    -0.00091048    -0.00388690     0.00276663
150    -0.00710110     0.00595674     0.00100861    -0.00093850    -0.00516392     0.00148816
151     0.03702773     0.01134812     0.00448104     0.00754420     0.00529929    -0.00117038
152    -0.03544940    -0.01208303     0.00011510    -0.00272938    -0.00175219     0.00026041
153    -0.00028322    -0.00542852    -0.00772967    -0.00374303    -0.00223807     0.00142383
154    -0.00516153     0.02072932    -0.02206028     0.00194364     0.00070270    -0.00913507
155    -0.00178331     0.00201467    -0.00346680    -0.00064243     0.00017432     0.00351215
156     0.00619461    -0.01840411     0.02440959    -0.00191022     0.00027525     0.00589963
157    -0.01199321    -0.00831623    -0.01208966     0.00172806    -0.00338660     0.00064576
158     0.00319796     0.00714362     0.00653293    -0.00060879     0.00141369    -0.00026573
159     0.01175243    -0.00442374     0.01252190    -0.00096883     0.00158885    -0.00052635
160     0.00503837     0.02120509    -0.01748637     0.00066044    -0.00215760     0.00048377
161     0.00745915    -0.02449758     0.00394290    -0.00027131     0.00089920    -0.00020040
162    -0.01184625     0.00461224     0.01217489    -0.00027285     0.00113664    -0.00034845
163    -0.01492988     0.01887320    -0.00947371    -0.00087570    -0.00355868     0.00031078
164     0.01845511    -0.02231024     0.00971461     0.00071672     0.00199862    -0.00005031
165    -0.00207327     0.00258152    -0.00411246     0.00024586     0.00188103    -0.00003508
166    -0.00670450    -0.03374612    -0.01837646    -0.00076708    -0.00041888     0.00345098
167     0.02030330     0.02437174     0.01395335     0.00022591     0.00006911    -0.00179286
168    -0.01323692     0.00894836     0.00594143     0.00030993     0.00044731    -0.00185716
169    -0.00560587     0.00579095    -0.01938216    -0.00192341    -0.00311537     0.00129125
170     0.00689637    -0.00591556     0.01144588     0.00070328     0.00157303    -0.00065265
171    -0.00557950     0.00242949     0.00586820     0.00104248     0.00169420    -0.00041628
172     0.00772816    -0.00587742     0.02903051     0.00355757    -0.00390964    -0.00224060
173    -0.00720044    -0.00961899    -0.02202124    -0.00136940     0.00180548     0.00130473
174     0.00159704     0.01455315    -0.01192158    -0.00145527     0.00182248     0.00067897
175     0.04150090     0.02363426    -0.01365739    -0.00427883     0.00523014    -0.01182325
176    -0.00585326    -0.03109181    -0.01287480     0.00165872    -0.00368597     0.00464054
177    -0.03138788     0.00491586     0.02814667     0.00064914    -0.00171412     0.00526430
178    -0.00635008     0.00957406     0.02751284    -0.01709778    -0.00179364    -0.00018059
179     0.01786717    -0.00528327    -0.01430032     0.01131532     0.00200770     0.00084802
180    -0.01241554    -0.00368663    -0.01016537     0.00733162     0.00034301    -0.00201134
181     0.00233997    -0.00417883     0.02299102     0.00083860    -0.00507711     0.00177080
182    -0.01869654     0.01258429    -0.01699331    -0.00036092     0.00339155    -0.00084276
183     0.01582889    -0.01077707     0.00175088    -0.00077063     0.00240227    -0.00070806
184     0.00488621     0.04250209    -0.00025659    -0.00394720    -0.00006787     0.00233134
185     0.00094207    -0.03146890     0.00464190     0.00197334    -0.00030371    -0.00111572
186    -0.00673628    -0.00898878    -0.00540939     0.00224385     0.00018222    -0.00096072
187    -0.00553946     0.00332036    -0.00630775     0.01054200    -0.00096356     0.00543947
188    -0.00021290    -0.00582068     0.00632049    -0.00483158    -0.00085363    -0.00275539
189     0.00663169    -0.00339226     0.00546075    -0.00642459     0.00149112    -0.00447932
190    -0.00542818    -0.02717811    -0.00933635     0.00029653    -0.00414723    -0.00035630
191     0.01159578     0.01892301     0.00555943    -0.00024508     0.00277071     0.00018067
192    -0.00599594     0.01086237     0.00184718    -0.00032543     0.00178378     0.00012401
193    -0.02090239    -0.01927481    -0.00051603     0.00202711    -0.00127191     0.00245103
194     0.01110882     0.01594366    -0.01142246    -0.00131456     0.00061276    -0.00131511
195     0.01034930    -0.00064656     0.01051845    -0.00105912     0.00091859    -0.00140918
196     0.00769086     0.00964761     0.02335536     0.00185008    -0.00385625    -0.00598594
197    -0.00813887    -0.00578317    -0.00848998    -0.00033895     0.00179609     0.00337609
198     0.00212219    -0.00924616    -0.01865675    -0.00177605     0.00273693     0.00412083
199     0.00636783    -0.02332002    -0.00377209    -0.00271393     0.00378157     0.00297891
200     0.00082566     0.00894393    -0.00213125     0.00116460    -0.00209522    -0.00117396
201    -0.00725871     0.01713427     0.01094169     0.00193028    -0.00257908    -0.00221611
202     0.00359020     0.00586455     0.00146693     0.00152172    -0.00024126     0.00404931
203    -0.00731228    -0.00481789     0.00326503    -0.00104437    -0.00001272    -0.00197647
204     0.00359364     0.00767735    -0.00078585    -0.00088861     0.00040292    -0.00257837
205    -0.01860709    -0.03780894    -0.01335316     0.00042050    -0.00188509     0.00189276
206     0.00234070     0.00198050     0.01075236    -0.00019844     0.00077541    -0.00094674
207     0.02176277     0.03898150    -0.00006498    -0.00010416     0.00087588    -0.00078614
208    -0.01016341     0.00126763     0.00728094     0.00554085    -0.00150948     0.00057078
209     0.00057772     0.01340248     0.00422190    -0.00250153     0.00113326    -0.00028949
210     0.01187142    -0.01043970    -0.00960088    -0.00350717     0.00078339    -0.00079291
211    -0.01408172    -0.02639614     0.00922502     0.00044430    -0.00098082     0.00176923
212     0.00888021     0.02207524    -0.01326444    -0.00030045     0.00048493    -0.00102699
213     0.00428995    -0.00348295     0.00520705    -0.00021811     0.00039733    -0.00075723
214    -0.01950637    -0.02924763     0.05680400    -0.00257122    -0.00421666    -0.00040838
215     0.02682490     0.01180734    -0.05011494     0.00120072     0.00227656     0.00054575
216    -0.00737874     0.02018146    -0.00326955     0.00179061     0.00219613     0.00017941
217    -0.00003308    -0.00468742     0.00586305     0.00167269    -0.00278707     0.00298995
218    -0.00473639     0.00594789    -0.00316788    -0.00090810     0.00162345    -0.00206088
219     0.00590869    -0.00215971    -0.00279609    -0.00052514     0.00123236    -0.00129687
220     0.00252496     0.04455598    -0.00210390     0.00773984    -0.00879683    -0.00064013
221    -0.00132945    -0.02749162     0.00805509    -0.00587687     0.00437758     0.00062639
222     0.00557769    -0.01102245    -0.00392775    -0.00299333     0.00335557     0.00109825
223    -0.00115832    -0.00434026    -0.04031683     0.00097594     0.00510298     0.01031277
224    -0.00664633    -0.00191569     0.02849801     0.00007254    -0.00146099    -0.00429271
225     0.01292812     0.00987192     0.01390727     0.00073179    -0.00383018    -0.00614221
226    -0.00430352    -0.00422123     0.00747699    -0.00008312    -0.00124087     0.00217415
227     0.00391970     0.00426015    -0.00056896    -0.00006337     0.00055693    -0.00098356
228     0.00155111     0.00733088    -0.00614415     0.00009974     0.00061124    -0.00092808
