 Number of water molecules:
         139

 Atomic and electronic energies:
    -2.43896683    -0.08111665

 Atomic coordinates:
  1     8.63496702     5.23776831    11.77178273
  2     9.74292693     6.51234556    10.89902389
  3     6.96949011     5.08477697    10.79723000
  4    -5.69318388    11.49270317     6.81574368
  5    -4.59489855    10.05698288     7.50570743
  6    -5.58430027    11.25423311     4.90820001
  7     1.38833304     7.98084985    11.38143111
  8     0.90035283     7.42512461    13.18537253
  9     2.60982398     6.68295941    10.72526685
 10    -7.69646026     8.35472571    -8.07446333
 11    -8.06364457     6.75153473    -9.08479714
 12    -6.00507435     8.98535599    -8.71657866
 13    -5.20578288   -12.22684889   -10.73547105
 14    -5.64762671   -10.42495774   -11.11474430
 15    -6.08541518   -12.67960539    -9.10123542
 16   -11.96833699     2.44087079     7.64115249
 17   -12.62869048     4.24728283     7.70970264
 18   -11.83038271     1.93651986     5.81807780
 19     1.83733856     8.78119717   -15.28572613
 20     1.99190982     8.71832776   -13.37849098
 21     2.65081302    10.42371450   -15.80733745
 22     6.85668573     7.81460661    -7.84100702
 23     8.60554023     8.42108385    -7.42776998
 24     6.56942730     6.11390797    -6.89112946
 25     2.80628593    -7.02461631   -12.87767216
 26     2.06893642    -5.75429694   -11.67612074
 27     1.85821023    -8.70465194   -12.59794776
 28    -3.83971471     5.78660756     0.95142841
 29    -3.62102603     5.74961609    -0.98452946
 30    -4.67734267     4.11211749     1.46505245
 31     9.48602750     0.17972163    12.35973878
 32     8.17339617    -0.57189900    11.16038278
 33     9.39379387     2.06940278    12.15148683
 34     1.38300055     9.01598360    -3.04742235
 35     1.78181005     7.17045038    -2.60124432
 36     3.00453674     9.95561718    -2.72030091
 37    -4.89358748     4.65709059    12.11757965
 38    -3.57974081     3.26440488    11.80823809
 39    -6.53550633     3.71328005    12.32373156
 40     9.89959350    -6.33713559     8.91226506
 41     8.40473690    -5.20145630     9.11992328
 42    11.39595377    -5.20672754     9.42640906
 43   -13.96175363    -5.21949381     9.27984532
 44   -15.47835749    -4.89507133    10.35636932
 45   -12.70502580    -3.78629792     9.80282397
 46    10.34804716   -13.21217298     2.98734892
 47     9.80496863   -13.12033408     1.18170923
 48    11.31265904   -14.87818762     3.12659443
 49     2.32168764     1.08138014    -7.25471589
 50     4.05240780     1.77251818    -6.68406817
 51     1.10461509     2.00333971    -6.07381877
 52     2.06244376     1.88856106     2.33647569
 53     1.61825821     0.65662187     0.91895308
 54     1.07923529     3.45984498     1.90814874
 55    -1.57408770    -2.82252461    -3.65559489
 56     0.20701931    -2.40205913    -3.02332219
 57    -2.16095026    -1.24543423    -4.57790365
 58     1.99366780     0.28047457     7.08597495
 59     2.04030894     0.89583738     5.25242376
 60     0.81217727    -1.22692111     6.99699397
 61    -4.11408826    -3.07431178     0.87643155
 62    -4.64521714    -1.32158809     1.45233596
 63    -3.44460875    -2.87572317    -0.94377450
 64    -0.55528049    12.19486769     2.99499022
 65    -0.12241371    10.34770417     3.29608754
 66     1.11796433    12.99793826     2.46712559
 67     2.00608868   -12.08448289    -7.24107251
 68     0.40511890   -11.38012262    -6.44256078
 69     2.14888725   -13.92496928    -6.54715211
 70    -2.64425020    16.01873366    -3.17155811
 71    -3.20616790    17.21167184    -1.74274369
 72    -4.07882788    14.71792821    -3.31902913
 73    -5.70498699    -1.25302810     7.17271199
 74    -6.16385903    -1.05143514     9.02747223
 75    -4.01444894    -2.27794854     7.10627323
 76    -1.43050475     6.06740282    15.75299084
 77    -2.21041597     6.71462490    17.34466614
 78    -2.93290797     5.79216078    14.52006755
 79   -14.58853539    -1.10264650     0.23677043
 80   -14.73280144    -2.33503300     1.71881776
 81   -14.44133131    -2.23760225    -1.34966906
 82    -4.39721939     2.97203733   -10.11387005
 83    -6.32529077     3.08137769   -10.25291391
 84    -3.68560830     4.06744764   -11.49096995
 85     9.44438836   -11.07348328    10.64879566
 86    10.28857657   -11.06791224    12.35112626
 87     9.57778029    -9.26029239    10.01914386
 88   -11.44909167    -4.78990695   -11.88384494
 89   -10.13465041    -5.10137702   -13.18072465
 90   -10.91341008    -5.61499752   -10.26580601
 91    10.85430115    12.40230262     4.41679080
 92     9.15631622    12.44810349     5.33624556
 93    11.70286253    14.04191088     4.88960085
 94    -7.49349952   -10.80024379    -5.72471320
 95    -8.30660865    -9.14255135    -6.36316197
 96    -8.39548871   -11.09111062    -4.06457729
 97    12.29622107     5.84445664    -6.39009626
 98    12.06174045     3.97004297    -6.20982118
 99    13.35461528     6.13076985    -7.94685021
100    -5.46839951    -7.85824823     5.34264504
101    -6.95846273    -6.69818747     4.89561296
102    -3.93854773    -7.15429370     4.43995481
103    -5.80226458    -6.88520071   -11.42456000
104    -4.94057451    -7.05683097   -13.15497830
105    -4.34458121    -6.60545177   -10.14674031
106     7.58783665    -6.97405153     1.26151200
107     9.14866363    -7.43665597     2.33034336
108     6.04663469    -7.03523820     2.52859271
109    13.95555356    -0.62173351     6.34430337
110    12.08696750    -0.23814581     6.03127597
111    14.88113508     0.89579292     5.52137865
112    -2.70829988    -7.28572495   -15.54345605
113    -1.86041506    -8.94656149   -15.14197479
114    -1.42823074    -6.19100313   -16.44422605
115    -0.36050598   -11.00256058   -11.78809900
116    -2.18498358   -11.52844282   -11.38020593
117     0.74623639   -11.63174510   -10.33135070
118    -2.72441485     7.71414368     8.55908853
119    -1.02689987     7.93014347     9.35180132
120    -3.68943827     6.56514730     9.79645737
121     2.30593596     7.87879608   -10.36255085
122     3.94975212     7.82565058    -9.26607709
123     2.11779694     6.02113574   -10.93646091
124   -14.59758576     3.70244342    -1.61506499
125   -14.26600683     4.77552153    -0.07208249
126   -15.08516598     1.97800457    -0.96005621
127    -3.68976340     1.31269674    -5.52437425
128    -3.12490664     2.82508410    -4.52022485
129    -3.67317617     1.85865799    -7.37590834
130    -1.53910013   -12.14245060     9.76376702
131    -2.93123983   -10.82433335     9.91904235
132    -2.04834658   -13.43259972    11.09286500
133     8.11031052     5.51800448     5.34712400
134     6.81031595     6.73276847     4.58893967
135     9.83832324     6.08737017     4.70000870
136     9.96171528    -7.42258373    -3.24590346
137     8.96526358    -8.68770359    -4.23693749
138     9.05053182    -7.34398060    -1.55967229
139     6.95642008    -1.82266858     1.46306319
140     5.24076270    -1.45463536     0.59244715
141     7.29844450    -3.69116785     1.27082409
142    16.37074956    -0.28974912    -4.33012072
143    14.66547449     0.13391330    -5.19019007
144    16.17990630    -2.16081507    -3.83772237
145    -1.06773232    -6.40350147     2.77465989
146    -2.16567448    -4.97002395     1.96169800
147    -1.11294626    -7.94962229     1.54911280
148   -10.47874033     9.50732652    -3.91976680
149   -12.02804221     8.41703714    -4.23121344
150    -9.38825292     9.14223396    -5.48916583
151    14.74507914    -5.19436444    -2.83814842
152    13.19697089    -6.29704604    -3.26183270
153    14.63290348    -4.94907958    -0.92755075
154   -10.39632113    10.26948317     1.06676844
155   -10.50594208    10.00760668    -0.88910039
156    -8.48038992    10.42041463     1.34253755
157    11.52223443    -8.30759709     4.24907086
158    10.96452333    -7.93451912     6.03851995
159    11.39745486   -10.20457284     3.96310605
160     6.73287236     3.18758489    -5.33643085
161     8.50020121     2.40868970    -5.36541141
162     6.47664544     3.69657113    -3.45016826
163    13.25214520    -3.05037638    10.78042759
164    12.19205315    -1.91247775    11.87884207
165    13.85557744    -2.00296481     9.28664701
166    12.59422419     7.46608934     3.62961110
167    12.10716791     9.27879377     4.04947332
168    12.81803019     7.27346884     1.73055754
169    -5.81064682     1.37600210     2.88474399
170    -5.39765565     0.62873149     4.62500617
171    -7.72573170     1.52048898     2.78840566
172    13.72854123    -4.12190115     2.23126350
173    14.50407071    -3.15379561     3.70812654
174    12.92606519    -5.70875735     3.00409783
175   -13.51190324    -4.50705728    -3.76045970
176   -11.83187138    -4.43868244    -2.77035202
177   -13.23598071    -6.05117548    -4.89116806
178    -9.08106557    -4.92927639    -1.13178791
179    -8.64044959    -4.52094049     0.68760380
180    -8.30938283    -3.47265404    -2.17943264
181     1.26477953    -4.14459554   -16.83167912
182     2.73794852    -3.05964789   -17.40159044
183     2.03402284    -5.45889052   -15.61748183
184    -1.18108306    -3.72402233     7.14840716
185    -1.13651607    -4.88447653     5.59323373
186     0.00541674    -4.52213558     8.43504651
187     9.07058217     0.36025132     5.50520200
188     8.75490155     2.21584452     5.30285246
189     8.31192857    -0.47993456     3.94795851
190     3.98693432    14.15088370     1.81251354
191     4.66882752    13.29730935     0.19656485
192     3.28354702    15.84052192     1.11641438
193     4.87938728     8.45429154     2.92740998
194     3.03005559     7.98587882     3.31567932
195     4.88307015    10.33863360     2.69040939
196    17.46321743     3.52173308    -1.08662207
197    16.80197460     2.06433534    -2.16976506
198    19.33869835     3.64172504    -1.49451592
199    -5.81793398   -11.62739976     1.69214975
200    -4.00721435   -11.50137028     0.95992858
201    -5.76742363   -10.61236377     3.33065737
202    13.62740106     7.28648477    -1.44946513
203    15.13847513     6.07795047    -1.34120173
204    12.79549149     6.85956745    -3.14822830
205    -9.05525665    -4.34723982     4.21229424
206   -10.97546235    -4.13708020     4.27554870
207    -8.25798515    -2.97705188     5.29584998
208    -1.21637047   -14.48107082     5.03568235
209    -1.23046499   -13.59058520     6.76923476
210     0.57667254   -14.15593606     4.27008417
211     6.40968901   -10.04025088    -6.00594047
212     4.82835285   -11.00726245    -6.54155814
213     7.05205725    -9.24078419    -7.61382521
214     6.77684412    -3.86637090   -13.10278785
215     5.25433890    -5.04017919   -13.05691121
216     6.49179122    -2.69676548   -14.56877230
217     0.98406694     1.30817658    15.83529900
218     0.10060567     3.00056084    16.11248295
219     2.84316567     1.75385191    15.90985900
220    11.55357010     0.76739306    -5.78623471
221    10.79710137    -0.53549757    -7.00001312
222    11.37543734     0.06327590    -3.96397429
223    -3.03378349     6.36637578    -3.95466526
224    -3.76641875     7.05099396    -5.56538980
225    -1.30808013     7.22058494    -3.78366543
226   -11.01574784    11.30269592     6.25764545
227   -11.00099152    11.32246585     4.34753648
228    -9.19778853    11.39707922     6.86637672
229     8.65424863    -7.86267155   -10.40435169
230     9.35347287    -9.09167095   -11.63558912
231     7.82338957    -6.41432648   -11.38729822
232    -0.22464358    12.71705306    -6.37361681
233     0.32554831    11.41916257    -5.01718174
234    -1.05654643    14.13866225    -5.41345235
235    -2.16685618   -18.40578017     2.05642409
236    -3.93237059   -18.14100517     1.44778739
237    -1.85536203   -17.08583501     3.44486687
238    -6.08082784    -0.73050285    12.31277664
239    -5.71893904    -1.39839589    14.09259250
240    -4.34151257    -0.39188796    11.64723194
241    -5.39373837    -8.78865712    10.26034930
242    -5.47731845    -8.42812312     8.36266759
243    -7.24899248    -8.74238801    10.82125595
244    -1.39674686    -0.32168551   -14.51791711
245    -0.79545382    -1.74250633   -15.59290733
246    -2.87567672     0.56783356   -15.40279339
247    -6.39764427    12.74394383    -2.97543871
248    -5.88998745    11.98387734    -1.28647290
249    -8.03629950    11.86809157    -3.48978470
250     6.14675933    13.36965512     6.42283142
251     5.36411794    14.11977554     4.82938072
252     4.66706389    13.21614337     7.67200363
253   -14.24187039    -9.06085192     1.65023723
254   -15.54566794   -10.40107827     1.38143316
255   -12.76965201    -9.47902501     0.52756704
256     2.29168482   -17.63323197    -0.43693395
257     2.93826042   -16.28429050     0.79668528
258     0.66240530   -18.24888587     0.41666230
259     9.56744190    -2.76228669    -8.84044261
260    10.26434945    -4.54010527    -8.75072826
261     8.52570078    -2.63850582   -10.47018582
262    -3.25987625    19.41747129     1.17403073
263    -2.91746636    18.31814063     2.75647866
264    -4.49504300    20.71182171     1.74864024
265    -3.40337869    -2.02254888    16.77182770
266    -2.96257433    -3.59016196    15.69070487
267    -1.70851375    -1.06914368    16.79887307
268    -2.57090929     9.19033563    -9.26754121
269    -0.86511168     8.39724757    -9.60404386
270    -2.11279559    10.75899024    -8.24253682
271     5.78374051    11.82811370    -2.34850809
272     5.91912529    12.63180855    -4.10320914
273     7.62914922    11.50428492    -1.76863078
274     1.60668815     3.09141365   -11.86995608
275     0.14574924     2.13817539   -12.73655514
276     1.85206727     2.17423703   -10.17365910
277   -14.14635112    -4.53546353     4.14753569
278   -14.09550380    -4.90042997     6.02969020
279   -14.31336225    -6.28197068     3.32846081
280     4.06192827   -10.44915495    -0.97668303
281     4.67464843   -10.34151721    -2.80298447
282     4.93522792    -9.03596544    -0.05719434
283     3.43078207   -13.73954512     2.83168776
284     4.66917175   -13.48957876     4.25340600
285     3.69618926   -12.30036342     1.54557887
286   -12.82578421     0.19393999   -11.43352442
287   -14.01063639    -0.03337522    -9.95137341
288   -12.23752669    -1.61877531   -11.83767138
289    -2.35265800    16.39958687     5.14326912
290    -1.51755301    14.81192954     4.35176278
291    -2.22568538    16.15941773     7.04421769
292     2.06718831    12.48684883     9.22075137
293     1.86167236    10.76390711    10.05793347
294     0.35220317    13.31504620     9.40852937
295    -2.48622038   -10.13372384    -5.48489610
296    -4.33435170   -10.68079764    -5.67110826
297    -2.25009595    -8.53907668    -6.54244376
298    -1.29629837     1.19921030    11.26507072
299    -0.24541234     0.94498607    12.85563120
300    -0.14453450     0.93610323     9.73724493
301    -5.26825088     2.84631022   -16.22028687
302    -7.17945001     2.89259684   -16.01918056
303    -4.57723416     4.55439616   -15.67764762
304    -9.77514110    -9.89948851    -1.09080980
305    -8.49617457   -10.59980746     0.12456237
306    -9.36662169    -8.02841517    -1.30524984
307     5.97168383     3.01128834    15.73057387
308     7.08347073     1.50167168    15.44130311
309     6.78153106     4.42711928    14.75828935
310     6.63154344    -3.65346661    -4.63713424
311     7.03759821    -3.02839427    -6.37357719
312     8.06416085    -4.86240056    -4.16781986
313    -3.14841537     6.91365276   -13.95894974
314    -3.27610809     7.95511858   -12.36469891
315    -1.44684758     7.39184656   -14.77460119
316   -10.43698984    -8.60262442    11.21266180
317   -11.53648698   -10.08341880    11.62107843
318   -11.50709041    -7.24331993    10.34049072
319     1.68027138    17.97667751    -0.49933608
320     0.70392769    17.14495244    -1.95157140
321     0.36978164    19.08635130     0.36446130
322    16.04835077     3.39318748     3.81993077
323    16.68518488     3.45165620     1.98441018
324    15.00181454     4.96110207     4.09509176
325     5.30520624    -0.81442228   -17.34768372
326     4.54063656     0.93785856   -16.97689366
327     6.64498791    -0.63824010   -18.68584672
328   -10.95382119    -1.50925384    10.78981025
329   -11.23295562     0.06103067     9.72129662
330    -9.19668851    -1.24915308    11.59313792
331   -11.53749120     2.31026754    -5.34813815
332   -12.56472546     3.17441729    -3.94378645
333   -12.84895929     1.12258739    -6.10618056
334    -7.90342261    -1.27337011    -4.75175168
335    -6.22162564    -0.33763484    -5.03985489
336    -9.18986873     0.15322662    -4.82395694
337   -15.44560034    -0.83623674    -6.77350539
338   -14.77978378    -2.27105329    -5.68971693
339   -17.33856757    -0.93388742    -6.73885614
340     6.80815247   -13.04707924     6.80502121
341     7.75686982   -12.52925780     8.42804677
342     8.22577654   -13.28901303     5.53083754
343    10.41619831    11.25223637    -0.76212250
344    10.42417065    11.68294098     1.10109420
345    11.76026116     9.88191682    -1.00126075
346    -1.23873095   -10.33574852    -0.46569925
347    -1.86812036   -10.33057083    -2.31688725
348     0.65674277   -10.72617577    -0.62257124
349   -10.82892259     1.69977733     2.65310552
350   -11.38101322     3.50648613     2.26977448
351   -12.06932893     0.58017391     1.71766039
352   -13.28893054     6.30045752     2.43402009
353   -13.62798430     6.56465113     4.29031648
354   -12.38745603     7.91686164     1.88929429
355     6.31910135     4.21466278    -0.23500088
356     6.23653937     5.89210317     0.68669345
357     4.99234677     3.15008400     0.67892476
358    -2.47318403    -5.52835981    -7.84742133
359    -2.21608378    -4.74649090    -6.10732361
360    -1.24098258    -4.57384109    -9.00420062
361    -7.05797994   -16.67589795     0.59376043
362    -6.46596337   -14.95353339     1.16187126
363    -8.50320528   -16.35792882    -0.63033576
364     2.47028572   -16.69304308    -5.36860447
365     2.17495472   -18.50258262    -5.94956624
366     2.47658233   -16.92116925    -3.42895868
367     6.38398099    -2.18941144     8.97140644
368     7.66489682    -1.49479781     7.73950121
369     4.74991724    -1.41090405     8.30883841
370     0.88193866    -2.89343377   -10.46747817
371    -0.11279594    -1.91455416   -11.85988548
372     1.46118425    -1.59698949    -9.15971358
373    -5.25178324    10.46858546     1.69921109
374    -3.56182185    11.38236840     1.88072216
375    -4.72475714     8.59370275     1.50668475
376     4.54485995     4.40189790     8.78996012
377     5.85819255     4.77860587     7.39771915
378     3.53126008     2.86344133     8.14786254
379     2.82926057    -9.98707509     8.38623352
380     4.21888551   -11.29631494     7.97667912
381     1.26879711   -11.02810036     8.98316935
382     5.00624222    12.96252120    -7.18923835
383     5.44388134    11.20624626    -7.73988015
384     3.12555739    13.18460292    -7.35214943
385    11.22224387    -0.95524415    -1.08873563
386     9.52338172    -0.81594660    -0.12512407
387    12.36294857    -1.99132113     0.05632688
388     2.12084387    -5.48090530    10.64409106
389     2.57573713    -7.22073036     9.93769233
390     3.72299084    -4.45749238    10.59602344
391    -9.09772049    -5.99494473    -7.40630122
392    -7.72280230    -6.13862706    -8.73714359
393    -8.72955158    -4.31509659    -6.52068168
394     3.72099020    -7.25213186     4.22689947
395     1.95312967    -6.68286607     3.64405440
396     3.39242297    -8.44552600     5.71118119
397     3.07674752    -1.47028006    -1.83370639
398     2.98883085     0.25099405    -2.67454128
399     4.45956563    -2.42348557    -2.82527164
400    -0.10037920     7.24723922     4.16387613
401    -1.02784253     7.15458186     5.83859238
402    -1.29412467     6.47901134     2.84576115
403   -13.90270168     7.28529298     7.55704493
404   -15.62881542     7.96196602     8.01702101
405   -12.72828897     8.83991275     7.52814329
406    -9.37480884     3.64410030    -9.91150207
407   -10.59832752     2.39205352   -10.80707379
408    -9.80125690     3.49921400    -8.05858086
409    -2.89428648    14.42027777     9.94285618
410    -4.08354594    13.52662389     8.71152184
411    -3.82001370    14.68701493    11.56764009
412     3.92956353     3.85370629   -16.22280023
413     3.23928663     5.58434414   -16.67261373
414     3.08543965     3.48388713   -14.56128557
415    -2.38578427    -5.51012463    13.29048841
416    -0.69853210    -5.63234618    12.41601857
417    -3.57788482    -6.67867592    12.28293344

 Atomic and electronic forces:
  1    -0.00462906    -0.00180138     0.00152730     0.00147792     0.00034545     0.00269887
  2    -0.00255148     0.00038057    -0.00169543    -0.00084500    -0.00029364    -0.00126824
  3     0.00687346     0.00287456    -0.00091737    -0.00080241    -0.00021831    -0.00173394
  4     0.00198811    -0.00761711    -0.00443678    -0.00201158     0.00242261     0.00270674
  5    -0.00168049    -0.00003775     0.00471640     0.00101436    -0.00120563    -0.00175561
  6    -0.00372166     0.00528843     0.00126737     0.00135894    -0.00160769    -0.00146066
  7    -0.00878701    -0.00198936     0.02009655     0.00011816     0.00123315     0.00367760
  8     0.00336455     0.00457317    -0.01412300     0.00000464    -0.00040164    -0.00153948
  9     0.00966800    -0.00907058    -0.00392712    -0.00027702    -0.00053749    -0.00213611
 10     0.00392235    -0.00870008    -0.00039223    -0.00457027     0.00258462    -0.00285969
 11    -0.00514347     0.00545946     0.00241882     0.00227073    -0.00083781     0.00161344
 12     0.00060440     0.00249579    -0.00088859     0.00218313    -0.00170714     0.00186090
 13     0.00440065    -0.00568286     0.00619850    -0.00076952    -0.00193360    -0.00102945
 14    -0.00743394     0.00943955    -0.00258962     0.00049851     0.00103277     0.00064951
 15    -0.00083043     0.00064390    -0.00173134     0.00043772     0.00099156     0.00041327
 16     0.00076032     0.00087450     0.01691459    -0.00240540    -0.00015896     0.00183772
 17    -0.00115025    -0.00130786    -0.00070066     0.00114487    -0.00007917    -0.00083813
 18     0.00282149     0.00001312    -0.01116533     0.00147792     0.00015538    -0.00093097
 19    -0.00231221     0.00403782    -0.00942509     0.00023212     0.00164744    -0.00391021
 20     0.00296064    -0.00145678     0.00835403    -0.00021085    -0.00123562     0.00251502
 21    -0.00202444    -0.00276885    -0.00199575    -0.00018815    -0.00083773     0.00158395
 22    -0.02445998    -0.01922512     0.01184440     0.00652002     0.00475607    -0.00577234
 23     0.00833428    -0.00396831     0.00241363    -0.00283055    -0.00181890     0.00179626
 24     0.01546607     0.02050337    -0.01254970    -0.00502644    -0.00226165     0.00377996
 25     0.00631072    -0.01946723    -0.01198910     0.00045096    -0.00259633    -0.00257927
 26    -0.01025555     0.00903872     0.01094249    -0.00019848     0.00169572     0.00169485
 27     0.00202646     0.01044339     0.00121022    -0.00008971     0.00125397     0.00104681
 28     0.01138169    -0.01182727    -0.00334847    -0.01381623     0.00708833     0.00856977
 29    -0.00864426     0.00252479     0.00637287     0.00855615    -0.00450588    -0.00223462
 30    -0.00172621     0.00352910     0.00038181     0.00627968    -0.00105224    -0.00398974
 31    -0.00511395    -0.01202365    -0.00004183     0.00134195    -0.00050361     0.00229539
 32     0.00457900    -0.00011951     0.00570467    -0.00074820     0.00040691    -0.00138324
 33     0.00116846     0.01177988    -0.00114427    -0.00072450     0.00011479    -0.00123543
 34    -0.00710294    -0.04057955     0.00259291     0.00043709     0.02165511    -0.00232789
 35     0.00052295     0.02584945    -0.00352761    -0.00193436    -0.01253012     0.00054505
 36     0.01456740     0.01432521     0.00212905    -0.00206168    -0.00746800     0.00032846
 37     0.00458022    -0.00004290    -0.00029560    -0.00125263     0.00028328     0.00307312
 38     0.00077782     0.00201529    -0.00037692     0.00057001     0.00000850    -0.00177243
 39    -0.00357793     0.00008971     0.00058783     0.00069152    -0.00003574    -0.00134334
 40     0.01188761    -0.00525940    -0.00457053     0.00139250    -0.00150006     0.00173959
 41    -0.01349319     0.00840743     0.00072218    -0.00072627     0.00082625    -0.00110436
 42     0.00081548    -0.00427484     0.00365636    -0.00073850     0.00060412    -0.00082849
 43     0.01848768     0.01364540     0.00231757    -0.00136244    -0.00077855     0.00105597
 44    -0.00795134    -0.00102500     0.00294328     0.00060303     0.00030105    -0.00046391
 45    -0.00882741    -0.01048349    -0.00404510     0.00074169     0.00038491    -0.00065550
 46     0.01074000    -0.01749364     0.00696603     0.00098673    -0.00173417     0.00056263
 47    -0.00485414     0.00329056    -0.00960721    -0.00052326     0.00097053    -0.00021087
 48    -0.00517010     0.01204269     0.00233904    -0.00041475     0.00072845    -0.00022046
 49    -0.00193532     0.02095519     0.02777463     0.00582669    -0.01040497    -0.01984930
 50     0.00126510    -0.00854626    -0.01157528    -0.00589355     0.00332440     0.00779824
 51     0.00215584    -0.01128884    -0.01750413    -0.00030126     0.00498673     0.01177797
 52    -0.00733992    -0.00048404    -0.02612071     0.00635523    -0.00735254     0.02225447
 53     0.00620259    -0.00446086     0.01333814    -0.00236724     0.00733239    -0.00905949
 54    -0.00057610     0.00387155     0.01107031    -0.00068647     0.00013422    -0.01191204
 55     0.01390069     0.00473636     0.00815279    -0.00611454    -0.01481413    -0.00313959
 56    -0.00429393    -0.01139556     0.00011594     0.00112949     0.00930535     0.00100916
 57    -0.01073743     0.00196270    -0.00402944     0.00492283     0.00700155     0.00332486
 58     0.00317554     0.00250296    -0.00018053     0.00098954    -0.00247539     0.00757118
 59     0.00360557     0.00380931    -0.00154193    -0.00094424     0.00179308    -0.00548155
 60    -0.00698633    -0.00837803     0.00420725    -0.00000960     0.00164800    -0.00336996
 61     0.01241215     0.00780066    -0.01657128    -0.00607671    -0.00767096     0.00367772
 62    -0.00611035     0.00087952     0.00248376     0.00403149     0.00329029    -0.00262288
 63    -0.00640212    -0.00623790     0.01111345     0.00362841     0.00513795    -0.00103915
 64     0.00165754    -0.00322132    -0.00768782    -0.00119732     0.00628290     0.00378338
 65    -0.00334876    -0.00076833     0.00730260     0.00067442    -0.00378540    -0.00305095
 66     0.00132160     0.00478134     0.00132623    -0.00000733    -0.00315837    -0.00157763
 67     0.00008336    -0.01227137     0.00329406     0.00019943    -0.00294030    -0.00091395
 68    -0.00385729    -0.00131820     0.00141437     0.00006338     0.00168064     0.00045829
 69     0.00026665     0.01084741    -0.00575098    -0.00008622     0.00124803     0.00029742
 70     0.00078004     0.00500799     0.01251315    -0.00132889     0.00443514    -0.00026328
 71     0.00407243    -0.00483307    -0.01045804     0.00058032    -0.00185189    -0.00008810
 72    -0.00265700     0.00477078    -0.00002936     0.00108635    -0.00235323     0.00018659
 73     0.02305764    -0.01199075    -0.00786086    -0.00281992    -0.00191935     0.00397454
 74    -0.00000186    -0.00356859     0.00074944     0.00104852     0.00064089    -0.00165982
 75    -0.02218345     0.01136933     0.00754188     0.00117264     0.00132332    -0.00221789
 76    -0.01420672    -0.00597871    -0.02046692    -0.00031056     0.00035167     0.00235156
 77    -0.00055598     0.00340482     0.00825528     0.00015742    -0.00016604    -0.00097509
 78     0.01597988     0.00147367     0.01010235     0.00029990    -0.00018770    -0.00129498
 79     0.00403878    -0.01264611    -0.01552090    -0.00286481    -0.00080814     0.00046852
 80    -0.00034414    -0.00008273     0.00107426     0.00126239     0.00045214    -0.00032309
 81    -0.00281431     0.00864377     0.01626830     0.00141668     0.00050798    -0.00008930
 82     0.00649415    -0.00046858     0.00678481    -0.00542438    -0.00043563    -0.00725221
 83     0.00067511     0.00015299    -0.00219126     0.00243996     0.00009875     0.00250664
 84    -0.00213326     0.00330967    -0.00912507     0.00188222    -0.00024510     0.00342514
 85     0.00065887    -0.00292936     0.00309716     0.00072771    -0.00123056     0.00110801
 86    -0.00072361    -0.00275881    -0.00024549    -0.00033008     0.00050821    -0.00051761
 87     0.00043889     0.00484087    -0.00251788    -0.00046397     0.00067494    -0.00066112
 88    -0.01676204     0.01339096    -0.00246863    -0.00184772    -0.00120438    -0.00139613
 89     0.01177914    -0.00613916    -0.00762756     0.00082997     0.00062827     0.00079572
 90     0.00494484    -0.00484634     0.00856671     0.00101590     0.00076186     0.00066640
 91    -0.00095150    -0.00252682    -0.00077729     0.00239165     0.00215692     0.00165115
 92    -0.00283920     0.00227806     0.00102773    -0.00111923    -0.00122553    -0.00105591
 93     0.00064923    -0.00177611    -0.00101045    -0.00093410    -0.00092042    -0.00063587
 94    -0.00979164     0.01765087    -0.01153591    -0.00144537    -0.00240974    -0.00057023
 95     0.00857871    -0.01283568     0.00167222     0.00091426     0.00122617     0.00039122
 96    -0.00097079    -0.00310154     0.00659841     0.00073982     0.00113810     0.00013447
 97     0.00006530     0.01831793    -0.00077501     0.00503008     0.00103083    -0.00169648
 98     0.00060032    -0.01655405    -0.00002496    -0.00280625    -0.00011720     0.00091923
 99    -0.00089503    -0.00137965     0.00278402    -0.00193473    -0.00041035     0.00084012
100    -0.00620545     0.00071535    -0.00180534    -0.00154469    -0.00269603     0.00183663
101     0.00324905    -0.00084822    -0.00008238     0.00102720     0.00129996    -0.00092999
102     0.00092438    -0.00033347    -0.00188602     0.00082971     0.00178816    -0.00114332
103     0.01120411    -0.00514740     0.00854987    -0.00156550    -0.00234916    -0.00205279
104    -0.00021099     0.00427330     0.00223322     0.00058594     0.00102405     0.00104735
105    -0.01126590     0.00277402    -0.01019952     0.00085238     0.00158285     0.00121902
106    -0.01322708    -0.00173939     0.01343812     0.00254727    -0.00391601     0.00138133
107    -0.00582628     0.00155350    -0.00119575    -0.00112736     0.00147302    -0.00064308
108     0.02027201     0.00043316    -0.01065541    -0.00105561     0.00210758    -0.00098980
109     0.00567344     0.01445694    -0.01014022     0.00248448    -0.00077054     0.00166335
110     0.00053187    -0.00224537     0.00187837    -0.00150419     0.00049218    -0.00113024
111    -0.00081403    -0.01114218     0.00602481    -0.00132638     0.00024161    -0.00075286
112    -0.00579002    -0.00527473     0.00531787    -0.00058909    -0.00168552    -0.00205835
113     0.00086815     0.00024392    -0.00030245     0.00020440     0.00087744     0.00089967
114     0.00232824     0.00327152    -0.00242928     0.00020050     0.00078397     0.00113787
115     0.00293595     0.00510803     0.00094645    -0.00021625    -0.00229952    -0.00149012
116     0.00751547    -0.00507367    -0.00066027     0.00023569     0.00110437     0.00066146
117    -0.00700070    -0.00123069    -0.00191548     0.00001961     0.00125753     0.00065957
118    -0.02688218    -0.01144461    -0.01247055    -0.00163104     0.00191679     0.00473486
119     0.02086349     0.00547762     0.01670940     0.00040244    -0.00091614    -0.00233271
120     0.00051330     0.00586113    -0.00394767     0.00080309    -0.00055598    -0.00206955
121     0.02084850    -0.02019267     0.02185067     0.00134075     0.00492265    -0.00850289
122    -0.01663460     0.00848606    -0.01786058    -0.00189041    -0.00285005     0.00430600
123    -0.00143983     0.00829251    -0.00323807    -0.00062192    -0.00150710     0.00490808
124     0.00082998     0.00186087    -0.01614684    -0.00330402     0.00008569     0.00015251
125    -0.00081908     0.00819969     0.00986044     0.00166314    -0.00016115    -0.00024484
126    -0.00193851    -0.00825005     0.00367118     0.00153885     0.00012600    -0.00013071
127     0.01765586    -0.00818891     0.01210780    -0.01571208    -0.00642710    -0.00985631
128    -0.00863176     0.01198751    -0.00097251     0.01026750     0.00101486     0.00488723
129    -0.00888511     0.00310860    -0.01004571     0.00518484     0.00161493     0.00506200
130    -0.00240380    -0.01247776     0.01035836    -0.00025761    -0.00162441     0.00126724
131    -0.00436805     0.00797384    -0.00293763     0.00022529     0.00082857    -0.00071526
132     0.00678648     0.00240103    -0.00729172     0.00011896     0.00067138    -0.00053686
133    -0.00212768    -0.00901712     0.00274024     0.00465354     0.00129780     0.00494581
134     0.00522787     0.00500152    -0.00324024    -0.00261875    -0.00141671    -0.00305948
135     0.00067266     0.00295429     0.00113424    -0.00226562    -0.00065414    -0.00179435
136     0.00693204     0.00904699     0.00664827     0.00259808    -0.00310552    -0.00022510
137    -0.00806712    -0.01264878    -0.01502982    -0.00104969     0.00157514     0.00023161
138     0.00204995     0.00363259     0.00728183    -0.00134825     0.00177369    -0.00014508
139    -0.02000196     0.02052870    -0.00215602     0.00680743    -0.00579761     0.00429898
140     0.02009490    -0.01227713     0.00788900    -0.00433035     0.00477634    -0.00294829
141    -0.00092639    -0.01144140    -0.00217458    -0.00240620     0.00263476    -0.00136703
142    -0.02036898    -0.00766475    -0.00445637     0.00307063    -0.00074469    -0.00036311
143     0.01779430    -0.00238736     0.00780982    -0.00188536     0.00045645     0.00036620
144     0.00280446     0.00804591    -0.00175068    -0.00143910     0.00052874     0.00012673
145    -0.00332608     0.00035598    -0.00710205    -0.00113536    -0.00566434     0.00291955
146     0.00560118    -0.01940755     0.00076231     0.00130597     0.00353453    -0.00177948
147    -0.00448441     0.01600893     0.00678848     0.00046181     0.00259028    -0.00087880
148    -0.00233154    -0.01197657    -0.00938122    -0.00404890     0.00216428    -0.00053263
149     0.00240964     0.00659774     0.00441656     0.00187073    -0.00072823     0.00026249
150     0.00067229     0.00351545     0.00123857     0.00224284    -0.00124141     0.00065073
151    -0.01258294    -0.00857654     0.00314923     0.00259944    -0.00162037    -0.00006821
152     0.01066208     0.00984809     0.00075009    -0.00130262     0.00103034     0.00008358
153     0.00312738     0.00143261    -0.00401953    -0.00133323     0.00081323    -0.00014889
154     0.01438877    -0.00471353    -0.02192713    -0.00350000     0.00212058     0.00103298
155    -0.00617507     0.00510338     0.01970673     0.00193297    -0.00111606    -0.00024268
156    -0.00800803     0.00109825     0.00510564     0.00200714    -0.00148696    -0.00076400
157    -0.00128768     0.00382730    -0.01000747     0.00171695    -0.00188834     0.00107258
158    -0.00054384     0.00024067     0.00842610    -0.00079060     0.00088762    -0.00066012
159    -0.00027128    -0.00158234     0.00343803    -0.00069919     0.00090473    -0.00042329
160    -0.01061533     0.00451269     0.02664920     0.01623723    -0.00092125    -0.00755767
161    -0.00198675     0.00096410    -0.00444070    -0.00540577     0.00075966     0.00198572
162     0.01047021    -0.00472452    -0.01692761    -0.00981241    -0.00031374     0.00151762
163     0.00379079    -0.01142893    -0.00199706     0.00143080    -0.00074770     0.00152327
164    -0.00446251     0.00829593     0.00295417    -0.00067980     0.00032006    -0.00085709
165     0.00145732     0.00241081    -0.00240887    -0.00087056     0.00036394    -0.00078385
166    -0.00505038    -0.00876167     0.00770176     0.00364531     0.00123901     0.00189160
167     0.00328148     0.00236217    -0.00520893    -0.00160994    -0.00083304    -0.00093237
168     0.00217887     0.00769975    -0.00231361    -0.00212822    -0.00067337    -0.00074876
169     0.02314724     0.00539728    -0.00926447    -0.00814260    -0.00216071     0.00606083
170    -0.01171444    -0.00043882    -0.00000872     0.00277992     0.00113256    -0.00296101
171    -0.01018668    -0.00225027     0.00440168     0.00327165     0.00063800    -0.00188246
172    -0.00066591    -0.00142238     0.00248188     0.00275014    -0.00161537     0.00099899
173    -0.00386103    -0.00132560    -0.00257139    -0.00128322     0.00062002    -0.00057807
174     0.00491846     0.00310287    -0.00049358    -0.00119242     0.00090283    -0.00053693
175     0.01848940    -0.01043792    -0.00349061    -0.00259684    -0.00139868    -0.00025323
176    -0.01071912    -0.00079126    -0.00071994     0.00154902     0.00093492     0.00005408
177    -0.00708633     0.01081574     0.00555823     0.00113402     0.00074616     0.00020159
178     0.00517870     0.01915521    -0.01505124    -0.00364301    -0.00298075     0.00041821
179    -0.00003079    -0.00204945     0.00716441     0.00188639     0.00153405    -0.00057964
180    -0.00530235    -0.01297061     0.00543758     0.00247005     0.00179814    -0.00002510
181     0.00305651    -0.01256520     0.00676481     0.00004615    -0.00145053    -0.00273839
182     0.00256356     0.00466276    -0.00148463    -0.00016142     0.00061121     0.00139742
183    -0.00527102     0.00856547    -0.00609881    -0.00010462     0.00090940     0.00134012
184    -0.00008332     0.00194776    -0.01417518    -0.00096830    -0.00333461     0.00446011
185     0.00015665     0.00269131     0.00666730     0.00052836     0.00216644    -0.00207217
186    -0.00025172    -0.00366564     0.00710600     0.00014700     0.00135253    -0.00184702
187     0.00102236    -0.01429585     0.00466512     0.00403938    -0.00150688     0.00386583
188    -0.00115527     0.01830966    -0.00044278    -0.00235249     0.00036862    -0.00228127
189    -0.00106032    -0.00173489    -0.00510384    -0.00257645     0.00134308    -0.00217982
190    -0.00249948    -0.00183551    -0.01574284     0.00141749     0.00516883     0.00201571
191     0.00175085     0.00450578     0.00615445    -0.00115982    -0.00316262    -0.00082776
192     0.00283356    -0.00302059     0.00492618    -0.00040261    -0.00225846    -0.00063603
193    -0.01973600    -0.01365572    -0.00581630     0.00563522     0.00695267     0.00747412
194     0.01183838     0.00345159     0.00444705    -0.00185709    -0.00399875    -0.00503508
195     0.00388030     0.00952622     0.00247024    -0.00190638    -0.00332516    -0.00245943
196     0.00828603     0.00733034    -0.00259033     0.00294772     0.00000928     0.00024878
197     0.00280869    -0.00389545    -0.00255410    -0.00160348     0.00014158    -0.00003250
198    -0.01113454    -0.00166550     0.00252440    -0.00120374    -0.00001162    -0.00006450
199     0.01369317     0.00131946    -0.00469195    -0.00113694    -0.00251364     0.00067369
200    -0.01396410    -0.00077343     0.00661187     0.00049386     0.00148109    -0.00032743
201     0.00010754    -0.00232607    -0.00133310     0.00061235     0.00127222    -0.00051393
202    -0.00160912    -0.01006862    -0.00543352     0.00438197     0.00130305     0.00036216
203    -0.00332163     0.00410617     0.00038601    -0.00190979    -0.00034722    -0.00015483
204     0.00623589     0.00232689     0.00344437    -0.00257250    -0.00072352     0.00013536
205     0.00487857     0.00060838    -0.00264779    -0.00284180    -0.00216586     0.00183497
206     0.00374375     0.00020172     0.00075969     0.00129928     0.00080784    -0.00071203
207    -0.00339052     0.00018249     0.00105385     0.00153463     0.00104105    -0.00125393
208     0.02927120     0.01488452     0.00769881    -0.00023818    -0.00198361     0.00082008
209    -0.00323546    -0.00790399    -0.01430822     0.00012119     0.00095477    -0.00051275
210    -0.02554298    -0.00526165     0.00839377     0.00002114     0.00108982    -0.00041155
211     0.00134615     0.00074682     0.01079790     0.00133514    -0.00327055    -0.00086407
212    -0.00383116    -0.00149845    -0.00221170    -0.00042978     0.00158992     0.00045214
213     0.00547368     0.00329011    -0.00774085    -0.00074679     0.00154367     0.00062691
214     0.00598642    -0.00372868     0.01183041     0.00167695    -0.00211624    -0.00305458
215    -0.00439928    -0.00228326    -0.00258602    -0.00061153     0.00121422     0.00150771
216    -0.00320196     0.00866798    -0.01127760    -0.00072401     0.00081016     0.00158195
217    -0.00939526     0.00621027    -0.00202002     0.00000900    -0.00027499     0.00242235
218     0.00007084    -0.00303009     0.00056793     0.00005391     0.00002390    -0.00119829
219     0.01019426    -0.00045521     0.00264457    -0.00012655     0.00010643    -0.00119419
220    -0.00585979     0.00943124     0.00755965     0.00571451    -0.00144776    -0.00173806
221     0.00202634    -0.00569534     0.00145728    -0.00260979     0.00105444     0.00117366
222     0.00199241    -0.00295915    -0.00769385    -0.00311031     0.00100599     0.00042608
223     0.02206868    -0.01085027     0.00394967    -0.01765561     0.01250907    -0.00580970
224    -0.00899061     0.00539882    -0.00739345     0.00544301    -0.00401931     0.00315780
225    -0.01149079     0.00808585    -0.00129353     0.00619033    -0.00905443     0.00294007
226    -0.00122592    -0.00427772     0.00888096    -0.00206564     0.00136381     0.00146473
227     0.00247636     0.00120367    -0.00391014     0.00121803    -0.00080677    -0.00067168
228     0.00035848     0.00334820    -0.00423752     0.00103341    -0.00081219    -0.00092277
229    -0.00982086     0.01256930     0.01185483     0.00159236    -0.00233269    -0.00163276
230     0.00396226    -0.00684106    -0.01019452    -0.00062733     0.00093491     0.00068261
231     0.00688717    -0.00871353     0.00023063    -0.00084355     0.00120987     0.00108975
232     0.01014607    -0.02445235     0.00888551    -0.00105701     0.00705850    -0.00287472
233    -0.00527359     0.01346670    -0.01188493     0.00056047    -0.00517646     0.00158008
234    -0.00573125     0.01165478     0.00559527     0.00061331    -0.00297324     0.00080613
235     0.01933319    -0.00299989     0.00590465    -0.00022513    -0.00157447     0.00031978
236    -0.01731786     0.00295317    -0.00394374     0.00017829     0.00078479    -0.00013908
237    -0.00459277    -0.00149851    -0.00520169     0.00011598     0.00084864    -0.00024073
238    -0.01041881    -0.00453694     0.01008333    -0.00122557    -0.00070659     0.00254220
239    -0.00354024     0.00067277    -0.00148939     0.00044297     0.00031446    -0.00108857
240     0.01683203     0.00391632    -0.00351403     0.00059502     0.00041914    -0.00156949
241     0.00083839     0.00146565     0.00491178    -0.00080343    -0.00153924     0.00159459
242     0.00067550    -0.00009143    -0.00288821     0.00052154     0.00095640    -0.00086645
243     0.00082296    -0.00016154     0.00134240     0.00044228     0.00065171    -0.00070820
244    -0.00827224     0.02408492     0.02331677    -0.00095307    -0.00145679    -0.00462805
245     0.00444621    -0.01553378    -0.01895027     0.00026486     0.00074393     0.00187411
246     0.00419135    -0.00547411    -0.00008805     0.00062171     0.00044951     0.00201649
247    -0.00072774    -0.00781381     0.00230331    -0.00347161     0.00431083    -0.00026359
248    -0.00378789     0.00105151    -0.00170234     0.00203899    -0.00249233    -0.00030810
249     0.00355487     0.00366848     0.00055791     0.00188077    -0.00174641     0.00022167
250     0.00102010     0.00108765    -0.00343994     0.00145387     0.00279198     0.00247499
251     0.00112478    -0.00157867     0.00130409    -0.00070839    -0.00173397    -0.00116992
252     0.00307313    -0.00226764    -0.00027198    -0.00049459    -0.00131447    -0.00134770
253    -0.00873218     0.00605241     0.00788362    -0.00154315    -0.00125492     0.00040300
254    -0.00197559    -0.00270932    -0.00040272     0.00065087     0.00054048    -0.00014640
255     0.01175617    -0.00221544    -0.00643692     0.00081743     0.00076090    -0.00016965
256    -0.00130095     0.00767115     0.01199771     0.00011709    -0.00181470     0.00016834
257    -0.00120621    -0.00523720    -0.00628167    -0.00010269     0.00100306    -0.00016203
258     0.00076799    -0.00166301    -0.00457109     0.00001097     0.00085357    -0.00011033
259    -0.00634483     0.00912763    -0.00150092     0.00369422    -0.00265825    -0.00269036
260    -0.00124218    -0.00212976    -0.00442885    -0.00146093     0.00124953     0.00097410
261     0.00659035    -0.00601234     0.00345588    -0.00156571     0.00125984     0.00163535
262     0.00938696    -0.01533278     0.00628638    -0.00072369     0.00266312     0.00059112
263    -0.00162516     0.00350225    -0.00771307     0.00037966    -0.00141362    -0.00048498
264    -0.00712901     0.00862580     0.00062290     0.00035132    -0.00109021    -0.00026013
265     0.02612085     0.00136322    -0.01270044    -0.00042291    -0.00052354     0.00185932
266    -0.00931035     0.00443178     0.00554187     0.00020844     0.00037169    -0.00096421
267    -0.01642107    -0.00260647     0.00509799     0.00013888     0.00023302    -0.00100635
268    -0.00879602    -0.00315227     0.00661453    -0.00343392     0.00528006    -0.00597421
269     0.00951053     0.00030544    -0.00472238     0.00119557    -0.00291417     0.00400919
270    -0.00003529     0.00533979    -0.00203762     0.00138818    -0.00309347     0.00234724
271    -0.00117307    -0.00769589     0.00826003     0.00423970     0.00754264     0.00009915
272    -0.00059131     0.00072551    -0.00035122    -0.00168402    -0.00320097     0.00055501
273    -0.00468283     0.00525841    -0.00559036    -0.00236351    -0.00286665    -0.00025173
274    -0.01390488    -0.00818699     0.01076606     0.00057031    -0.00044429    -0.00923941
275     0.00840814     0.00203904    -0.00044983     0.00034122     0.00050312     0.00377534
276     0.00220918     0.00333881    -0.00921924    -0.00070059     0.00114874     0.00621838
277     0.00036699    -0.00212847    -0.00604621    -0.00203061    -0.00105217     0.00086521
278    -0.00350667     0.00114147     0.00847469     0.00088469     0.00048169    -0.00048860
279     0.00011026     0.00048490    -0.00367912     0.00092142     0.00057781    -0.00033955
280    -0.00380444    -0.00062135    -0.00871377     0.00088759    -0.00387237     0.00039376
281    -0.00033615    -0.00249137     0.00393259    -0.00053362     0.00194180     0.00005576
282     0.00645369     0.00673757     0.00148416    -0.00071058     0.00216907    -0.00040548
283    -0.00836929     0.00609157    -0.01041039     0.00034923    -0.00236660     0.00071847
284     0.00835952     0.00128477     0.00824810    -0.00024346     0.00108885    -0.00042725
285     0.00018027    -0.01127797     0.00530830    -0.00025968     0.00145414    -0.00036281
286     0.00807580    -0.01312599     0.00109606    -0.00236341    -0.00053682    -0.00152778
287    -0.00397011     0.00148896     0.00150435     0.00121416     0.00027182     0.00060618
288    -0.00484742     0.00897943    -0.00053240     0.00110132     0.00041165     0.00077724
289     0.01034816    -0.00874780    -0.00822309    -0.00076359     0.00289536     0.00166547
290    -0.01026506     0.01277873     0.00813496     0.00043399    -0.00190075    -0.00111190
291    -0.00187566    -0.00027104    -0.00107249     0.00031688    -0.00123128    -0.00090434
292    -0.00458115     0.00054138    -0.00297655     0.00027123     0.00230202     0.00293084
293     0.00382242    -0.00055102     0.00308052    -0.00011978    -0.00099922    -0.00168135
294    -0.00203510     0.00458730     0.00200224     0.00007462    -0.00111304    -0.00131726
295     0.00957207    -0.00225484     0.00214586    -0.00096426    -0.00375896    -0.00086199
296    -0.00006400     0.00446063    -0.00015175     0.00059790     0.00157857     0.00036963
297    -0.00748534    -0.00059449     0.00115520     0.00059869     0.00220011     0.00076364
298    -0.00355604    -0.00038977    -0.01600748    -0.00066218    -0.00064677     0.00408680
299     0.00448336    -0.00134723     0.00355413     0.00012826     0.00026983    -0.00169638
300    -0.00133329     0.00053875     0.01113118     0.00021888     0.00052613    -0.00262292
301    -0.01178737    -0.00718719     0.00067545    -0.00150300    -0.00013364    -0.00322337
302     0.01364233     0.00144066    -0.00195706     0.00085203     0.00005210     0.00138645
303    -0.00093815     0.00293043     0.00153501     0.00078792    -0.00015731     0.00181312
304    -0.01668683    -0.00294543    -0.01289399    -0.00174850    -0.00215053     0.00020133
305     0.01390900    -0.00511234     0.00996744     0.00078307     0.00115242    -0.00020239
306     0.00049137     0.00408955     0.00381237     0.00115596     0.00126780    -0.00011289
307    -0.01100023    -0.00445918     0.00292745     0.00062373    -0.00004751     0.00222643
308     0.00477645    -0.00467995     0.00065072    -0.00037301     0.00011440    -0.00107311
309     0.00517617     0.00542124    -0.00316070    -0.00040413    -0.00007023    -0.00117704
310    -0.00643600    -0.00116984     0.01775619     0.00557512    -0.00690297    -0.00205632
311     0.00835199     0.00105982    -0.01283594    -0.00269476     0.00284993     0.00168718
312    -0.00283730     0.00207636    -0.00184103    -0.00213712     0.00247135     0.00049943
313     0.01678698    -0.00377400    -0.00737898    -0.00171710     0.00139986    -0.00454357
314    -0.00106815     0.00692584     0.00356486     0.00114491    -0.00117396     0.00250836
315    -0.01356576    -0.00088084     0.00389371     0.00046920    -0.00072542     0.00222583
316     0.00451972     0.00868793    -0.00593311    -0.00095603    -0.00100091     0.00113388
317    -0.00488228     0.00013647    -0.00056618     0.00041773     0.00044839    -0.00046570
318     0.00036255    -0.01055754     0.00575388     0.00057661     0.00048848    -0.00058430
319    -0.01249011    -0.00614096    -0.00673972     0.00015052     0.00371848     0.00048629
320     0.00628612     0.00710573     0.00770807     0.00006404    -0.00215476    -0.00007257
321     0.00277204    -0.00070776    -0.00187201     0.00007260    -0.00158271    -0.00027865
322     0.00226699    -0.00672907    -0.00495041     0.00280548    -0.00001259     0.00115981
323    -0.00313488    -0.00069897     0.00883290    -0.00146833     0.00000130    -0.00041346
324    -0.00279898     0.00600961    -0.00066231    -0.00151815    -0.00016050    -0.00070343
325    -0.00282598    -0.01175980     0.00449401     0.00085260    -0.00084881    -0.00293998
326     0.00979259    -0.00016241    -0.00534704    -0.00042078     0.00030236     0.00172469
327    -0.00311421     0.00704181     0.00089332    -0.00042367     0.00030771     0.00121369
328     0.01538963    -0.00184498     0.00621520    -0.00157003    -0.00063456     0.00171959
329    -0.00579070     0.00605334    -0.00474621     0.00094044     0.00024976    -0.00092296
330    -0.01192229    -0.00437570    -0.00350655     0.00073554     0.00033027    -0.00100326
331    -0.00101770     0.00144970     0.00327336    -0.00464430    -0.00036565    -0.00110025
332     0.00284960    -0.00018064     0.00013782     0.00215209     0.00001873     0.00025209
333    -0.00178068    -0.00133229    -0.00402156     0.00183649     0.00028940     0.00049264
334     0.00914107     0.00120834     0.00267115    -0.00645550    -0.00330190    -0.00176835
335    -0.00483961    -0.00759802    -0.00080967     0.00449738     0.00223908     0.00167966
336    -0.00920819     0.00041664    -0.00137197     0.00310851     0.00095421     0.00075931
337     0.00436112     0.00703973    -0.00721141    -0.00247634    -0.00062514    -0.00065915
338     0.00024812    -0.00639115     0.00410539     0.00129167     0.00045683     0.00027129
339    -0.00212367    -0.00048569     0.00089329     0.00103507     0.00024014     0.00024516
340     0.00308889     0.00483067     0.00491840     0.00062923    -0.00174769     0.00097593
341    -0.00425685    -0.00146078    -0.00211726    -0.00033019     0.00076542    -0.00051938
342    -0.00057794    -0.00024834    -0.00371979    -0.00038334     0.00087191    -0.00041364
343     0.00063207    -0.00884235    -0.00036036     0.00406136     0.00333288     0.00073677
344     0.00395578     0.00444557     0.00471772    -0.00175466    -0.00151835    -0.00065816
345    -0.00102025     0.00491268    -0.00173282    -0.00218573    -0.00128743    -0.00030079
346     0.00769336     0.00057429    -0.01396406    -0.00064123    -0.00404971     0.00055209
347     0.00295253    -0.00014548     0.01047188     0.00042056     0.00204490    -0.00000481
348    -0.00853079     0.00045086     0.00151281     0.00003682     0.00200868    -0.00024623
349     0.00382858     0.00564073    -0.00198514    -0.00441928    -0.00058349     0.00183936
350    -0.00292969    -0.00182461     0.00204225     0.00218301    -0.00004240    -0.00080104
351    -0.00538341    -0.00422856    -0.00293869     0.00196310     0.00040430    -0.00060106
352     0.00602709     0.00006245    -0.00471450    -0.00318672     0.00066866     0.00105423
353    -0.00479458     0.00012011     0.01117056     0.00135493    -0.00030148    -0.00060889
354     0.00170306     0.00184072    -0.00228675     0.00168319    -0.00057854    -0.00052591
355    -0.02723628    -0.00387245    -0.00042709     0.01875161     0.00223818     0.00758897
356     0.00847882     0.00430495     0.00036672    -0.00657270    -0.00276045    -0.00377096
357     0.01449745     0.00042468     0.00017838    -0.00860630     0.00071281    -0.00640847
358     0.00312191    -0.00490941    -0.00563115    -0.00211920    -0.00539199    -0.00326222
359    -0.00155887     0.00171072     0.00368779     0.00151382     0.00379865     0.00171871
360    -0.00133157    -0.00265172     0.00260376     0.00078138     0.00274918     0.00224567
361    -0.01088541    -0.00024481    -0.01215821    -0.00063364    -0.00158210     0.00023301
362     0.00196607     0.00699752     0.00406657     0.00037577     0.00092628    -0.00017748
363     0.01078452    -0.00498930     0.00936327     0.00036690     0.00076325    -0.00006696
364    -0.00402129    -0.02161410     0.00747704     0.00014721    -0.00194449    -0.00028632
365     0.00225720     0.01399633    -0.00388107    -0.00004558     0.00081843     0.00013222
366     0.00089286     0.00654944    -0.00346908    -0.00007407     0.00098070     0.00004965
367    -0.01765072    -0.00114126     0.00053912     0.00171966    -0.00172662     0.00350584
368     0.01415079     0.00399770    -0.00775040    -0.00123126     0.00088155    -0.00181837
369    -0.00071328    -0.00274712     0.00613598    -0.00085812     0.00104320    -0.00232100
370    -0.01315457     0.01385988    -0.01036340    -0.00008902    -0.00483577    -0.00606614
371     0.01286585    -0.00970716     0.01449010     0.00036605     0.00172033     0.00298587
372     0.00061387    -0.00128980    -0.00637269    -0.00032550     0.00338096     0.00443984
373     0.00628270    -0.00613198    -0.00295134    -0.00459686     0.00509682     0.00284701
374     0.00038585     0.00601263     0.00261922     0.00180191    -0.00305019    -0.00158483
375    -0.00825963     0.00633964    -0.00034997     0.00345391    -0.00307589    -0.00218991
376    -0.00300091    -0.00593793    -0.00966905     0.00183064     0.00048171     0.00552441
377    -0.00514069    -0.00159242     0.00778586    -0.00151500    -0.00039831    -0.00294690
378     0.00708990     0.00983692     0.00638692    -0.00086133     0.00017843    -0.00333947
379    -0.00087465    -0.01928205    -0.00018537     0.00030974    -0.00212340     0.00170481
380    -0.00894226     0.00722662     0.00463374    -0.00022456     0.00098811    -0.00069546
381     0.01213440     0.01019597    -0.00429159    -0.00002476     0.00095836    -0.00075350
382     0.00792207     0.00572958     0.00287204     0.00217718     0.00531635    -0.00257339
383     0.00198883    -0.00718650    -0.00554643    -0.00161690    -0.00287589     0.00190271
384    -0.00887953     0.00112534    -0.00206238    -0.00059578    -0.00292199     0.00142607
385    -0.02030918     0.00951371     0.00509711     0.00574521    -0.00244036     0.00077805
386     0.01800898    -0.00488697    -0.00866291    -0.00357184     0.00175069    -0.00097047
387     0.00292032    -0.00259108     0.00156028    -0.00216267     0.00102189    -0.00047482
388    -0.00440637     0.00054462    -0.00501125     0.00026106    -0.00184085     0.00270079
389     0.00023949    -0.00311101     0.00107758    -0.00016139     0.00100091    -0.00116009
390     0.00641116     0.00180349     0.00234810    -0.00032240     0.00087896    -0.00145261
391     0.00429117     0.00758946     0.00789447    -0.00260498    -0.00240125    -0.00129024
392     0.00161109    -0.00295208    -0.00629042     0.00120173     0.00130222     0.00086708
393    -0.00306477    -0.00558289    -0.00060349     0.00177739     0.00139124     0.00075473
394    -0.00978445     0.00447694    -0.00508309     0.00111387    -0.00409033     0.00252360
395     0.00763916    -0.00574425     0.00245448    -0.00028314     0.00253392    -0.00149890
396     0.00061049     0.00214334     0.00280101    -0.00033950     0.00157914    -0.00107482
397    -0.00713092     0.02221445    -0.00533930     0.00949719    -0.02107134     0.00278502
398     0.00648407    -0.01196044     0.00057276    -0.00705072     0.01090533     0.00043675
399     0.00004945    -0.00585403    -0.00142452    -0.00397613     0.00656072     0.00034156
400     0.00995104    -0.00757857    -0.02313294    -0.00205172     0.00689475     0.01152319
401    -0.00621089     0.00183347     0.00738255     0.00104552    -0.00195304    -0.00415306
402    -0.00522703     0.00562121     0.01000178     0.00314873    -0.00406656    -0.00657701
403     0.00041971     0.00818306    -0.00056732    -0.00197342     0.00052441     0.00130249
404     0.00406398    -0.00268561     0.00032257     0.00083299    -0.00023188    -0.00051647
405    -0.00447204    -0.00535028    -0.00287148     0.00099813    -0.00040014    -0.00071239
406    -0.00012789    -0.00735353    -0.01592594    -0.00398454     0.00011047    -0.00281782
407     0.00645855     0.01151513     0.00773776     0.00159988     0.00013145     0.00113943
408    -0.00926871    -0.00365312     0.00832826     0.00240166    -0.00003728     0.00123537
409     0.00896956     0.00004350    -0.00639039    -0.00065462     0.00183890     0.00204288
410    -0.00346948    -0.00086528     0.00334077     0.00052712    -0.00104292    -0.00113176
411    -0.00421134     0.00010325     0.00297730     0.00030991    -0.00072302    -0.00088799
412    -0.00029580     0.00961874    -0.01549748     0.00086083     0.00011411    -0.00406422
413     0.00408144     0.00008933    -0.00238338    -0.00029734    -0.00028905     0.00191665
414    -0.00310176    -0.00590882     0.01536609    -0.00046417     0.00000075     0.00271809
415    -0.01754750    -0.01178622    -0.00807939    -0.00044271    -0.00118727     0.00209113
416     0.01017813     0.00096437    -0.00200524     0.00012550     0.00070537    -0.00115658
417     0.00744461     0.00834451     0.00926284     0.00030173     0.00067169    -0.00097779
