 Number of water molecules:
         139

 Atomic and electronic energies:
    -2.45046980    -0.07308718

 Atomic coordinates:
  1     8.81074287     5.26326853    11.79830049
  2     9.96172837     6.70624268    11.28794599
  3     7.22170568     5.23534714    10.68202854
  4    -5.71467817    11.49900649     6.96593842
  5    -4.63183260    10.00331991     7.60397571
  6    -5.54592410    11.49681613     5.01567887
  7     1.37932179     7.85919185    11.44166940
  8     0.99723824     7.23826835    13.18729843
  9     2.71671927     6.64369443    10.70665641
 10    -7.06455093     8.12689743    -7.54289979
 11    -7.71169101     6.75809790    -8.70740234
 12    -5.43987046     8.78423381    -8.36236051
 13    -5.14609106   -11.78050312   -10.49162034
 14    -5.46838290    -9.93281821   -10.92498954
 15    -6.17554583   -12.12511664    -8.95096456
 16   -11.75685752     2.78588551     7.85259516
 17   -12.36770856     4.61522614     7.82730047
 18   -11.40582106     2.38625583     6.01810586
 19     1.46401393     8.80858174   -15.70596505
 20     2.00279570     8.64798232   -13.85648149
 21     1.61452397    10.64719460   -16.24563544
 22     6.78564506     7.55337931    -7.71776110
 23     8.66700140     7.81555698    -7.64497641
 24     6.50053056     5.93184552    -6.70201031
 25     2.84814928    -6.74344260   -12.84434448
 26     1.92680087    -5.40438128   -11.77630374
 27     1.85418904    -8.36820125   -12.52061798
 28    -4.09943786     5.90866398     1.28316385
 29    -3.90811205     5.64201626    -0.60104817
 30    -4.80291481     4.27228970     1.99085872
 31     9.43018920     0.30374688    12.29318858
 32     7.99868431    -0.45247792    11.22945901
 33     9.40866414     2.21595791    11.98792482
 34     1.37128769     8.73189826    -2.84968435
 35     1.66255675     6.86535620    -2.49900013
 36     3.02346527     9.57404469    -2.38282876
 37    -5.13691872     4.80811791    12.44972374
 38    -3.83724897     3.54014117    11.80249346
 39    -6.79725933     3.84029654    12.55528855
 40     9.66531810    -6.17796429     9.06328463
 41     8.17909140    -4.93630532     8.93149713
 42    11.12926083    -5.13068695     9.74174097
 43   -14.14154121    -5.15983137     9.25689090
 44   -15.56101769    -5.11687823    10.55210568
 45   -12.92264671    -3.70114789     9.84052521
 46    10.68597033   -13.20072804     2.76153661
 47    10.48862150   -12.03630056     1.26749993
 48    10.90840564   -14.93022127     2.05525668
 49     2.26162186     1.16837272    -7.51752444
 50     3.83446617     1.94923751    -6.69506186
 51     0.75251346     1.74008968    -6.43164140
 52     2.11075308     1.46608527     2.53147644
 53     2.11051744     0.27770182     1.00047258
 54     1.02032786     2.93617465     2.02954039
 55    -1.33724005    -2.68902040    -3.57134278
 56     0.44770896    -2.29584848    -2.93919630
 57    -1.91623303    -1.02857336    -4.47943574
 58     1.63911549     0.18848611     7.31785362
 59     1.79372008     0.69381518     5.42208174
 60     0.41692970    -1.33098090     7.18040082
 61    -3.97410256    -2.94836005     0.81220389
 62    -4.56501044    -1.24535283     1.52407542
 63    -3.03893492    -2.44286397    -0.76224345
 64    -0.63907052    12.44874515     3.04410789
 65    -0.19425577    10.71260010     3.71707874
 66     1.01621023    13.20989429     2.44365344
 67     1.72437429   -12.22827975    -7.25309916
 68     0.10821352   -11.62672989    -6.39365917
 69     1.93236525   -14.01952642    -6.61318841
 70    -2.40178374    16.01372488    -3.16273618
 71    -2.69129873    17.09702712    -1.61732099
 72    -4.03853097    15.04338053    -3.47526750
 73    -5.99531264    -1.66150159     7.23457221
 74    -6.58892753    -1.49654319     9.00494254
 75    -4.19093580    -2.37755513     7.36021385
 76    -1.42928064     6.08877158    15.81399745
 77    -2.09592102     7.01042049    17.34172989
 78    -2.92454624     5.69694264    14.69976661
 79   -14.57202767    -1.22561186     0.00453607
 80   -14.77260778    -2.37456630     1.50603505
 81   -14.05774640    -2.40051687    -1.43474903
 82    -4.21578591     3.20158127   -10.26539255
 83    -6.11172866     3.05069324   -10.48795745
 84    -3.67805699     4.40004902   -11.66347412
 85     9.71223654   -11.07052039    10.56634495
 86    10.80278814   -11.15739733    12.09977910
 87     9.61318446    -9.19154331    10.12358777
 88   -11.46277118    -4.72506859   -12.35470924
 89   -10.27607344    -5.73036303   -13.43530944
 90   -11.17113401    -5.27943332   -10.57733292
 91    11.10333105    12.23669276     4.57024580
 92     9.29654768    12.42570067     5.25238719
 93    12.02318657    13.82012054     5.08479288
 94    -7.86520122   -10.38665421    -5.81902199
 95    -8.66492399    -8.74352908    -6.35611027
 96    -8.70926359   -10.84923706    -4.15441365
 97    12.26133357     5.92754884    -6.26992867
 98    11.96187769     3.99333903    -6.32266652
 99    13.69141100     6.27296239    -7.46416733
100    -5.63385827    -7.97328586     5.31105777
101    -6.94651803    -6.66173059     4.80592399
102    -4.00360992    -7.43610202     4.45090267
103    -5.95319315    -6.33749376   -11.00335336
104    -5.02856968    -6.44783535   -12.70256866
105    -4.57261596    -5.93121122    -9.71339081
106     7.87243345    -6.99383242     1.36950275
107     9.33552268    -7.35750217     2.57599340
108     6.28634869    -7.05095693     2.47439713
109    14.07393704    -0.92179521     5.78404749
110    12.19690912    -0.55343367     5.53585988
111    14.91164859     0.78163185     5.14954793
112    -2.73854662    -7.28161956   -14.95842269
113    -1.72135804    -8.61085426   -14.06441703
114    -1.56154915    -6.38066398   -16.15752816
115    -0.33926584   -10.73875277   -11.56877941
116    -2.10066096   -11.51743327   -11.36613529
117     0.63787612   -11.49955582   -10.05805648
118    -3.02509548     7.60915666     8.58174669
119    -1.42134568     7.82495083     9.72396113
120    -4.30007217     6.65622898     9.66170393
121     2.44579837     7.59303410   -10.69379599
122     4.14451885     7.47937793    -9.76441284
123     2.06203144     5.76156916   -11.19418075
124   -14.36285948     3.69950110    -1.93770898
125   -14.36805287     4.86063238    -0.37749761
126   -14.70460783     1.91125740    -1.25767881
127    -3.23515721     1.53371616    -5.76694111
128    -3.17833213     3.18277333    -4.72795026
129    -3.62744534     2.14423507    -7.56299709
130    -1.56351445   -12.12551966     9.71888817
131    -3.09392207   -10.94612439     9.89950474
132    -1.74148281   -13.37110974    11.08343124
133     8.06314503     5.46581623     5.46023837
134     6.92187186     6.42886801     4.23303662
135     9.85743156     5.94617820     4.92457595
136    10.13710102    -7.41016796    -3.11654349
137     9.02860377    -8.68315115    -4.05938242
138     9.33511009    -7.19650695    -1.36629413
139     7.24880237    -1.76245748     1.40246689
140     5.74903871    -1.32361648     0.25095141
141     7.32338278    -3.71601279     1.41920010
142    16.42212290     0.06444760    -4.60294962
143    14.65776489     0.52527677    -5.24721730
144    16.32533101    -1.79137994    -4.22203515
145    -1.38844640    -6.53641452     3.09052854
146    -2.19302636    -5.04677294     2.14875997
147    -1.29326862    -7.97304700     1.75198560
148   -10.33382706     9.11102148    -3.60541105
149   -11.60934094     7.75259629    -3.82113727
150    -9.08008156     8.84374359    -5.03865509
151    14.81981623    -5.01992442    -3.04870882
152    13.23207809    -5.96694220    -3.40911171
153    14.78372982    -4.82066412    -1.11119461
154   -10.30788717    10.35874752     1.39767263
155   -10.54061114     9.95484850    -0.44378315
156    -8.39339108    10.61361724     1.61822639
157    11.49330789    -8.16806011     4.51390054
158    10.82423402    -7.61748506     6.26422238
159    11.72931698   -10.04648924     4.59549396
160     6.41423204     3.03795883    -5.17029340
161     8.09381901     2.22312352    -5.53937730
162     6.52709343     3.61871022    -3.26002791
163    13.32677503    -3.01278228    10.59543070
164    12.29904366    -1.58388424    11.41112074
165    14.11812896    -2.18081295     9.07476836
166    12.37920716     7.37798524     3.75582274
167    11.92024119     9.23033932     4.09687097
168    12.71627175     7.34133739     1.83316985
169    -6.02858965     1.52444144     3.22372709
170    -5.86868944     0.54700594     4.90515184
171    -7.92626312     1.80059758     3.06280114
172    14.02257017    -4.28028067     1.92623895
173    14.44974091    -3.11209515     3.41637146
174    13.37920773    -5.86197471     2.77096700
175   -12.99398793    -4.35226984    -3.89538389
176   -11.57041101    -4.58698513    -2.66267200
177   -12.34531260    -5.27974022    -5.45715325
178    -8.84015766    -5.19549426    -1.07789396
179    -8.61261858    -4.96993272     0.84681464
180    -7.44619715    -4.19064868    -1.86573766
181     1.12880000    -4.33447517   -17.21651280
182     2.49432637    -3.03345935   -17.79807816
183     1.98491506    -5.34906797   -15.80893240
184    -1.51012860    -3.75436179     7.48245008
185    -1.44705882    -4.91763315     5.98647918
186    -0.50218847    -4.63281997     8.88974149
187     9.19378926     0.36028535     5.52364639
188     8.86030630     2.26646058     5.37199911
189     8.29713779    -0.44435163     4.00288830
190     4.04691722    14.17694869     1.98374268
191     4.49548598    13.29617881     0.33058979
192     3.38505367    15.85133656     1.36050891
193     4.83560036     8.32923709     2.82679655
194     2.96867464     7.97153964     3.30847998
195     4.88547325    10.14915525     2.30730559
196    17.28879077     3.71035780    -0.99183671
197    16.96160209     2.28448770    -2.24237088
198    19.19271754     3.97281023    -0.95332964
199    -5.67537858   -11.58274982     1.47223750
200    -3.88845264   -11.31281777     0.80649582
201    -5.73238384   -10.61999900     3.19362647
202    13.43747729     7.12046964    -1.36735685
203    15.02994084     6.08290435    -1.24469813
204    12.76526894     6.72363544    -3.14255056
205    -9.02644374    -4.51608229     4.00290734
206   -10.94840512    -4.19308117     4.07113095
207    -8.18381899    -3.24322663     5.20466395
208    -1.41151339   -14.23193182     4.98212450
209    -1.43359475   -13.28076273     6.62635125
210     0.29079110   -14.01525608     4.10850707
211     6.18577102    -9.96070428    -5.93835869
212     4.54225390   -10.77225760    -6.49622914
213     6.87814606    -9.19653098    -7.56987134
214     7.00438382    -4.08238446   -13.61051658
215     5.41279465    -5.16864816   -13.27111048
216     6.52236870    -2.89247469   -15.01928888
217     0.96561773     1.58243184    16.00229103
218     0.23768142     3.38476456    16.24121986
219     2.89172237     1.74559167    15.92573376
220    11.36988033     0.85454589    -6.01145035
221    10.82891839    -0.61693291    -7.10658644
222    11.33893081     0.23262074    -4.15379548
223    -3.56483719     6.37784340    -3.84948876
224    -4.89820402     7.15333408    -4.95702398
225    -2.07982491     7.59006529    -3.64827552
226   -10.84199894    11.82907200     6.25494632
227   -10.83702805    11.68186551     4.31074899
228    -9.00559706    12.00481852     6.77824344
229     8.33276070    -8.02450676   -10.30294609
230     9.47206750    -9.20838910   -11.29220041
231     7.80772888    -6.69079566   -11.56962881
232    -0.39978931    12.39736945    -6.10566326
233     0.16537197    11.15705695    -4.82235687
234    -0.99236723    13.98499119    -5.17579904
235    -2.45576007   -18.40678849     2.16724766
236    -4.05943539   -17.97609984     1.17264100
237    -2.29372735   -16.98519639     3.45519252
238    -6.37205388    -0.68899800    12.42875301
239    -5.92911434    -1.30295705    14.20268031
240    -4.64003951    -0.09002210    11.77275781
241    -5.41980741    -8.87445187    10.26205769
242    -5.56791128    -8.63601569     8.34130028
243    -7.21219431    -8.55201049    10.87603393
244    -1.43137330    -0.56419831   -14.42623577
245    -0.85067462    -1.77362053   -15.82836752
246    -2.99183618     0.32394731   -15.14062572
247    -6.87447861    13.25899510    -2.82742958
248    -6.33500008    12.71652970    -1.07753569
249    -8.09803807    11.93159239    -3.45945488
250     6.48514678    13.28746579     6.36365012
251     5.64251568    13.83934474     4.72626131
252     5.02713092    13.22931170     7.59784514
253   -14.27765905    -9.22932838     1.96356430
254   -15.54037477   -10.51143661     1.46140129
255   -12.68668570    -9.58524856     0.95408187
256     1.86506040   -17.53750425    -0.34646707
257     2.68934800   -16.18889340     0.79349190
258     0.23427477   -18.06817875     0.56599651
259     9.43722008    -3.01873249    -8.94345990
260     9.81049495    -4.90983679    -8.92834879
261     8.53793986    -2.68755699   -10.61283219
262    -3.49408809    18.72215996     1.03193640
263    -3.12833126    18.01119934     2.77285784
264    -5.25562768    19.38682119     1.04865764
265    -3.35884109    -1.73154670    16.49544955
266    -2.99637965    -3.31547982    15.45401600
267    -1.73534605    -0.67001001    16.53962585
268    -2.39189520     9.18898492    -9.63402368
269    -0.63638763     8.34349707    -9.90986342
270    -1.92222551    10.80417268    -8.60833944
271     5.47332898    11.82586752    -2.20035140
272     5.38256758    12.33055343    -4.07720801
273     7.38075507    11.53413383    -1.82265226
274     1.86100672     2.79595244   -12.20809631
275     0.44974712     1.79013404   -12.92772829
276     2.15510529     2.09027738   -10.42971211
277   -14.17870639    -4.48439251     4.10832453
278   -14.48434612    -4.68137029     6.01563139
279   -14.47781359    -6.20513998     3.27874747
280     4.50452306   -10.38188952    -0.98023887
281     5.07598444   -10.24789755    -2.82098640
282     5.44818005    -8.99072560    -0.03379650
283     3.58666360   -13.84879464     2.73926745
284     4.85265986   -13.60917431     4.15636953
285     4.11932505   -12.66123716     1.32932287
286   -12.70644535     0.22952500   -11.46529498
287   -14.12167473    -0.23787264   -10.30571104
288   -12.09199390    -1.43131978   -12.25437474
289    -2.50747636    16.61871964     5.42655801
290    -1.58552241    15.02952885     4.69861216
291    -2.77002393    16.25418582     7.29893601
292     2.34054377    12.60821323     9.28228587
293     2.32697868    10.80488605     9.96326483
294     0.61133625    13.28907449     9.64702462
295    -2.63681939   -10.14331043    -5.29494183
296    -4.53597382   -10.41835199    -5.48758333
297    -2.33906836    -8.42558394    -6.17575703
298    -1.69972516     1.22854024    11.37115940
299    -0.76570767     1.09784094    13.05013538
300    -0.46353568     0.70424217     9.98710122
301    -5.19122048     2.38553750   -16.03313861
302    -7.12060315     2.33161074   -16.01456510
303    -4.65574346     4.15555973   -15.51495451
304    -9.99374691   -10.35619811    -0.89670765
305    -8.46386778   -10.96359901     0.10336443
306    -9.62905930    -8.48132996    -1.14301163
307     5.91700296     2.68963450    15.80074379
308     7.10016971     1.21205996    15.65266834
309     6.75694335     4.12878477    14.83551785
310     6.95090219    -3.57007321    -4.57777288
311     7.65894517    -3.15760601    -6.32770089
312     8.06436162    -5.00809293    -3.91697675
313    -3.15522780     6.76772069   -14.18919337
314    -3.37685955     8.01862519   -12.73316592
315    -1.56107690     7.33738986   -15.12114006
316   -10.51969388    -8.68861700    10.59225986
317   -11.46529120   -10.31864161    10.30080543
318   -11.73416079    -7.26677822    10.09984151
319     1.72331274    18.22997862    -0.02424913
320     1.24436701    17.61333148    -1.73908125
321     0.08679298    19.02975220     0.64298009
322    15.80478711     3.50784797     3.90899984
323    16.39334394     3.52530439     2.08048270
324    14.49240390     4.94868326     4.07518608
325     5.35748869    -0.99992278   -17.67506254
326     4.97296447     0.91183715   -17.32799265
327     6.54116804    -0.99220493   -19.18359137
328   -11.21677155    -1.45700100    10.71150072
329   -11.45702808     0.05861443     9.60884001
330    -9.46588103    -1.14205708    11.49896590
331   -11.33733501     1.67908560    -5.35873971
332   -12.28542875     2.62663132    -3.94330773
333   -12.79541399     0.81919975    -6.27296366
334    -7.46145852    -1.71486885    -5.23494500
335    -5.84961226    -0.68968587    -5.52190897
336    -8.83941652    -0.36907008    -5.03070497
337   -15.39226300    -1.12967859    -7.03745858
338   -14.53672471    -2.49159629    -5.96373054
339   -17.20345352    -1.07151119    -6.50267146
340     7.11320614   -13.17644980     6.67014722
341     8.04283328   -12.59243679     8.25849410
342     8.49149866   -13.42073708     5.32214971
343    10.29782981    11.28136804    -0.69340939
344    10.52708660    11.75311315     1.15477066
345    11.53270820     9.79824534    -0.99558239
346    -0.86647062   -10.18453040    -0.52548456
347    -1.66967521   -10.32137559    -2.28836678
348     1.01384462   -10.58442743    -0.71649373
349   -11.12754826     1.82987397     2.74165982
350   -11.93733977     3.54148005     2.33871881
351   -12.16645923     0.51216118     1.79800588
352   -13.42049759     6.35533859     2.37205923
353   -13.82420604     6.66994117     4.20813148
354   -12.34264694     7.87749109     1.88934943
355     6.48841611     4.60791584    -0.33179374
356     6.22686937     6.31705637     0.49191175
357     5.29810037     3.39452165     0.55648559
358    -2.27795892    -5.69524713    -7.36660967
359    -2.01998534    -4.68691286    -5.74820232
360    -1.10032612    -4.78791099    -8.61394227
361    -7.04107530   -16.49780617     0.20067419
362    -6.67558263   -14.68705737     0.67792929
363    -8.64533777   -16.55183302    -0.78400632
364     2.32579611   -17.00368374    -5.46679902
365     2.12080691   -18.73982686    -6.20445678
366     2.11316898   -17.22111455    -3.53647061
367     6.23691556    -2.16245635     8.72608145
368     7.60431109    -1.26539794     7.67083766
369     4.54139568    -1.30975087     8.24097054
370     0.58230004    -2.90555434   -10.36050113
371    -0.47537428    -2.14234784   -11.79001716
372     1.04307064    -1.46541950    -9.16260445
373    -5.19004488    10.82703766     1.75593815
374    -3.40228026    11.59322306     1.95553217
375    -4.80032877     8.92450375     1.42348208
376     4.50011486     4.57032183     9.02176667
377     5.71304702     4.97249798     7.53581002
378     3.41297841     3.15953108     8.40637319
379     3.11135120   -10.03287370     8.48365709
380     4.38186150   -11.42421245     8.03925182
381     1.53106797   -10.94800306     9.00927570
382     4.89506315    12.35173309    -7.31082663
383     5.43263850    10.51323799    -7.59603705
384     2.99489765    12.39405768    -7.46840251
385    11.40404444    -0.52361908    -1.18403931
386     9.69097989    -0.78165606    -0.36800228
387    12.61761093    -1.53236330    -0.15298523
388     2.27582305    -5.49964655    10.63523473
389     2.73391637    -7.29536347     9.98484990
390     3.89526119    -4.45306218    10.54965475
391    -9.43914739    -5.81381636    -7.52565636
392    -8.24746578    -6.05297960    -9.03866433
393    -8.82677796    -4.15539084    -6.71251883
394     3.82940232    -7.23751923     4.25319440
395     2.08130583    -6.75084570     3.61887016
396     3.55305022    -8.15028340     5.89461138
397     3.41075716    -1.35785522    -1.96955489
398     3.24109418     0.31572016    -2.89751327
399     4.64627337    -2.40405969    -3.04388909
400    -0.20427448     7.56178806     4.15507593
401    -1.03589238     7.27617188     5.80863674
402    -1.44223749     6.77433049     2.85198885
403   -13.48853242     7.70189218     7.32580231
404   -14.60350821     8.16577134     8.79947338
405   -12.31299116     9.26071428     7.07681568
406    -9.32136061     3.74967732    -9.77909639
407   -10.50292445     2.66189136   -10.82908049
408    -9.75701226     3.22496772    -7.96820532
409    -2.90477856    14.43153424    10.09898203
410    -4.05149949    13.36185870     8.98182252
411    -3.84706319    14.89937218    11.65970082
412     4.22275577     3.81813727   -16.71099844
413     3.47621264     5.52762688   -17.00440761
414     3.49103378     3.31336566   -14.98733540
415    -2.23152810    -5.56116063    13.18260865
416    -0.47734147    -5.74246259    12.49684810
417    -3.32994824    -6.81176088    12.28569316

 Atomic and electronic forces:
  1    -0.00384201     0.00276385    -0.00163051     0.00167357     0.00043411     0.00277602
  2    -0.00921867    -0.00499529    -0.00180390    -0.00088166    -0.00033821    -0.00123340
  3     0.01066093     0.00506826     0.00475880    -0.00096130    -0.00030538    -0.00181525
  4     0.00601901    -0.00211612    -0.01631677    -0.00209401     0.00268295     0.00270429
  5    -0.00653423     0.00436390    -0.00486617     0.00108995    -0.00138023    -0.00181275
  6    -0.00078036    -0.00141922     0.01941604     0.00135611    -0.00177585    -0.00138028
  7     0.00885651    -0.00315116    -0.02084070     0.00018850     0.00145143     0.00397378
  8    -0.00433732    -0.00351417     0.01400956    -0.00002700    -0.00047013    -0.00168151
  9    -0.00788821     0.00609350     0.00430664    -0.00037625    -0.00066648    -0.00232907
 10     0.01035800     0.00383739     0.00878473    -0.00464643     0.00290165    -0.00339241
 11    -0.00591476    -0.00460782    -0.00439968     0.00216838    -0.00091229     0.00175789
 12    -0.00420956    -0.00155715    -0.00205809     0.00204107    -0.00178749     0.00209350
 13     0.00373482     0.01265053    -0.01186941    -0.00078933    -0.00196441    -0.00116510
 14    -0.00151696    -0.00745855     0.00118720     0.00050477     0.00104301     0.00074002
 15    -0.00802582    -0.00349290     0.01128536     0.00046588     0.00101334     0.00048652
 16     0.00137604     0.00732193     0.00112784    -0.00264869    -0.00006011     0.00197106
 17    -0.00053282    -0.00305622     0.00339350     0.00125854    -0.00014758    -0.00089089
 18     0.00005584    -0.00587019    -0.00522523     0.00168010     0.00009287    -0.00103382
 19     0.00006497     0.00541086     0.00046654     0.00012236     0.00134564    -0.00332447
 20     0.00019530     0.00456957    -0.00544195    -0.00018176    -0.00095275     0.00209682
 21     0.00098188    -0.01191298     0.00640469    -0.00006310    -0.00070443     0.00136247
 22    -0.00976686    -0.00937848     0.00469992     0.00571187     0.00415390    -0.00560975
 23     0.00796354     0.00258676    -0.00077040    -0.00252467    -0.00147941     0.00187242
 24     0.00189098     0.00359018    -0.00403822    -0.00436181    -0.00203311     0.00367736
 25    -0.00962935     0.00415625     0.00220131     0.00047095    -0.00236919    -0.00265369
 26     0.00474421    -0.00248796    -0.00176342    -0.00018166     0.00150227     0.00175650
 27     0.00320624    -0.00235499     0.00121951    -0.00010110     0.00118476     0.00110983
 28     0.01420375     0.00358099    -0.00000048    -0.01366741     0.00796349     0.00743343
 29    -0.00606672     0.00181927    -0.00809904     0.00826922    -0.00453535    -0.00152641
 30    -0.00820562    -0.00792212     0.00551166     0.00634502    -0.00149999    -0.00386098
 31    -0.00744663    -0.00762005    -0.01016106     0.00153993    -0.00050618     0.00245709
 32     0.01064732     0.00428888     0.00831218    -0.00085202     0.00042298    -0.00149893
 33    -0.00005207    -0.00289316     0.00285807    -0.00084406     0.00009267    -0.00132077
 34    -0.00705769    -0.02833905     0.00411303     0.00106856     0.02038816    -0.00412742
 35    -0.00130672     0.01509488    -0.00405018    -0.00194453    -0.01169989     0.00241101
 36     0.00661458     0.01323575    -0.00095650    -0.00225757    -0.00727195     0.00078282
 37    -0.01036275    -0.00048057    -0.00326173    -0.00135197     0.00039334     0.00318819
 38     0.00182239    -0.00419640     0.00202600     0.00067102    -0.00006512    -0.00194185
 39     0.00758592     0.00373483     0.00115492     0.00075671    -0.00007515    -0.00140268
 40    -0.01575770    -0.00102411    -0.00726764     0.00154868    -0.00161536     0.00184767
 41     0.00868358    -0.00566364     0.00175850    -0.00086481     0.00093563    -0.00121889
 42     0.00819794     0.00505563     0.00394468    -0.00079688     0.00063498    -0.00086991
 43     0.00293854     0.01561556     0.01713117    -0.00147815    -0.00081741     0.00106728
 44     0.00646875    -0.00157652    -0.00866486     0.00063316     0.00031809    -0.00046778
 45    -0.01135032    -0.01366256    -0.00746959     0.00080831     0.00040061    -0.00066952
 46    -0.00505101     0.01095561     0.00159498     0.00107191    -0.00176625     0.00047451
 47     0.00085919    -0.00020026     0.00099472    -0.00065305     0.00101981    -0.00019517
 48     0.00277538    -0.01192852    -0.00220781    -0.00044480     0.00079336    -0.00016185
 49    -0.01758268     0.00967841     0.02523307     0.00415361    -0.00639360    -0.01725976
 50     0.00282803    -0.00345242    -0.00585851    -0.00476663     0.00209406     0.00771249
 51     0.01212312    -0.00631345    -0.01757089     0.00053954     0.00336651     0.01037116
 52    -0.00265674    -0.00330826    -0.02573587     0.00773680    -0.00923899     0.02147815
 53     0.00374694     0.00045483     0.01476419    -0.00393906     0.00779888    -0.00738894
 54    -0.00238689     0.00294520     0.00669773    -0.00119435     0.00122793    -0.01162399
 55     0.00419466     0.04133704    -0.00499022    -0.00570432    -0.01533330    -0.00512899
 56    -0.00248467    -0.01117440    -0.00090817     0.00058354     0.00926711     0.00210340
 57    -0.00056172    -0.02477963     0.00827924     0.00458473     0.00672401     0.00456017
 58    -0.00643600    -0.00649435    -0.02220754     0.00099762    -0.00280541     0.00837264
 59     0.00588520     0.00239775     0.01554218    -0.00105185     0.00212154    -0.00593690
 60     0.00512363     0.00458395     0.01153087     0.00007748     0.00187256    -0.00368273
 61    -0.00236830     0.02765584     0.01305698    -0.00713149    -0.00920801     0.00339494
 62    -0.00580627    -0.01332267     0.00373857     0.00466523     0.00380539    -0.00262228
 63     0.00445283    -0.01196841    -0.01600875     0.00422968     0.00626557    -0.00076835
 64    -0.00463764     0.00555464    -0.00341894    -0.00106882     0.00643330     0.00318959
 65     0.00065588    -0.00610217     0.00408827     0.00053897    -0.00373454    -0.00260313
 66     0.00572072     0.00391428     0.00200137    -0.00003652    -0.00319396    -0.00127972
 67    -0.00256587     0.01038101     0.00316407     0.00016562    -0.00283867    -0.00103342
 68    -0.00242252     0.00301683    -0.00075862     0.00007848     0.00160841     0.00051783
 69     0.00594502    -0.01568806     0.00203207    -0.00007928     0.00122226     0.00035379
 70     0.00644055    -0.01107160    -0.01200009    -0.00112238     0.00433984    -0.00051130
 71    -0.00725411     0.00551727     0.00759495     0.00049115    -0.00190078    -0.00000154
 72    -0.00299475     0.00539697     0.00441736     0.00091391    -0.00218927     0.00033725
 73     0.00784721     0.00291738    -0.02701520    -0.00314925    -0.00220817     0.00404543
 74    -0.00749574     0.00050230     0.02431542     0.00118808     0.00074091    -0.00169256
 75    -0.00543090    -0.00266597     0.00211039     0.00130906     0.00145385    -0.00234666
 76     0.01122197     0.00487057     0.00858244    -0.00032039     0.00043325     0.00252845
 77     0.00040169    -0.00116905    -0.00213144     0.00015858    -0.00021481    -0.00104164
 78    -0.01103246    -0.00101039    -0.00634620     0.00031599    -0.00022151    -0.00138700
 79     0.00811900     0.00769320    -0.01217542    -0.00302175    -0.00084680     0.00030174
 80    -0.00312141    -0.00760673     0.01408564     0.00134469     0.00047158    -0.00026205
 81    -0.00349300     0.00196976    -0.00128071     0.00152391     0.00056313    -0.00000988
 82     0.00544552     0.00489314    -0.00341376    -0.00420239     0.00001734    -0.00677294
 83    -0.00767664    -0.00054298     0.00231759     0.00199566     0.00002683     0.00246714
 84     0.00311924    -0.00160289    -0.00146616     0.00142755    -0.00036785     0.00298665
 85    -0.00337970     0.00455980    -0.00691788     0.00081990    -0.00129975     0.00111264
 86     0.00406981    -0.00342777     0.00683938    -0.00037565     0.00053449    -0.00051208
 87    -0.00143060    -0.00106766    -0.00138801    -0.00051390     0.00071420    -0.00067881
 88    -0.00272364     0.00616179    -0.01213460    -0.00168460    -0.00107284    -0.00146427
 89     0.00170203    -0.00116101    -0.00270158     0.00072086     0.00057311     0.00076201
 90     0.00065261    -0.00363544     0.01366721     0.00096659     0.00067525     0.00071974
 91    -0.00207556    -0.00334265    -0.00764524     0.00245134     0.00215169     0.00148085
 92     0.00102324     0.00371119     0.00479883    -0.00118216    -0.00128530    -0.00095875
 93    -0.00074619    -0.00000673     0.00153098    -0.00095683    -0.00090733    -0.00057487
 94     0.00655265    -0.01279301     0.00780888    -0.00153925    -0.00239373    -0.00074991
 95    -0.00401712     0.01021293    -0.00494827     0.00095827     0.00119803     0.00048178
 96    -0.00010997    -0.00015712    -0.00243253     0.00077688     0.00113981     0.00021083
 97    -0.00777590    -0.01598891     0.00048736     0.00463055     0.00109181    -0.00180690
 98     0.00280435     0.01411318     0.00113555    -0.00258128    -0.00017823     0.00104465
 99     0.00301383     0.00096352    -0.00224365    -0.00175923    -0.00041772     0.00077537
100     0.00161034    -0.00967921     0.00138458    -0.00169822    -0.00294101     0.00180832
101    -0.00760258     0.00238424    -0.00078105     0.00115638     0.00146370    -0.00094411
102     0.00358092     0.00071372     0.00024063     0.00087878     0.00194650    -0.00109702
103     0.00714505    -0.00227399    -0.00459678    -0.00165304    -0.00229330    -0.00225998
104    -0.00069695    -0.00015450     0.00077312     0.00061588     0.00099897     0.00114717
105    -0.00186992    -0.00198926     0.00022991     0.00094336     0.00156913     0.00139101
106    -0.00802012     0.00597830    -0.01337581     0.00277925    -0.00393945     0.00116641
107     0.00540800    -0.00189781     0.00533558    -0.00122296     0.00149328    -0.00059819
108    -0.00376412    -0.00148274     0.01049675    -0.00121757     0.00222017    -0.00088943
109     0.01491102     0.03468052    -0.01592731     0.00275115    -0.00084688     0.00153443
110    -0.00357129    -0.00256497     0.00624867    -0.00169740     0.00055355    -0.00106331
111    -0.00643700    -0.02938833     0.01316300    -0.00144473     0.00024534    -0.00069469
112    -0.00891528     0.00705876     0.00283231    -0.00057310    -0.00165038    -0.00209547
113     0.00458925    -0.00924025     0.00340624     0.00020605     0.00093294     0.00098031
114     0.00214351     0.00239157    -0.00491296     0.00018738     0.00072894     0.00110267
115     0.00628056    -0.00212634     0.00236531    -0.00019496    -0.00226088    -0.00160901
116    -0.00150189     0.00173455    -0.00111851     0.00021301     0.00105680     0.00069896
117    -0.00147900     0.00606248    -0.00772120     0.00001781     0.00124340     0.00071150
118     0.02617457     0.00244373     0.01127957    -0.00192704     0.00229355     0.00505914
119    -0.02161866    -0.00317000    -0.01273239     0.00047283    -0.00101463    -0.00240025
120     0.00235869    -0.00002017     0.00468929     0.00099462    -0.00070233    -0.00217381
121     0.00393200    -0.00716414     0.00710577     0.00119109     0.00356069    -0.00710846
122    -0.00452508     0.00613017    -0.00396393    -0.00148062    -0.00196870     0.00361619
123     0.00137350     0.00124043    -0.00518603    -0.00047284    -0.00109905     0.00403630
124     0.00188200    -0.00368244     0.01378552    -0.00350294     0.00014566    -0.00009123
125    -0.00162850    -0.00539556    -0.00793881     0.00171603    -0.00020316    -0.00013143
126    -0.00196383     0.00848959    -0.00230184     0.00167849     0.00012555    -0.00003018
127     0.01478681     0.00725971     0.02587311    -0.01325647    -0.00487117    -0.01266918
128    -0.00820853    -0.00732120    -0.00986111     0.00831107    -0.00021952     0.00606194
129    -0.00263956     0.00023689    -0.01107191     0.00406926     0.00088086     0.00503135
130     0.00341708     0.01925827    -0.01631301    -0.00027093    -0.00178162     0.00131688
131     0.00198733    -0.00022299     0.00022402     0.00024695     0.00090215    -0.00073385
132    -0.00216154    -0.01784485     0.01768323     0.00011151     0.00073523    -0.00056343
133    -0.00610134    -0.01089740    -0.00287253     0.00518357     0.00159836     0.00498289
134     0.00079166     0.00553054     0.00518974    -0.00325273    -0.00168670    -0.00306447
135     0.00310575     0.00472833     0.00173812    -0.00239923    -0.00072139    -0.00172552
136    -0.01172793    -0.00418591    -0.00338952     0.00265110    -0.00299608    -0.00040276
137     0.00523394     0.00333095     0.00137278    -0.00107559     0.00154523     0.00030897
138     0.00395334    -0.00232688    -0.00118769    -0.00143712     0.00173557    -0.00005159
139    -0.01372875    -0.01223010    -0.00520716     0.00764509    -0.00582296     0.00362144
140     0.00801651    -0.00775775     0.00622829    -0.00511376     0.00468010    -0.00201569
141     0.00311076     0.01524050     0.00002247    -0.00262461     0.00272822    -0.00121964
142    -0.01236199     0.01479114    -0.00273682     0.00299454    -0.00060037    -0.00054859
143     0.01111498    -0.00293731     0.00146860    -0.00184102     0.00035551     0.00046332
144     0.00105248    -0.01390164     0.00321038    -0.00141410     0.00045377     0.00022677
145     0.01028840    -0.01081159    -0.01041710    -0.00132771    -0.00598519     0.00283756
146    -0.00590259    -0.00033121    -0.00284496     0.00140015     0.00388060    -0.00171578
147     0.00163530     0.00869824     0.00866712     0.00051428     0.00277425    -0.00081613
148     0.01489512     0.00737326     0.00453261    -0.00421737     0.00227319    -0.00076448
149    -0.01435320    -0.01003523    -0.00165385     0.00205823    -0.00077445     0.00037242
150     0.00027090     0.00015803    -0.00657040     0.00232438    -0.00134194     0.00080172
151     0.01280242     0.01260740     0.01540767     0.00263230    -0.00153858    -0.00025080
152    -0.01539372    -0.01104215    -0.00741847    -0.00135599     0.00099654     0.00018497
153     0.00461857     0.00109126    -0.01035424    -0.00136270     0.00077834    -0.00005703
154     0.01298581     0.00102159     0.01488448    -0.00354346     0.00231396     0.00093397
155    -0.00220758     0.00051702    -0.01801361     0.00194275    -0.00117371    -0.00018934
156    -0.00918329    -0.00079384    -0.00090992     0.00199290    -0.00162137    -0.00067959
157    -0.00528655     0.01553385     0.01337214     0.00185406    -0.00195255     0.00105991
158     0.00685799    -0.00261848    -0.00982819    -0.00088186     0.00094109    -0.00068903
159     0.00199640    -0.01180969     0.00129262    -0.00073811     0.00088728    -0.00041853
160    -0.01613018     0.01380137     0.03758238     0.01495000    -0.00050953    -0.00871248
161     0.01210407    -0.00482993    -0.00249157    -0.00500144     0.00067287     0.00253736
162     0.00565277    -0.00685887    -0.03112430    -0.00886482    -0.00060635     0.00218735
163    -0.01257915     0.01325304     0.00817131     0.00159842    -0.00078453     0.00155123
164     0.00344106    -0.01123275     0.00173855    -0.00080536     0.00033081    -0.00090708
165     0.00592707    -0.00124050    -0.00991594    -0.00094816     0.00037933    -0.00075878
166     0.00012120     0.00269278    -0.02077328     0.00384331     0.00138082     0.00179455
167     0.00338596    -0.00065623     0.00695168    -0.00168934    -0.00091352    -0.00087306
168     0.00020351    -0.00383199     0.01096040    -0.00215916    -0.00074614    -0.00063741
169     0.01083520    -0.00496864     0.00765854    -0.00893986    -0.00191175     0.00612434
170    -0.00079164     0.00280436    -0.00796252     0.00303587     0.00113213    -0.00288470
171    -0.00770031    -0.00072062    -0.00399945     0.00355339     0.00049519    -0.00185854
172     0.00257462     0.01013212     0.00279766     0.00282381    -0.00158745     0.00076621
173    -0.00049398    -0.00075744    -0.00465085    -0.00139402     0.00064027    -0.00051719
174    -0.00379591    -0.00899133     0.00355696    -0.00122871     0.00087874    -0.00043105
175    -0.01091078    -0.00115701    -0.01743193    -0.00280394    -0.00151469    -0.00047775
176     0.01525982    -0.00306340     0.01400517     0.00161583     0.00100506     0.00014842
177    -0.00164029     0.00135024     0.00304870     0.00128909     0.00082158     0.00038174
178    -0.00779116    -0.00911398     0.01668060    -0.00376571    -0.00325416     0.00016812
179    -0.00313625    -0.00053415    -0.00879133     0.00190314     0.00163871    -0.00047565
180     0.00824774     0.00612046    -0.00672864     0.00248579     0.00221243     0.00011314
181     0.02370398     0.01812415     0.00107229     0.00003672    -0.00119838    -0.00246783
182    -0.01811178    -0.01912982     0.00722482    -0.00012595     0.00049147     0.00126764
183    -0.00290573     0.00213414    -0.00589248    -0.00009950     0.00077604     0.00127994
184     0.00916211     0.00772952     0.01315488    -0.00115746    -0.00360288     0.00472927
185     0.00046447    -0.01276516    -0.01156207     0.00062120     0.00231425    -0.00216193
186    -0.00290257     0.00375512    -0.00459609     0.00022019     0.00142130    -0.00191361
187    -0.00791810     0.00862147    -0.00276624     0.00455725    -0.00152466     0.00384124
188     0.00260535    -0.00659680     0.00304090    -0.00263354     0.00030398    -0.00226238
189     0.00466958     0.00062039    -0.00155609    -0.00292724     0.00140857    -0.00218010
190    -0.00017853    -0.01764859    -0.00013333     0.00147808     0.00512104     0.00167706
191     0.00828757    -0.00230124    -0.00502575    -0.00111927    -0.00313761    -0.00060978
192    -0.00565309     0.02260198     0.00120859    -0.00043577    -0.00221026    -0.00052054
193    -0.02494959    -0.01587131    -0.00346846     0.00646718     0.00808544     0.00704920
194     0.01752546     0.00571454     0.00145263    -0.00213448    -0.00470654    -0.00482461
195     0.00324058     0.01186402     0.00188160    -0.00223258    -0.00379911    -0.00216272
196     0.01206363     0.00746530     0.00267003     0.00297811     0.00009243     0.00013073
197     0.00096836    -0.00485637    -0.00452030    -0.00155457     0.00008784     0.00004962
198    -0.01054825    -0.00338897    -0.00157509    -0.00120313    -0.00005089    -0.00004948
199    -0.00100321     0.01638947     0.01999677    -0.00120238    -0.00273604     0.00056064
200    -0.00006875    -0.00339602     0.00171357     0.00052669     0.00162680    -0.00026474
201     0.00051711    -0.01462119    -0.02143484     0.00065841     0.00138926    -0.00047742
202    -0.01624963     0.00882204    -0.00446613     0.00440850     0.00135954     0.00012928
203     0.01144246    -0.00918384     0.00309608    -0.00189489    -0.00038234    -0.00006447
204     0.00153665     0.00224046     0.00372226    -0.00246826    -0.00072089     0.00028360
205    -0.00300568     0.01239558     0.00173854    -0.00316243    -0.00245579     0.00177389
206     0.01017994    -0.00385936     0.00317356     0.00144634     0.00089812    -0.00068770
207    -0.00656340    -0.00599094    -0.00368458     0.00171550     0.00121159    -0.00128036
208     0.00270510    -0.00597369    -0.01663153    -0.00027260    -0.00216928     0.00081775
209     0.00334432     0.00337971     0.00804446     0.00014258     0.00106507    -0.00053114
210    -0.00323808     0.00164983     0.00733153     0.00003299     0.00118839    -0.00039352
211     0.00722063     0.00944150     0.00310299     0.00134535    -0.00327810    -0.00106253
212    -0.00831506    -0.00758733    -0.00168103    -0.00043328     0.00161797     0.00056005
213     0.00311664    -0.00048071     0.00013245    -0.00073828     0.00150506     0.00071325
214    -0.00481494    -0.01040454     0.01456617     0.00141719    -0.00168097    -0.00273404
215     0.00640124     0.00646356    -0.00582038    -0.00055560     0.00102256     0.00140840
216    -0.00191399     0.00556508    -0.00862417    -0.00060181     0.00064981     0.00141248
217    -0.01476584     0.00622650    -0.00592856     0.00003357    -0.00023058     0.00261132
218     0.01001636    -0.01466364    -0.00131477     0.00003715    -0.00001867    -0.00128990
219    -0.00087011     0.00621453     0.00459770    -0.00015977     0.00010330    -0.00129566
220    -0.00121070     0.01159391     0.01246438     0.00541500    -0.00120393    -0.00215871
221    -0.00116557    -0.00985854    -0.00544813    -0.00237360     0.00090535     0.00125660
222     0.00124257    -0.00068974    -0.00634408    -0.00303205     0.00085263     0.00068362
223     0.02102065    -0.01411995     0.01748639    -0.01431207     0.01021983    -0.00681159
224    -0.00580038     0.00973277    -0.00976410     0.00450412    -0.00309726     0.00250503
225    -0.01036075     0.00315300    -0.00763026     0.00502126    -0.00706402     0.00308776
226    -0.00178998    -0.00157086    -0.01106825    -0.00209645     0.00156889     0.00139677
227    -0.00137966     0.00037512     0.01327082     0.00124516    -0.00091627    -0.00062291
228     0.00283036     0.00030450     0.00132926     0.00104421    -0.00094540    -0.00087999
229     0.01128405    -0.00725624    -0.00372511     0.00149392    -0.00223098    -0.00170598
230    -0.00550489     0.00202558     0.00679942    -0.00061795     0.00088574     0.00068408
231    -0.00364416     0.00357671    -0.00302248    -0.00075245     0.00106702     0.00106087
232    -0.00635188     0.01343069    -0.02528481    -0.00099736     0.00669721    -0.00312904
233     0.00773655    -0.01349075     0.02078924     0.00049856    -0.00483163     0.00183116
234     0.00041892    -0.00124221     0.00234341     0.00051112    -0.00284441     0.00090998
235    -0.00899618     0.00468867    -0.00745997    -0.00024541    -0.00162844     0.00028364
236     0.00345502    -0.00417175     0.00552218     0.00019080     0.00082964    -0.00010827
237     0.00140175     0.00043600     0.00219557     0.00013664     0.00089314    -0.00022336
238     0.00877265     0.00502401    -0.00669795    -0.00138535    -0.00073602     0.00270452
239    -0.00229451    -0.00076233     0.00174279     0.00049703     0.00032767    -0.00116771
240    -0.00814524    -0.00358181     0.00370342     0.00069448     0.00041189    -0.00171070
241     0.00846248     0.00301607    -0.00224171    -0.00087403    -0.00169536     0.00166741
242     0.00095820     0.00049437     0.00134658     0.00056526     0.00104913    -0.00088061
243    -0.00692928    -0.00308494     0.00150763     0.00049002     0.00071621    -0.00076163
244     0.00705818    -0.01151563    -0.00569793    -0.00079297    -0.00125247    -0.00422705
245    -0.00263775     0.00514456     0.00750942     0.00021313     0.00059499     0.00168919
246    -0.00270285     0.00463427    -0.00041035     0.00055529     0.00040211     0.00188549
247     0.00636892    -0.00350107    -0.00078377    -0.00296807     0.00385908    -0.00046342
248    -0.00111965     0.00007556     0.00123697     0.00168610    -0.00223062    -0.00011847
249    -0.00321250     0.00380053     0.00091709     0.00176904    -0.00173141     0.00036407
250     0.00681467    -0.00091266    -0.00925009     0.00164864     0.00293939     0.00231720
251     0.00003887     0.00278773    -0.00367411    -0.00083211    -0.00184435    -0.00109695
252    -0.00628012    -0.00213942     0.01230324    -0.00059206    -0.00141462    -0.00129097
253     0.00711394     0.01496377     0.00424850    -0.00158307    -0.00129546     0.00036816
254    -0.00945004    -0.01089293    -0.00380196     0.00067310     0.00056100    -0.00012410
255     0.00184795    -0.00358339    -0.00127657     0.00084359     0.00079428    -0.00015612
256     0.00359256     0.00844528     0.00173888     0.00009829    -0.00189079     0.00011513
257    -0.00787639    -0.01086337    -0.00444115    -0.00010417     0.00105518    -0.00013072
258     0.00402038    -0.00007807    -0.00102259     0.00002347     0.00089501    -0.00009128
259    -0.00073368     0.00047079     0.00159852     0.00330524    -0.00238812    -0.00274371
260    -0.00125774     0.00499089    -0.00253633    -0.00131726     0.00118749     0.00104933
261     0.00277901    -0.00331257    -0.00103799    -0.00139065     0.00106523     0.00159298
262     0.00817541     0.00302411    -0.01783519    -0.00080794     0.00286939     0.00048650
263    -0.00039840    -0.00358454     0.01449393     0.00039923    -0.00147896    -0.00043442
264    -0.00790325     0.00349504     0.00285875     0.00046249    -0.00122309    -0.00019992
265     0.00793018     0.00903679    -0.00199462    -0.00047907    -0.00056497     0.00210031
266     0.00480669     0.00020599     0.00151781     0.00023959     0.00041179    -0.00108724
267    -0.00906664    -0.01052642     0.00182342     0.00015666     0.00023931    -0.00114065
268     0.02508078     0.00979745     0.01084858    -0.00240663     0.00422573    -0.00544769
269    -0.01812259     0.01018338    -0.00008257     0.00073208    -0.00225406     0.00348449
270    -0.00617928    -0.01600938    -0.00924672     0.00097643    -0.00254301     0.00225219
271     0.00857307    -0.00883717    -0.00217877     0.00386571     0.00734920    -0.00041790
272     0.00407206     0.00085286     0.00503386    -0.00156731    -0.00323045     0.00081668
273    -0.01020554     0.00655003    -0.00376837    -0.00221900    -0.00284112     0.00003252
274     0.02127207     0.01858788     0.01283357     0.00064089    -0.00032866    -0.00731095
275    -0.02132086    -0.01734534    -0.01418365     0.00014618     0.00041075     0.00317635
276    -0.00026449    -0.00176152    -0.00421303    -0.00071036     0.00069689     0.00499305
277    -0.00173786     0.00638892    -0.00095906    -0.00219337    -0.00111005     0.00082516
278     0.00221700    -0.00492470    -0.00726465     0.00094918     0.00048306    -0.00046843
279     0.00134104    -0.00313159     0.00669130     0.00098140     0.00059787    -0.00030904
280     0.00355990     0.00783564     0.00182992     0.00109459    -0.00395574     0.00018526
281    -0.00090670    -0.00280715     0.00099811    -0.00062352     0.00194253     0.00017117
282    -0.00241878    -0.00703849    -0.00579386    -0.00085219     0.00219516    -0.00028597
283    -0.00260057    -0.00015535     0.00221163     0.00041095    -0.00247201     0.00063027
284     0.00142990    -0.00174320     0.00443622    -0.00027925     0.00114128    -0.00039187
285    -0.00120721     0.00338433    -0.00328133    -0.00031037     0.00146035    -0.00027053
286     0.01680570     0.00034506    -0.01492801    -0.00224051    -0.00047660    -0.00162229
287    -0.00985543    -0.00418377     0.01016276     0.00111406     0.00024917     0.00064647
288    -0.00586090     0.00384598     0.00540440     0.00101081     0.00035503     0.00082740
289     0.01163649    -0.02251475    -0.00802257    -0.00072688     0.00290105     0.00150619
290    -0.01410931     0.02211450     0.01048683     0.00039313    -0.00189716    -0.00099994
291     0.00395485     0.00052807    -0.00261538     0.00034526    -0.00124896    -0.00084328
292     0.00547652    -0.01301566    -0.00203651     0.00040724     0.00252853     0.00289536
293    -0.00059026     0.00556879     0.00166477    -0.00023131    -0.00115993    -0.00174058
294    -0.00953571     0.00840188     0.00256909     0.00002525    -0.00119824    -0.00132102
295    -0.00024284     0.00318668    -0.00023917    -0.00097722    -0.00374352    -0.00104030
296    -0.00056147    -0.00310260     0.00070810     0.00063725     0.00161032     0.00046256
297    -0.00137770    -0.00621671     0.00232523     0.00061305     0.00222533     0.00087569
298    -0.00060105     0.00000262    -0.00616803    -0.00083905    -0.00065947     0.00448380
299     0.00465807    -0.00100042    -0.00046686     0.00018743     0.00025579    -0.00183737
300    -0.00047716     0.00258495     0.00650845     0.00027835     0.00059796    -0.00282721
301    -0.02130127    -0.00476868     0.00008231    -0.00131692    -0.00016739    -0.00306490
302     0.01764835     0.00188072    -0.00136247     0.00074112     0.00007572     0.00131467
303     0.00179979     0.00318804    -0.00128942     0.00069278    -0.00012140     0.00169533
304     0.00118595     0.00875817    -0.00219984    -0.00170146    -0.00212390     0.00010240
305     0.00277337    -0.00588119     0.00244035     0.00077832     0.00118381    -0.00013836
306    -0.00299861     0.00214206    -0.00097162     0.00112007     0.00124601    -0.00004205
307    -0.00028373     0.00947617    -0.00633999     0.00070774    -0.00006284     0.00237467
308     0.00494506    -0.00304575    -0.00065864    -0.00041332     0.00012599    -0.00111910
309    -0.00161233    -0.00680241     0.00454160    -0.00045881    -0.00007432    -0.00125152
310     0.00061152    -0.00272182     0.00324208     0.00556341    -0.00612968    -0.00252282
311     0.00061280    -0.00251134     0.00172095    -0.00245439     0.00228150     0.00162192
312    -0.00071425     0.00571658    -0.00506153    -0.00210764     0.00237198     0.00063227
313     0.00046807     0.00225443     0.00505146    -0.00134149     0.00116239    -0.00401039
314     0.00251330    -0.00237265    -0.00454349     0.00086003    -0.00095223     0.00214416
315    -0.00345554    -0.00055483     0.00094432     0.00036160    -0.00059214     0.00189717
316    -0.00871222     0.00099374    -0.00118610    -0.00109319    -0.00114128     0.00117273
317     0.00362380     0.00451360     0.00072018     0.00049027     0.00053749    -0.00047379
318     0.00381112    -0.00517775     0.00023340     0.00064021     0.00053041    -0.00059456
319    -0.01311977     0.00599422     0.01171359     0.00019172     0.00349269     0.00037408
320    -0.00018275    -0.00332157    -0.01315331    -0.00004501    -0.00194851     0.00001175
321     0.01222079    -0.00375167    -0.00042536     0.00007952    -0.00156485    -0.00022374
322    -0.01694938     0.00806627     0.00561881     0.00296603     0.00006237     0.00110087
323     0.00103599     0.00057582    -0.00218972    -0.00154052    -0.00003262    -0.00037185
324     0.01402476    -0.01059684    -0.00072774    -0.00166982    -0.00021324    -0.00069864
325     0.00111437     0.01749934    -0.00213695     0.00073142    -0.00068812    -0.00260692
326     0.00288037    -0.01992420    -0.00430265    -0.00038748     0.00021831     0.00148075
327    -0.00535977    -0.00052368     0.00623257    -0.00034782     0.00025757     0.00107184
328     0.02021209    -0.01001398     0.01350088    -0.00175164    -0.00066362     0.00178269
329    -0.00969091     0.01993427    -0.01297007     0.00105091     0.00025947    -0.00095291
330    -0.01004794    -0.00737105     0.00180842     0.00083745     0.00034615    -0.00106240
331    -0.00164307     0.00681415     0.00583058    -0.00464463    -0.00053562    -0.00146033
332     0.00478314    -0.00044079    -0.00376299     0.00224873     0.00007571     0.00041393
333     0.00021051    -0.00446520    -0.00552911     0.00178436     0.00029758     0.00061716
334     0.00773445     0.01402297     0.00108329    -0.00606596    -0.00353671    -0.00273551
335    -0.00579468    -0.00651226    -0.00006998     0.00398485     0.00225007     0.00237880
336    -0.00282198    -0.00486069    -0.00214023     0.00304540     0.00109273     0.00111353
337     0.00776209    -0.00100949    -0.00215988    -0.00240509    -0.00062727    -0.00080926
338    -0.00389164     0.00249415     0.00095687     0.00129175     0.00047036     0.00036993
339    -0.00579253     0.00015921     0.00148698     0.00104803     0.00024252     0.00028620
340     0.00303803     0.00123099    -0.01267703     0.00071476    -0.00183253     0.00092876
341     0.00293342    -0.00033397     0.00219578    -0.00037624     0.00081132    -0.00050836
342    -0.00609677     0.00186548     0.00958595    -0.00042378     0.00090717    -0.00037967
343     0.00714139    -0.01829700     0.00358336     0.00392830     0.00334474     0.00042545
344     0.00129961     0.00360302    -0.00177845    -0.00170426    -0.00149913    -0.00049917
345    -0.00831951     0.01342325    -0.00137905    -0.00218271    -0.00133756    -0.00015001
346    -0.00191998     0.00292550     0.00421804    -0.00054883    -0.00441835     0.00034163
347     0.00758968    -0.00018218     0.00102044     0.00039205     0.00213283     0.00011389
348    -0.00585213     0.00002248    -0.00288019    -0.00003683     0.00215300    -0.00013487
349     0.00401056     0.00032295    -0.00067287    -0.00466441    -0.00047652     0.00166691
350    -0.00138560    -0.00289859     0.00160424     0.00218977    -0.00008521    -0.00066340
351    -0.00167179     0.00260990     0.00073788     0.00208699     0.00041026    -0.00053437
352     0.00506378    -0.00190502    -0.01341695    -0.00333074     0.00077105     0.00091287
353    -0.00508254     0.00212867     0.01328566     0.00142163    -0.00034992    -0.00055652
354    -0.00018015     0.00221133    -0.00005734     0.00178225    -0.00065249    -0.00046314
355    -0.01762346    -0.01278854    -0.00789105     0.01838913     0.00432579     0.00442203
356     0.00286624     0.00287693     0.00475808    -0.00655946    -0.00359567    -0.00259825
357     0.01110059     0.00529863     0.00402573    -0.00942547    -0.00030782    -0.00469957
358     0.00282066     0.00353965    -0.01405231    -0.00190897    -0.00533515    -0.00342994
359    -0.00309600     0.00063581     0.00938916     0.00141974     0.00384046     0.00200048
360    -0.00166379    -0.00484373    -0.00122082     0.00065756     0.00260314     0.00225667
361     0.00638017    -0.00740010     0.00048542    -0.00067063    -0.00167844     0.00015179
362     0.00170872     0.00597214     0.00260001     0.00041531     0.00099009    -0.00012459
363    -0.00420297     0.00138428    -0.00207660     0.00037079     0.00077208    -0.00003108
364    -0.00365035    -0.00041052     0.01097003     0.00014217    -0.00189010    -0.00035958
365     0.00043689     0.00050673     0.00045005    -0.00004764     0.00079737     0.00016648
366     0.00252281     0.00135519    -0.00842591    -0.00006229     0.00096770     0.00009099
367    -0.01429573     0.00938345    -0.00154035     0.00211002    -0.00202035     0.00392163
368    -0.00564711    -0.00161138    -0.00043845    -0.00148184     0.00095130    -0.00198854
369     0.01679962    -0.00777590     0.00388896    -0.00104094     0.00119883    -0.00264041
370    -0.00266750    -0.00210718     0.00531378    -0.00022616    -0.00415120    -0.00586441
371     0.00247088     0.00467218    -0.00156853     0.00037999     0.00143921     0.00270681
372     0.00297403    -0.00126741    -0.00668685    -0.00007525     0.00273412     0.00433222
373     0.01310922    -0.01676657    -0.00721932    -0.00435549     0.00549879     0.00235240
374    -0.00904597     0.00436974     0.00186648     0.00166596    -0.00325820    -0.00134967
375    -0.00939169     0.01527165     0.00581018     0.00338884    -0.00344038    -0.00173795
376     0.01793147     0.01614474    -0.01021413     0.00210659     0.00076988     0.00586473
377    -0.00610348    -0.00200142     0.01220001    -0.00172332    -0.00061021    -0.00313446
378    -0.01112995    -0.01533854    -0.00261027    -0.00099730     0.00001628    -0.00362642
379     0.01542150    -0.00069618    -0.00546840     0.00041404    -0.00228648     0.00174623
380    -0.00174608     0.00572676     0.00129223    -0.00026333     0.00105150    -0.00069474
381    -0.01470174    -0.00668235     0.00427212    -0.00005922     0.00105178    -0.00078991
382     0.00155665    -0.01177528     0.00427545     0.00212865     0.00495116    -0.00295789
383     0.00150130     0.00949218    -0.00142004    -0.00162892    -0.00265300     0.00207633
384    -0.00356035     0.00369597    -0.00141312    -0.00060872    -0.00278174     0.00169655
385    -0.00795627     0.01153550    -0.01453743     0.00596776    -0.00208622     0.00030789
386    -0.00064929    -0.00212084     0.00577030    -0.00372568     0.00166255    -0.00056842
387     0.01165193    -0.01021177     0.00838123    -0.00227806     0.00090772    -0.00029875
388     0.00710272    -0.00928890    -0.00707173     0.00037675    -0.00206661     0.00292270
389    -0.00062889     0.01469253     0.00550679    -0.00021419     0.00110353    -0.00122302
390    -0.00618904    -0.00681819    -0.00013117    -0.00041580     0.00098528    -0.00157459
391    -0.00687658     0.00710128    -0.00013881    -0.00253810    -0.00220613    -0.00146594
392     0.00399653    -0.00151794     0.00130626     0.00112011     0.00112950     0.00091294
393     0.00166548    -0.00510749     0.00137673     0.00173084     0.00130260     0.00092113
394    -0.00161609     0.01498905    -0.02011730     0.00136687    -0.00450663     0.00253265
395     0.00066036    -0.00432714     0.00377967    -0.00039777     0.00282206    -0.00147648
396    -0.00150759    -0.01038601     0.01395032    -0.00044098     0.00174458    -0.00115441
397    -0.01624449     0.02496120     0.00227923     0.01127748    -0.01980277    -0.00059779
398     0.00787030    -0.01117892    -0.00059100    -0.00737087     0.00907024     0.00305060
399     0.00632015    -0.00503919    -0.00407321    -0.00408396     0.00599059     0.00129421
400     0.00826947    -0.01303864    -0.04431318    -0.00209329     0.00879874     0.01114916
401    -0.01393312    -0.00101856     0.02957368     0.00111759    -0.00255039    -0.00439931
402     0.00607568     0.01123003     0.01570832     0.00329694    -0.00516239    -0.00605335
403     0.00918602     0.00870964     0.00439378    -0.00218902     0.00070773     0.00135291
404    -0.00061079    -0.00051670    -0.00198300     0.00088361    -0.00029117    -0.00059149
405    -0.01095487    -0.00902602    -0.00048652     0.00111519    -0.00052492    -0.00072941
406     0.00697835     0.00029279     0.01200625    -0.00368076     0.00022837    -0.00292550
407    -0.00713396    -0.00344703    -0.00512768     0.00147839     0.00005920     0.00119065
408    -0.00155196     0.00176314    -0.00553250     0.00226385    -0.00002744     0.00135563
409     0.01012760    -0.00190704    -0.00748931    -0.00065702     0.00198687     0.00204495
410    -0.00464228    -0.00059399     0.00230724     0.00053786    -0.00112706    -0.00115577
411    -0.00581497     0.00083905     0.00608935     0.00031139    -0.00078432    -0.00087908
412    -0.00304196    -0.01006072     0.01467402     0.00074754     0.00013845    -0.00337639
413    -0.00278129     0.01230121    -0.00696656    -0.00027338    -0.00024989     0.00163216
414     0.00361551    -0.00016202    -0.00537210    -0.00042996    -0.00001558     0.00221249
415    -0.00722018     0.01117377     0.01300781    -0.00046277    -0.00135264     0.00229371
416     0.01404493    -0.00091147    -0.00423037     0.00010652     0.00078462    -0.00124284
417    -0.00918572    -0.00966039    -0.00669915     0.00031064     0.00075679    -0.00105336
