 Number of water molecules:
         139

 Atomic and electronic energies:
    -2.45609085    -0.07445538

 Atomic coordinates:
  1     8.36742566     4.76918051    12.06100365
  2     9.52441580     5.91764960    11.17891493
  3     6.71071334     4.73126791    11.08022910
  4    -5.86170805    11.67371132     7.02129736
  5    -4.77169003    10.14394443     7.57962145
  6    -5.53171571    11.80394281     5.13124905
  7     1.35010292     8.07108656    11.73688280
  8     0.70629434     7.29462259    13.35201497
  9     2.50447790     6.73821204    10.89223313
 10    -6.93888138     8.24476333    -7.59229994
 11    -7.61385847     6.76135531    -8.56453996
 12    -5.50467692     9.05108201    -8.61746371
 13    -5.15028356   -11.49547744   -10.18654702
 14    -5.64124268    -9.76510215   -10.95870879
 15    -6.21218273   -11.68085889    -8.59492915
 16   -11.28851426     2.52023065     8.02364262
 17   -12.15913826     4.22883182     8.06016677
 18   -11.27395500     1.95810103     6.16075488
 19     1.89674908     8.35385380   -15.74560424
 20     2.27302010     8.33949957   -13.85866398
 21     2.39422202    10.08809787   -16.36193299
 22     6.65968802     7.35183487    -7.75195122
 23     8.53424893     7.42011185    -7.64610455
 24     6.26001565     5.79660726    -6.68589274
 25     3.00625440    -6.67333774   -12.94676384
 26     2.29826037    -5.31456640   -11.73582006
 27     1.88552287    -8.24529294   -12.63226745
 28    -4.05180813     5.91141451     1.41819737
 29    -3.89566261     5.88328440    -0.53577329
 30    -4.69909740     4.16693144     1.90980871
 31     9.68886257    -0.22395009    12.42577693
 32     8.31498536    -0.91637746    11.29244662
 33     9.59098402     1.68879826    12.42529254
 34     0.84309538     9.22830429    -2.99644101
 35     1.23967734     7.56463596    -2.13397835
 36     2.45293568    10.23072964    -2.66161183
 37    -4.94022066     4.92536141    12.03834456
 38    -3.70599121     3.48172813    11.73867810
 39    -6.62711490     4.06940001    11.91459062
 40     9.86662570    -6.15978341     8.65577603
 41     8.47707821    -4.83159188     8.95017328
 42    11.41974723    -5.26112752     9.33730394
 43   -13.98164389    -5.12871135     9.32526108
 44   -15.39799885    -5.28346465    10.59764487
 45   -12.87579916    -3.65171039     9.94785572
 46    10.68886173   -13.07848477     3.07589417
 47    10.07440930   -13.10109634     1.28770732
 48    12.25424161   -14.12571341     3.22108108
 49     2.21892807     1.28304372    -7.24085853
 50     3.85277047     1.94584126    -6.45811409
 51     0.80274394     1.99938940    -6.16265406
 52     2.45875195     1.71774714     2.60952769
 53     2.39611373     0.44432049     1.19706466
 54     1.12177926     3.03105513     2.12415737
 55    -1.07798994    -2.48274325    -3.53292071
 56     0.68084754    -2.05137971    -2.84945915
 57    -1.73569354    -0.81180692    -4.22361400
 58     1.76663730     0.20836962     7.29593316
 59     2.13989339     0.84760839     5.47949277
 60     0.55596974    -1.25460727     7.14388691
 61    -3.83640104    -2.70277466     0.82581043
 62    -4.73161308    -1.10481482     1.34292484
 63    -2.89322943    -2.39729782    -0.81054955
 64    -0.64965735    12.85672585     3.20159527
 65    -0.24047606    11.07361084     3.76491009
 66     1.03592009    13.56444500     2.53533171
 67     1.74560958   -12.13281525    -7.08854607
 68     0.13132710   -11.47385003    -6.29153375
 69     1.93798603   -13.99463958    -6.60193117
 70    -2.70245958    16.49715740    -3.22703424
 71    -3.13660586    17.64173199    -1.70955301
 72    -4.12428575    15.16449634    -3.16892634
 73    -6.04288552    -1.71009260     7.51994246
 74    -6.57314751    -1.52108751     9.35179668
 75    -4.31924583    -2.45059930     7.64160136
 76    -1.55483193     6.48131814    15.64590080
 77    -2.36571976     7.25373215    17.21621980
 78    -3.04214834     6.04909423    14.52070110
 79   -14.51758469    -1.28217904     0.13919482
 80   -14.75910006    -2.43273971     1.60839850
 81   -14.21296424    -2.42790416    -1.29940853
 82    -4.04637354     3.15063150   -10.16657757
 83    -5.96723368     3.22369893   -10.12172308
 84    -3.38197273     4.05372188   -11.73398318
 85     9.69423849   -11.00365627    10.23661771
 86    10.54657021   -11.11770061    11.90328630
 87     9.63409469    -9.16684281     9.72801030
 88   -11.40910061    -4.22819959   -12.53604075
 89    -9.90780535    -5.02684473   -13.34595966
 90   -11.38454777    -4.70634498   -10.68157408
 91    10.56078925    12.11628549     4.28179117
 92     8.72094203    12.44190275     4.86116544
 93    11.60375070    13.52126549     5.05751569
 94    -7.88198674   -10.51109765    -5.78749916
 95    -8.54923623    -8.90661564    -6.59556561
 96    -8.79777480   -10.70809776    -4.12279642
 97    11.82202804     5.71116341    -6.60221873
 98    11.71936018     3.77348066    -6.43420329
 99    13.40449761     5.94664421    -7.59686059
100    -5.59591124    -8.21359426     5.25584193
101    -6.89923336    -6.81660703     4.95277633
102    -3.93537851    -7.60356847     4.45707663
103    -5.75839717    -6.52560075   -11.21844395
104    -4.77840876    -6.74503565   -12.85735747
105    -4.43622177    -6.05373882    -9.89735120
106     7.72315269    -7.08387865     1.32714906
107     9.31796773    -7.44769927     2.41232447
108     6.23364515    -6.98683861     2.62087101
109    13.77021230    -1.05673549     5.99723880
110    11.93400227    -0.57875339     6.05839381
111    14.68649856     0.52615861     5.38996557
112    -2.72751338    -7.46793455   -15.17749415
113    -1.56077225    -8.79250258   -14.49131492
114    -1.66569567    -6.36249628   -16.32407779
115    -0.10817995   -10.63430262   -11.61088652
116    -1.87357838   -11.23106722   -11.26496985
117     0.93764562   -11.12815134   -10.04684574
118    -2.83781223     7.95321498     8.63733979
119    -1.27051321     8.14663899     9.69093767
120    -4.02852659     6.90049889     9.73893472
121     2.35939132     7.56910007   -10.71608191
122     3.93275606     7.51297589    -9.64008684
123     2.20315063     5.70412021   -11.25971653
124   -14.33103990     3.70014358    -1.84617603
125   -14.41473386     4.98928134    -0.41453733
126   -14.83829130     2.00353215    -1.07772760
127    -3.44436004     1.63530040    -5.53017902
128    -3.64773532     3.31110080    -4.54136474
129    -3.59323973     2.17846811    -7.37752770
130    -1.53402298   -12.67086386     9.81704142
131    -2.81584881   -11.19691450    10.00141770
132    -2.05134514   -14.02956268    11.08981668
133     7.65384901     5.34319494     5.58940057
134     6.56943350     6.50853133     4.44999874
135     9.43763028     5.89241229     5.07006292
136     9.82568412    -7.19976678    -3.50646736
137     8.86648771    -8.47583836    -4.57013893
138     9.19775404    -7.40204389    -1.69538648
139     7.21112436    -2.02589683     1.66747011
140     5.79797245    -1.38690577     0.54005449
141     7.26594128    -3.90743306     1.39258301
142    16.32190407    -0.20366866    -4.39604781
143    14.64761760     0.40602847    -5.12688610
144    16.08568358    -2.07387276    -4.12422110
145    -1.32864465    -6.46560161     3.01951550
146    -2.10218168    -4.94275474     2.14425128
147    -1.00078680    -7.77887916     1.59356413
148   -10.13518364     9.61025755    -3.83219744
149   -11.72674113     8.67843077    -4.16566192
150    -9.00680500     9.24761338    -5.33345547
151    14.57676639    -4.97456564    -3.45189239
152    12.92078047    -5.97237413    -3.78813120
153    14.72069189    -4.80138734    -1.55604055
154   -10.31804228    10.30037301     1.34519551
155   -10.39870164    10.07622169    -0.58733157
156    -8.46788484    10.70109518     1.71257639
157    11.61325656    -8.17903026     4.32678848
158    11.02184206    -7.62234345     6.07699857
159    11.15805949   -10.07389355     4.25435809
160     6.62872291     2.89273216    -5.06167342
161     8.24513929     1.90615589    -5.20028975
162     6.64741007     3.57622974    -3.23173605
163    13.52457490    -3.24941575    10.74604372
164    12.47117691    -1.98756234    11.77958055
165    14.10110099    -2.31588173     9.18148721
166    12.14071222     7.13223525     3.90927536
167    11.71008125     8.95657344     4.15385678
168    12.25569806     6.96659492     2.00218314
169    -6.24138895     1.24032836     2.99790483
170    -5.87964419     0.34053700     4.64635195
171    -8.14229331     1.52965829     2.91539446
172    14.08184309    -4.19102249     1.78700542
173    14.27231668    -2.88735666     3.16912697
174    13.49974704    -5.81739877     2.70389879
175   -12.80490588    -4.39602623    -3.83824712
176   -11.36579248    -4.57311203    -2.52011686
177   -11.85043355    -4.81357357    -5.45267141
178    -8.67366806    -4.92425716    -0.93088023
179    -8.30510485    -4.57125230     0.94529674
180    -7.44145312    -3.85807021    -1.95261168
181     1.14475238    -4.42928250   -17.25814522
182     2.55645621    -3.28515062   -17.86029760
183     1.90815130    -5.49155606   -15.86112182
184    -1.30171877    -3.81140087     7.43116382
185    -1.32774445    -5.04416418     5.93758759
186    -0.33635366    -4.67141598     8.85785835
187     8.92938668     0.36551548     5.79507155
188     8.57309287     2.25342373     5.72475411
189     8.43691620    -0.38062317     4.11973691
190     3.92795838    14.59086579     1.51782415
191     4.71278734    13.66091041     0.01322535
192     3.28385321    16.26920311     0.81819153
193     4.89448399     8.36059526     2.51974389
194     3.08411025     8.18526078     3.17641351
195     5.01095863     9.86149815     1.31785650
196    17.04264927     3.65918813    -1.12573227
197    16.79833057     2.01474009    -2.14455875
198    18.92808509     3.97612325    -1.14145635
199    -5.62809832   -11.85062326     1.37905636
200    -3.76951409   -11.74718938     0.88234943
201    -5.68774623   -11.10844270     3.19269349
202    12.92622097     6.85295376    -1.46641643
203    14.51900743     5.78865991    -1.30941022
204    12.17022702     6.40146146    -3.16048249
205    -8.96234212    -4.49273130     4.22468684
206   -10.88413907    -4.35374736     4.21935179
207    -8.25048310    -3.23851452     5.50984192
208    -1.37698559   -14.60205216     4.94309815
209    -1.54169124   -13.66645666     6.58585865
210     0.46114603   -14.39002859     4.32548437
211     6.29582622    -9.94172000    -6.08420839
212     4.59594427   -10.78783977    -6.63452009
213     7.07832876    -9.15544635    -7.70167616
214     7.26982206    -3.98872248   -13.69081563
215     5.52199125    -4.82457458   -13.47003495
216     6.91474456    -2.61391303   -15.03812865
217     0.70270549     1.69535149    15.92300499
218     0.17496024     3.54929221    16.15931164
219     2.64329051     1.68743465    16.04630068
220    11.43164627     0.65908123    -5.95014812
221    11.06347129    -0.73669918    -7.22167934
222    11.29924081    -0.18318134    -4.20404130
223    -3.81000124     6.67233500    -3.69661774
224    -4.91461408     7.37756799    -5.09000674
225    -2.25775097     7.76346944    -3.52558020
226   -11.01646469    11.16529934     6.46586330
227   -11.01428585    11.25470658     4.56056977
228    -9.22035674    11.69747251     6.96731763
229     8.51295980    -8.04642647   -10.44189938
230     8.89695915    -9.65041524   -11.40067242
231     8.01262521    -6.73802658   -11.76832763
232    -0.49094887    12.83228781    -6.42184726
233    -0.21766323    11.37053186    -5.13694398
234    -1.37862597    14.21518303    -5.41044212
235    -2.56359183   -18.54580233     1.89436973
236    -4.31432571   -18.21265838     1.22265210
237    -2.30423900   -17.18645140     3.26673035
238    -6.23108371    -0.83692041    12.51285787
239    -5.82780038    -1.32738851    14.31907743
240    -4.52950145    -0.30255854    11.80777248
241    -4.95231812    -8.92461861    10.26560965
242    -5.08776515    -8.61378469     8.38340613
243    -6.76667134    -8.85101086    10.85092705
244    -1.14545352    -0.89435126   -14.15198954
245    -0.60238275    -2.16244217   -15.47476459
246    -2.66032705     0.04489842   -14.90637584
247    -6.15644191    13.06417399    -2.87974396
248    -5.80117854    12.33536798    -1.10987500
249    -7.68987345    12.09580635    -3.54778433
250     6.09717955    13.19834050     6.05837299
251     5.25886214    13.88576341     4.46426159
252     4.64644032    13.11251304     7.37665626
253   -14.16714486    -9.03540226     1.77946055
254   -15.54240953    -9.84207751     0.77981074
255   -12.54688566    -9.58068205     0.90404531
256     2.04610574   -17.43785453    -0.39142836
257     2.71774383   -16.21621363     0.88053532
258     0.33748734   -18.09622680     0.31197095
259     9.87552754    -2.94351555    -9.38724400
260    10.54447443    -4.72921762    -9.13629396
261     8.96436486    -3.05565300   -11.12597684
262    -3.79374937    19.20877325     0.92409190
263    -3.57411924    18.36366131     2.66909774
264    -5.28472450    20.34407539     1.17594932
265    -3.32904477    -1.73533528    16.83569583
266    -2.91460549    -3.25884925    15.70071746
267    -1.77300500    -0.65957957    16.83461329
268    -2.32011667     9.49836645    -9.90202623
269    -0.60280889     8.66331867   -10.11067067
270    -1.93166081    11.08077531    -8.91046079
271     5.58285210    11.79376262    -2.27351208
272     5.48902656    12.50121755    -4.10065662
273     7.47806728    11.58187556    -1.93657745
274     1.96391194     2.65121777   -12.00773319
275     0.60875584     1.48365354   -12.72960187
276     2.12044209     2.07237834   -10.14108170
277   -14.29567684    -4.56683054     4.22667710
278   -14.37151211    -4.78599675     6.14737627
279   -14.30016969    -6.35460838     3.50545619
280     4.37027738   -10.62466264    -0.83742970
281     4.83393584   -10.67768289    -2.73687576
282     5.42775112    -9.20352726    -0.07060971
283     3.33039843   -13.81221254     3.13805339
284     4.66984057   -13.51570442     4.46631967
285     3.64661992   -12.58338540     1.70993785
286   -12.97264331     0.49746340   -11.35068110
287   -14.10094980     0.05625209    -9.82702026
288   -12.45184179    -1.17348844   -12.13638167
289    -2.86241921    16.93177164     5.34320808
290    -2.02783596    15.36283361     4.63481083
291    -2.55348994    16.73604414     7.23247740
292     2.28805183    12.56814843     9.37266459
293     2.21904278    11.03675774    10.49230105
294     0.64129249    13.59769892     9.52344046
295    -2.81581970    -9.97424521    -5.01654366
296    -4.67061647   -10.47636290    -5.26748297
297    -2.58552879    -8.39524648    -6.10246228
298    -1.63039116     1.18451333    11.37829470
299    -0.57729512     0.98152108    12.95969177
300    -0.43968142     0.85644778     9.90618527
301    -4.82573821     2.10061539   -16.31842814
302    -6.70193223     2.15598237   -16.58161389
303    -4.35168948     3.82053946   -15.57275616
304    -9.70275462    -9.90656867    -0.88813464
305    -8.14314189   -10.75638547    -0.01257337
306    -9.24737121    -8.02998720    -0.76621107
307     5.66579304     2.04896565    15.67089008
308     6.89993180     0.60110908    15.55996169
309     6.52744666     3.53586639    14.78125649
310     7.07777718    -2.97456093    -4.95617436
311     7.72140492    -2.71440652    -6.76477842
312     8.08921584    -4.50096241    -4.34305843
313    -2.78338674     6.41805665   -14.12154720
314    -3.02615973     7.61669860   -12.66495678
315    -1.20609897     7.12245548   -15.05751083
316   -10.06421857    -8.84380727    10.02238354
317   -10.43046271    -9.89595643     8.50942880
318   -11.34400828    -7.36908724    10.01369826
319     1.46816508    18.69361394    -0.34996307
320     0.61587354    18.34394059    -2.03723312
321     0.01655400    19.19991400     0.82002763
322    15.68670294     3.25816222     3.89040510
323    16.10668569     3.14252412     2.04169403
324    14.48913823     4.72396927     4.05423461
325     5.20741835    -1.22557191   -17.89751840
326     4.70146302     0.63405973   -17.56275637
327     6.03901228    -1.18120540   -19.60969482
328   -11.08889445    -1.54700072    11.05697631
329   -11.11410152     0.06107317     9.96151963
330    -9.32584646    -1.53211079    11.88442263
331   -11.28355653     1.79085670    -5.45807927
332   -12.04353024     2.78972179    -3.93876574
333   -12.66509713     0.72785980    -6.20476869
334    -7.33975366    -1.60510205    -5.03351867
335    -5.81548402    -0.47111952    -5.08413472
336    -8.85752468    -0.40345743    -5.02004958
337   -15.48007373    -1.19259233    -7.08906523
338   -14.93513459    -2.49273789    -5.75363277
339   -17.32444081    -0.93110416    -6.80898685
340     6.76170145   -12.94829025     6.62254194
341     7.71947303   -12.37459655     8.23346994
342     8.16360867   -13.15696336     5.32808164
343    10.42629296    11.33201417    -0.86135888
344    10.64421272    11.90750384     0.98028009
345    11.53839692     9.79112406    -1.03063166
346    -0.91765752   -10.20910811    -0.28814401
347    -1.61170222    -9.97758710    -2.05927075
348     0.93027647   -10.64743994    -0.56498147
349   -11.30168433     1.73507664     3.01559811
350   -11.84029983     3.54418876     2.61691141
351   -12.31308097     0.60942988     1.82808032
352   -13.53150510     6.44927681     2.48286836
353   -13.98995420     6.68576084     4.34072227
354   -12.38423920     7.95200731     2.08449754
355     6.48342393     4.15186916    -0.25294950
356     6.27233720     6.01225240     0.11943092
357     5.27521994     3.26288523     0.93286724
358    -2.21717162    -5.54248214    -7.62406806
359    -2.02877585    -4.44683599    -6.00588169
360    -0.82049462    -4.85369991    -8.78361996
361    -7.20613567   -16.81182638     0.33624270
362    -6.80084098   -15.05361494     0.94616943
363    -8.07787387   -16.72301142    -1.34242071
364     2.00952476   -16.89139270    -5.47108543
365     1.31678673   -18.51656287    -6.12817843
366     2.09470956   -17.05968433    -3.51429008
367     6.19128653    -2.27888345     9.17961398
368     7.32830583    -1.43352369     7.86298815
369     4.46834938    -1.53713030     8.72526526
370     1.26959109    -2.99143657   -10.20512622
371     0.18720436    -2.06202219   -11.53358643
372     1.73917241    -1.64627112    -8.89920731
373    -5.23642629    11.00537137     1.81504296
374    -3.55708568    11.95806544     1.94129777
375    -4.76918664     9.17833102     1.51658524
376     4.19370262     4.62131419     9.18945655
377     5.37473892     5.10485514     7.73600193
378     3.18219719     3.21487811     8.37489897
379     2.78076281   -10.17652879     8.30408348
380     4.11698897   -11.51511555     7.97830363
381     1.33866518   -11.13680931     9.13464451
382     4.97319483    12.47293508    -7.27201240
383     5.56364425    10.67835383    -7.66334444
384     3.08085394    12.46800505    -7.49186199
385    11.33047435    -0.71266526    -0.98007891
386     9.68227655    -0.91682936     0.01219599
387    12.56536389    -1.84890827    -0.05121407
388     2.34403739    -5.59465646    10.73167907
389     2.69574627    -7.33435760     9.94315142
390     3.97558206    -4.62670010    10.46786592
391    -9.27791191    -5.78463929    -7.57046238
392    -8.00964365    -6.04009464    -9.00630956
393    -8.54787484    -4.31207356    -6.56157370
394     3.71595868    -7.13540823     4.34837449
395     1.98466983    -6.72006196     3.68325694
396     3.40706987    -8.24055635     5.86073225
397     3.57253958    -1.05612274    -1.91217106
398     3.55043775     0.79612505    -2.40303262
399     4.78366604    -1.83886007    -3.22734042
400    -0.06015449     8.06897114     4.13443554
401    -0.94103483     7.84971918     5.82537912
402    -1.20581934     7.11425900     2.87833305
403   -13.75812001     7.21799614     7.85614715
404   -14.96662975     7.90642889     9.11323803
405   -12.49846819     8.65120970     7.40658878
406    -9.20261845     3.76363057    -9.71498513
407   -10.53829211     2.93940229   -10.88369037
408    -9.76307276     3.15211550    -7.92910368
409    -2.42792441    14.57670412     9.88427585
410    -3.88946832    13.71308717     9.05203414
411    -2.94168743    14.82878999    11.72897410
412     3.54633075     3.41908555   -16.72270741
413     3.11759389     5.23971819   -16.98126209
414     3.10027891     3.02778521   -14.86730114
415    -2.11776976    -5.41982321    13.52171162
416    -0.38150641    -5.37290771    12.65347745
417    -3.16242577    -6.71340622    12.59611199

 Atomic and electronic forces:
  1    -0.01227409    -0.01750237     0.01597520     0.00170789     0.00020247     0.00291525
  2     0.01448673     0.01740205    -0.01241754    -0.00098345    -0.00022583    -0.00136935
  3    -0.00068350     0.00206161    -0.00234100    -0.00095201    -0.00013733    -0.00190141
  4     0.01125074    -0.01069075    -0.00059077    -0.00232335     0.00277855     0.00289157
  5    -0.00824694     0.01092210     0.00091635     0.00123720    -0.00143815    -0.00196995
  6    -0.00397166     0.00187330     0.00189430     0.00147381    -0.00187085    -0.00148137
  7     0.01317012    -0.00637958    -0.02110483     0.00023676     0.00135782     0.00409826
  8    -0.00555420    -0.00207587     0.01110655    -0.00001276    -0.00042622    -0.00176312
  9    -0.00677828     0.00907693     0.00761387    -0.00039371    -0.00059624    -0.00245116
 10     0.01194986     0.01331738     0.00991692    -0.00477572     0.00273811    -0.00378022
 11    -0.00465960    -0.00822070    -0.01152686     0.00225295    -0.00080004     0.00190718
 12    -0.00678031    -0.00751878    -0.00063048     0.00196206    -0.00160804     0.00218982
 13    -0.00327283     0.01627760    -0.00803950    -0.00073912    -0.00193186    -0.00112094
 14     0.00382751    -0.01872877     0.00981780     0.00046040     0.00098263     0.00069837
 15     0.00055511    -0.00060922    -0.00292103     0.00045057     0.00100903     0.00047601
 16     0.00414539    -0.00460390    -0.00623508    -0.00278749    -0.00027474     0.00213730
 17    -0.00278085     0.00165342     0.00024476     0.00131677    -0.00005349    -0.00094562
 18    -0.00153848     0.00465310     0.00934564     0.00171875     0.00024846    -0.00105243
 19    -0.00046581     0.00673273    -0.00168654     0.00025703     0.00108022    -0.00342741
 20     0.00030646    -0.00126628     0.00219921    -0.00025251    -0.00078891     0.00217626
 21    -0.00116892    -0.00332221    -0.00135962    -0.00015041    -0.00059606     0.00142362
 22    -0.02499007    -0.00457510     0.00662646     0.00605077     0.00346156    -0.00630631
 23     0.02424857     0.00387140    -0.00263603    -0.00272270    -0.00119993     0.00212358
 24     0.00186175     0.00041633    -0.00441886    -0.00453481    -0.00145458     0.00413674
 25    -0.01357745    -0.00880501     0.00021967     0.00047562    -0.00217382    -0.00238406
 26     0.00400524    -0.00389448    -0.00211212    -0.00024129     0.00139432     0.00156971
 27     0.01059725     0.00801221     0.00033402    -0.00010696     0.00109011     0.00101482
 28     0.01713580    -0.00292991    -0.02291429    -0.01584726     0.00726185     0.00825469
 29    -0.01016040     0.00280100     0.01633798     0.00906498    -0.00418658    -0.00130254
 30    -0.00736813     0.00018613     0.00442797     0.00718735    -0.00082351    -0.00399043
 31     0.00881124    -0.00373573     0.00682601     0.00152381    -0.00067338     0.00228328
 32    -0.00427055     0.00142018    -0.00037963    -0.00085118     0.00051590    -0.00137181
 33    -0.00483338     0.00237372    -0.00322356    -0.00081385     0.00019260    -0.00123314
 34     0.00990266    -0.01794253     0.01306381    -0.00073979     0.02040192    -0.00631051
 35    -0.00604926     0.00709843    -0.00632643    -0.00083248    -0.01176615     0.00252743
 36    -0.00053984     0.01059097    -0.00562202    -0.00173531    -0.00749588     0.00154690
 37    -0.00466500     0.00099824     0.00025571    -0.00151591     0.00032818     0.00358298
 38     0.00983002    -0.00373946     0.00040663     0.00069744     0.00003866    -0.00208144
 39    -0.01023678     0.00073981     0.00183787     0.00088337    -0.00004301    -0.00158492
 40    -0.01779563     0.01232604     0.00246525     0.00157774    -0.00168156     0.00168225
 41     0.00379305    -0.01305851    -0.00407134    -0.00086213     0.00093253    -0.00110803
 42     0.01273573     0.00079162     0.00548198    -0.00080087     0.00066737    -0.00078362
 43    -0.00462362    -0.00545202     0.00219608    -0.00146780    -0.00088730     0.00105561
 44     0.00384856     0.00097523    -0.00341149     0.00062565     0.00035107    -0.00046008
 45     0.00039916     0.00060701     0.00207269     0.00080166     0.00043655    -0.00065984
 46    -0.00903204     0.00731787     0.01062823     0.00100797    -0.00168235     0.00043860
 47     0.00098355    -0.00383055    -0.00692453    -0.00051952     0.00092484    -0.00014314
 48     0.00528246    -0.00531025    -0.00281656    -0.00045696     0.00070220    -0.00017822
 49    -0.00813380     0.00658629     0.01522833     0.00404314    -0.00742410    -0.01571156
 50     0.00746537    -0.00357224    -0.00498968    -0.00450467     0.00290557     0.00699235
 51     0.00135084    -0.00455794    -0.01024942     0.00009225     0.00406548     0.00986561
 52    -0.01859564     0.02382584    -0.01758118     0.01039039    -0.01047975     0.01941712
 53     0.00447255    -0.01324332    -0.00003913    -0.00469092     0.00783810    -0.00618910
 54     0.01165320    -0.01020842     0.01300488    -0.00222716     0.00289696    -0.01130307
 55     0.00655313     0.01335990     0.00562467    -0.00402291    -0.01444965    -0.00522298
 56    -0.00075830    -0.01159780    -0.00264555    -0.00010410     0.00859728     0.00222627
 57    -0.00881598    -0.00343828    -0.00727823     0.00377749     0.00692724     0.00440401
 58     0.01577527     0.02265306    -0.00225104     0.00136813    -0.00346529     0.00825554
 59    -0.00417588    -0.00990643     0.01090666    -0.00153974     0.00250868    -0.00569584
 60    -0.00986368    -0.01347316    -0.00378406    -0.00006124     0.00214613    -0.00359618
 61     0.01071442    -0.00804162     0.00009608    -0.00664990    -0.00953272     0.00292614
 62    -0.00689895     0.00833768     0.00329420     0.00450682     0.00399585    -0.00209211
 63    -0.00212541    -0.00250714    -0.00492769     0.00356733     0.00621121    -0.00035197
 64     0.00488321     0.01628125    -0.01150281    -0.00111044     0.00686086     0.00344538
 65     0.00232055    -0.00869173     0.00545594     0.00057888    -0.00405356    -0.00285845
 66    -0.00644154     0.00046441     0.00408668    -0.00008421    -0.00344743    -0.00137618
 67     0.00757757     0.01348461    -0.00508416     0.00018198    -0.00265058    -0.00095845
 68    -0.00389195    -0.00624012     0.00376482     0.00005171     0.00150473     0.00049107
 69    -0.00467341    -0.00455290     0.00421550    -0.00008203     0.00113058     0.00033550
 70    -0.00070003     0.00145542     0.00982839    -0.00122687     0.00436742    -0.00065547
 71     0.00344369    -0.00195305    -0.00827937     0.00054663    -0.00190015     0.00005394
 72     0.00123191     0.00332231    -0.00513293     0.00103524    -0.00235133     0.00038497
 73    -0.01801969     0.01025030    -0.00909091    -0.00295958    -0.00239259     0.00381857
 74    -0.00523755     0.00228290     0.00372421     0.00112205     0.00081392    -0.00163149
 75     0.02420283    -0.01231231    -0.00303347     0.00121121     0.00151438    -0.00215555
 76    -0.00648498     0.00619578     0.02123088    -0.00034617     0.00043252     0.00268336
 77     0.01043926    -0.00498816    -0.00958835     0.00017837    -0.00020730    -0.00109658
 78    -0.00336376    -0.00377633    -0.00903266     0.00034515    -0.00021639    -0.00147803
 79     0.00055331     0.03227726     0.00158688    -0.00297550    -0.00097576     0.00026808
 80    -0.00403487    -0.01374452     0.02407324     0.00131384     0.00052246    -0.00024108
 81     0.00528039    -0.01720284    -0.02486033     0.00145128     0.00059790     0.00000630
 82     0.01019343     0.00001797     0.00438647    -0.00391468    -0.00053886    -0.00685792
 83    -0.00263897     0.00342819    -0.00990697     0.00202768     0.00016901     0.00258440
 84    -0.00978378    -0.00156610     0.00193184     0.00126330    -0.00006214     0.00302047
 85    -0.00878603    -0.01298386    -0.00830623     0.00082143    -0.00133069     0.00103738
 86     0.00597179     0.00096172     0.01021069    -0.00036974     0.00055258    -0.00048917
 87     0.00254273     0.01207493    -0.00064828    -0.00051855     0.00073948    -0.00062921
 88    -0.00652437     0.00456208     0.01087358    -0.00159795    -0.00105197    -0.00147388
 89     0.00745666    -0.00481373    -0.00383238     0.00070954     0.00058665     0.00079983
 90     0.00154758    -0.00217770    -0.00562486     0.00092338     0.00064538     0.00071414
 91     0.00554701     0.00203106    -0.00373609     0.00289330     0.00238962     0.00165972
 92     0.00616966     0.00001040     0.00478295    -0.00140145    -0.00147940    -0.00108605
 93    -0.00526302    -0.00426804    -0.00079311    -0.00110724    -0.00097188    -0.00065234
 94     0.00787763    -0.00456131    -0.00795594    -0.00135822    -0.00226321    -0.00071592
 95    -0.00519244     0.00330364     0.00295780     0.00083166     0.00113970     0.00047882
 96    -0.00468891     0.00207496     0.00642676     0.00071911     0.00109764     0.00021729
 97    -0.00307882    -0.01573984     0.00425724     0.00473684     0.00073610    -0.00215585
 98    -0.00632101     0.00679359     0.00217794    -0.00253234     0.00004452     0.00112178
 99     0.00776785     0.00936245    -0.00576970    -0.00179202    -0.00028069     0.00085720
100     0.00828737     0.00161070    -0.00050264    -0.00151263    -0.00290152     0.00156729
101     0.00012044    -0.00195249    -0.00240039     0.00104093     0.00145431    -0.00084701
102    -0.00885357    -0.00248519     0.00114734     0.00076048     0.00189203    -0.00094237
103    -0.00883513     0.00270673     0.00779335    -0.00136502    -0.00216955    -0.00207759
104     0.00416453     0.00000001    -0.00949082     0.00049711     0.00095081     0.00103658
105     0.00325803     0.00044593     0.00102099     0.00076274     0.00145378     0.00126354
106    -0.00514306    -0.00309083     0.01222154     0.00247909    -0.00373518     0.00091166
107    -0.01048632     0.00341824    -0.00567969    -0.00111988     0.00143180    -0.00047685
108     0.01172641    -0.00421119    -0.00696151    -0.00111614     0.00208953    -0.00076152
109     0.01688877    -0.00462317    -0.00174355     0.00267729    -0.00099455     0.00148981
110    -0.01553902     0.00454387     0.00089256    -0.00159533     0.00061972    -0.00103654
111     0.00357099     0.00297060    -0.00034152    -0.00140964     0.00033396    -0.00067511
112    -0.00283246     0.00911133    -0.00131337    -0.00047050    -0.00153485    -0.00187671
113     0.00338134    -0.01008820     0.00434657     0.00015113     0.00083604     0.00086961
114    -0.00103235     0.00068401    -0.00359763     0.00016206     0.00068682     0.00100629
115     0.02296488     0.01168402    -0.00214354    -0.00011696    -0.00210953    -0.00149736
116    -0.01604815    -0.00808292     0.00588577     0.00017435     0.00102058     0.00067358
117    -0.00878503    -0.00282203    -0.00626670    -0.00002057     0.00118229     0.00068836
118    -0.01030596    -0.00122944    -0.01639455    -0.00198100     0.00239750     0.00551611
119     0.01408197     0.00386405     0.01172118     0.00046165    -0.00106310    -0.00261775
120     0.00215973    -0.00079457     0.00203764     0.00102632    -0.00070025    -0.00237797
121    -0.00396540    -0.01746662    -0.00192786     0.00119744     0.00297624    -0.00734598
122     0.01237791     0.00906764     0.00618266    -0.00149774    -0.00174908     0.00388937
123    -0.00554126     0.00640369    -0.00385395    -0.00054826    -0.00073106     0.00392816
124     0.00175082    -0.00290069     0.00410151    -0.00356970     0.00000062    -0.00014247
125    -0.00032245    -0.00321070     0.00013163     0.00175262    -0.00014959    -0.00009576
126     0.00016593     0.00449377    -0.00192556     0.00165738     0.00018077    -0.00001728
127     0.01094406     0.01973801     0.03177093    -0.01213223    -0.00588212    -0.01171387
128    -0.00234268    -0.01308313    -0.01165076     0.00785295     0.00065057     0.00555124
129    -0.00229327    -0.00119372    -0.01331915     0.00380168     0.00136734     0.00498259
130    -0.00866163     0.00225876     0.01047208    -0.00021982    -0.00169331     0.00114002
131     0.00661516    -0.01291453     0.00224664     0.00020316     0.00088870    -0.00066781
132     0.00255511     0.01281403    -0.01091953     0.00010465     0.00070054    -0.00048585
133    -0.00545695     0.01303981    -0.01700755     0.00563097     0.00111658     0.00545313
134     0.00305495    -0.00598475     0.00941927    -0.00353670    -0.00149350    -0.00339834
135     0.00427643    -0.00285188     0.00619281    -0.00260097    -0.00057155    -0.00188641
136     0.00333898     0.00533890     0.00458926     0.00243916    -0.00290890    -0.00055901
137    -0.00520235    -0.00377370    -0.00019389    -0.00097049     0.00144244     0.00037429
138     0.00028137     0.00115972    -0.00292966    -0.00124380     0.00161405     0.00004757
139    -0.00402363     0.01977314     0.00003249     0.00642285    -0.00554706     0.00289593
140     0.00000389    -0.00491430    -0.00141651    -0.00440442     0.00431149    -0.00160266
141     0.00410194    -0.01440764    -0.00025070    -0.00228937     0.00259240    -0.00092354
142    -0.00218165     0.01667829    -0.00118391     0.00284964    -0.00074499    -0.00053436
143     0.00549295    -0.00336301     0.00056524    -0.00172891     0.00043237     0.00045052
144    -0.00130195    -0.01334677     0.00084372    -0.00133668     0.00051492     0.00023190
145     0.01455817    -0.01148166    -0.00187381    -0.00110637    -0.00583837     0.00240610
146    -0.00972663     0.00599202    -0.00677087     0.00119895     0.00381466    -0.00145281
147    -0.00774551     0.00380877     0.01101080     0.00038049     0.00273160    -0.00066373
148     0.00825420     0.00924927     0.01229494    -0.00433057     0.00232733    -0.00100984
149    -0.01496959    -0.00710098    -0.00306758     0.00195695    -0.00077590     0.00045149
150     0.00645275    -0.00347007    -0.00912187     0.00232779    -0.00130315     0.00095168
151    -0.01792561    -0.01085410    -0.01133248     0.00246271    -0.00155682    -0.00035844
152     0.01837561     0.01134834     0.00685894    -0.00124546     0.00099256     0.00024011
153    -0.00075338    -0.00156583     0.00713362    -0.00127118     0.00077866     0.00001347
154     0.00162654    -0.00278428    -0.01018683    -0.00394006     0.00233164     0.00091632
155    -0.00040805     0.00338580     0.00892262     0.00213134    -0.00120887    -0.00012625
156    -0.00098885    -0.00006579    -0.00089843     0.00220137    -0.00164911    -0.00069882
157    -0.00719310    -0.01459690    -0.00114807     0.00175333    -0.00189875     0.00089678
158     0.00185093     0.00666100     0.00237766    -0.00084695     0.00092271    -0.00059763
159     0.00911180     0.01037883    -0.00359675    -0.00070500     0.00092252    -0.00037107
160    -0.02264718     0.01263424     0.01224821     0.01332962    -0.00244355    -0.00759784
161     0.01290389    -0.00726530    -0.00605229    -0.00455275     0.00122193     0.00216853
162     0.00617061    -0.00451821    -0.00547351    -0.00831752     0.00058939     0.00221516
163    -0.00729455     0.00293464     0.00835728     0.00152643    -0.00083264     0.00142004
164     0.00419353    -0.00711113    -0.00539225    -0.00075475     0.00036802    -0.00082876
165     0.00233610     0.00179183    -0.00530157    -0.00091824     0.00041697    -0.00071267
166    -0.00014074    -0.01579074    -0.01086003     0.00415156     0.00114566     0.00191396
167    -0.00367674     0.02125149     0.00986817    -0.00188842    -0.00085251    -0.00094718
168     0.00299115    -0.00450424    -0.00411364    -0.00242396    -0.00062346    -0.00071725
169     0.01634682     0.00856879    -0.01210016    -0.00902561    -0.00305890     0.00535530
170    -0.00704849    -0.00294379     0.00848334     0.00317099     0.00159036    -0.00275882
171    -0.00627587    -0.00313320     0.00499703     0.00354074     0.00084244    -0.00164005
172    -0.00836411    -0.01807509    -0.00116002     0.00266778    -0.00158606     0.00062556
173     0.00262568     0.00229700     0.01045889    -0.00138684     0.00068153    -0.00045993
174     0.00490447     0.01369156    -0.00682335    -0.00114943     0.00085669    -0.00036126
175     0.01751230     0.00491193     0.00565173    -0.00269114    -0.00161968    -0.00051719
176    -0.01356249    -0.00110695    -0.00299043     0.00155048     0.00106774     0.00016621
177    -0.00702203    -0.00559833    -0.00378978     0.00130949     0.00089203     0.00043807
178     0.00348510     0.00364059     0.00462897    -0.00364787    -0.00337924     0.00010936
179    -0.00258506    -0.00150511    -0.00736261     0.00191045     0.00176608    -0.00045690
180    -0.00282332    -0.00218192     0.00353963     0.00237845     0.00222598     0.00022125
181    -0.00865651    -0.00185686     0.00229586     0.00005731    -0.00117938    -0.00225645
182     0.00462122     0.00380666    -0.00172246    -0.00012685     0.00049987     0.00114952
183     0.00497703    -0.00250666     0.00250110    -0.00009394     0.00074455     0.00115133
184    -0.00209277    -0.00024940    -0.00467386    -0.00094740    -0.00388714     0.00444466
185     0.00143531     0.00232497     0.00522803     0.00050739     0.00236065    -0.00191828
186     0.00155506    -0.00138774    -0.00167000     0.00015499     0.00150595    -0.00180312
187     0.00457803     0.00251372     0.02009963     0.00437704    -0.00180577     0.00369593
188    -0.00233919     0.00258975    -0.00222281    -0.00256019     0.00051579    -0.00223749
189    -0.00713684    -0.00624397    -0.01577850    -0.00274599     0.00145671    -0.00189031
190    -0.00181825    -0.00795365     0.00499496     0.00167045     0.00564468     0.00152113
191    -0.00065283     0.00484273    -0.00075300    -0.00133473    -0.00330532    -0.00047162
192    -0.00079907     0.00575413    -0.00170470    -0.00048329    -0.00239480    -0.00041999
193    -0.00275759    -0.00629427    -0.01309813     0.00861659     0.00867572     0.00794764
194     0.00367959     0.01095720     0.00070391    -0.00289017    -0.00499752    -0.00536618
195    -0.00329747    -0.00265447     0.01109656    -0.00347596    -0.00469730    -0.00223293
196     0.00392836    -0.00600510    -0.00198693     0.00301711    -0.00004777     0.00005839
197     0.00032302     0.00644521    -0.00001350    -0.00152740     0.00017914     0.00006581
198    -0.00506413    -0.00019533    -0.00003663    -0.00122236    -0.00000443    -0.00001952
199    -0.00235389     0.00611446     0.02142348    -0.00103450    -0.00257354     0.00043136
200     0.00028482     0.00022494    -0.00099803     0.00041879     0.00147401    -0.00020165
201     0.00035088    -0.00665202    -0.01942070     0.00055053     0.00129284    -0.00038448
202    -0.00374976     0.00328797     0.01102342     0.00493509     0.00115175     0.00000860
203     0.00409701    -0.00326957    -0.00129959    -0.00206168    -0.00027197    -0.00002380
204     0.00041668    -0.00040677    -0.00720978    -0.00278687    -0.00058105     0.00039814
205     0.00282760     0.00102037    -0.00197274    -0.00298489    -0.00254308     0.00167734
206     0.00218407     0.00274663     0.00403925     0.00136788     0.00095457    -0.00064132
207    -0.00466802    -0.00196855    -0.00057337     0.00160187     0.00124638    -0.00119867
208     0.00827806    -0.00454898    -0.01458336    -0.00021903    -0.00202307     0.00068277
209     0.00209708     0.00262667     0.01046564     0.00012346     0.00100198    -0.00045043
210    -0.01159130     0.00091000     0.00471428     0.00000837     0.00108266    -0.00033318
211    -0.01187415    -0.00150933    -0.01458704     0.00121288    -0.00293773    -0.00100854
212     0.02093338     0.00993228     0.00337612    -0.00039408     0.00145083     0.00052541
213    -0.01047614    -0.00881345     0.01112008    -0.00066667     0.00134226     0.00065286
214    -0.01734262     0.01475171    -0.01094170     0.00131205    -0.00157017    -0.00244223
215     0.01034436    -0.00243761     0.00014132    -0.00051791     0.00093405     0.00129235
216     0.00649679    -0.01458925     0.00955760    -0.00058669     0.00061471     0.00128436
217    -0.00413168     0.00920696     0.00071414     0.00002039    -0.00032768     0.00270407
218     0.00185754    -0.01159629    -0.00100879     0.00003204     0.00001727    -0.00134945
219    -0.00182800     0.00078839    -0.00043597    -0.00015764     0.00015888    -0.00130957
220    -0.00159178     0.00168601     0.00659430     0.00487438    -0.00147404    -0.00200247
221    -0.00058859    -0.00246068    -0.00635598    -0.00203815     0.00090819     0.00111728
222     0.00203968     0.00273714     0.00141480    -0.00266759     0.00102075     0.00067616
223     0.00628091    -0.02088092     0.01400519    -0.01491312     0.00915293    -0.00731233
224    -0.00417014     0.00683017    -0.00614698     0.00458976    -0.00284573     0.00289053
225     0.00158606     0.01196343    -0.00768472     0.00569720    -0.00686754     0.00375291
226     0.01235217     0.00303842     0.00587889    -0.00238001     0.00150206     0.00155402
227    -0.00368621    -0.00054796    -0.00748859     0.00139072    -0.00088728    -0.00068302
228    -0.00727078    -0.00374593     0.00184189     0.00116965    -0.00093244    -0.00095952
229    -0.00043542    -0.00335301    -0.00388248     0.00133104    -0.00201426    -0.00152844
230    -0.00018485     0.00303437     0.00143600    -0.00051495     0.00084329     0.00062470
231     0.00064483    -0.00272229     0.00273150    -0.00066487     0.00095926     0.00093580
232     0.00080216    -0.02095876     0.01729887    -0.00099902     0.00640359    -0.00353700
233    -0.00135330     0.01896094    -0.01374286     0.00073443    -0.00477101     0.00233366
234     0.00274892     0.00461323    -0.00303927     0.00062609    -0.00286333     0.00111210
235     0.01223419     0.00875699     0.00925031    -0.00022123    -0.00154398     0.00021928
236    -0.01062339    -0.00052226    -0.00364672     0.00017395     0.00077155    -0.00008756
237     0.00086192    -0.00746354    -0.00701818     0.00011830     0.00084571    -0.00018298
238    -0.00568186    -0.00063432    -0.00299147    -0.00136247    -0.00090736     0.00271831
239     0.00099837    -0.00119498     0.00766232     0.00048669     0.00038246    -0.00117053
240     0.00611873     0.00272268     0.00197860     0.00068191     0.00053566    -0.00172232
241     0.01694786     0.00147112     0.00916029    -0.00077828    -0.00177158     0.00160541
242    -0.00170253     0.00056626    -0.01121059     0.00050440     0.00109216    -0.00084787
243    -0.01245603    -0.00124098     0.00259492     0.00044387     0.00075613    -0.00072438
244    -0.00325231     0.00717546     0.01049148    -0.00060833    -0.00149148    -0.00399178
245     0.00146238    -0.00341548    -0.00822042     0.00015528     0.00068002     0.00158798
246     0.00099035    -0.00046821    -0.00304360     0.00047163     0.00051660     0.00183236
247    -0.00551580    -0.01801497     0.01160535    -0.00351094     0.00462203    -0.00079421
248    -0.00578562     0.00669168    -0.01284793     0.00212838    -0.00271487    -0.00004865
249     0.00518524     0.00607367     0.00385149     0.00194758    -0.00189316     0.00051307
250    -0.01743648     0.00244887     0.00369051     0.00196427     0.00336443     0.00268254
251     0.00086120     0.00124085     0.00085358    -0.00096810    -0.00211922    -0.00123846
252     0.01270144    -0.00193028    -0.00578697    -0.00068911    -0.00160077    -0.00150810
253     0.00565259     0.00077320     0.00196660    -0.00155446    -0.00133752     0.00031591
254    -0.00863915    -0.00281615    -0.00247846     0.00069043     0.00057808    -0.00008623
255     0.00471258     0.00153092    -0.00024259     0.00080131     0.00080732    -0.00012975
256    -0.02255050    -0.01712574    -0.01161655     0.00012049    -0.00179592     0.00007639
257     0.00311586     0.00897087     0.01460677    -0.00010423     0.00098909    -0.00010733
258     0.01575886     0.00619724    -0.00298865     0.00001125     0.00084802    -0.00006197
259    -0.00675261    -0.00680506    -0.01217842     0.00275540    -0.00204098    -0.00236125
260    -0.00110897     0.00450737     0.00037669    -0.00115109     0.00099997     0.00089291
261     0.00777415     0.00463677     0.01491268    -0.00111029     0.00092976     0.00129150
262     0.00054931    -0.00571355     0.01300850    -0.00087882     0.00293907     0.00042704
263     0.00372751     0.00082259    -0.00543306     0.00046266    -0.00153887    -0.00042037
264    -0.00388102     0.00573650    -0.00424503     0.00044270    -0.00120268    -0.00018086
265    -0.01019578    -0.01189556    -0.00914468    -0.00044684    -0.00062401     0.00205106
266     0.00000205     0.00282600     0.00668389     0.00022092     0.00044156    -0.00106492
267     0.01089377     0.00876017     0.00209694     0.00014677     0.00027434    -0.00112019
268    -0.00850824    -0.00879319    -0.00313621    -0.00216264     0.00377567    -0.00555567
269     0.00564609    -0.00118368    -0.00245207     0.00062501    -0.00196449     0.00346611
270     0.00206673     0.01134767     0.00593340     0.00092238    -0.00234364     0.00238782
271    -0.00891464    -0.00222157    -0.01053044     0.00481595     0.00795160    -0.00085697
272     0.00237671    -0.00504691     0.00984941    -0.00179499    -0.00332074     0.00102214
273     0.00605694     0.00210225     0.00056578    -0.00256337    -0.00290949     0.00018086
274    -0.00186236    -0.00279021     0.01781316     0.00077126    -0.00085701    -0.00699956
275    -0.00107518    -0.00035007    -0.00683109     0.00005432     0.00064400     0.00299787
276     0.00187571     0.00421827    -0.01388191    -0.00073850     0.00105481     0.00478911
277     0.00475270     0.00387160     0.00281921    -0.00210101    -0.00116242     0.00076390
278    -0.00089669     0.00076071    -0.00120440     0.00092581     0.00052340    -0.00045290
279    -0.00205530    -0.00417952    -0.00408469     0.00094054     0.00063300    -0.00029702
280     0.00505474     0.00570904    -0.01764627     0.00093142    -0.00353532     0.00011228
281    -0.00256505     0.00041397     0.01909147    -0.00049945     0.00170282     0.00016740
282    -0.00134035    -0.00511746    -0.00388683    -0.00073897     0.00196476    -0.00018606
283    -0.01417521    -0.00814876    -0.00771680     0.00036253    -0.00232379     0.00058361
284     0.00740413     0.00164974     0.00858873    -0.00025712     0.00108595    -0.00036106
285     0.00396551     0.00519786    -0.00489550    -0.00025937     0.00138377    -0.00025301
286    -0.00622553     0.00740449     0.01393500    -0.00215348    -0.00051149    -0.00157242
287     0.00675546    -0.00042887    -0.01342144     0.00112978     0.00028100     0.00064856
288    -0.00061165    -0.00550034    -0.00195660     0.00096273     0.00036000     0.00078786
289     0.00018653     0.00367185     0.00587756    -0.00085135     0.00307066     0.00155401
290     0.00349387    -0.00543298    -0.00886032     0.00049086    -0.00201495    -0.00103573
291    -0.00345454     0.00353468    -0.00168842     0.00034089    -0.00133274    -0.00087861
292    -0.00092045     0.02269802    -0.01495445     0.00049023     0.00264766     0.00322824
293    -0.00896898    -0.00790370     0.00848589    -0.00023985    -0.00109993    -0.00178938
294     0.00906506    -0.01455143     0.00404179     0.00000684    -0.00129031    -0.00142485
295     0.00113400     0.00187473    -0.00192877    -0.00089475    -0.00353354    -0.00096163
296     0.00434412     0.00055651     0.00199593     0.00056066     0.00149493     0.00041920
297    -0.00024690    -0.00015703     0.00011843     0.00054168     0.00202047     0.00079889
298    -0.00353646    -0.00178216    -0.01805377    -0.00080125    -0.00094249     0.00461331
299     0.00539826     0.00114227     0.01242963     0.00015164     0.00037348    -0.00190299
300    -0.00000074     0.00040747     0.00326213     0.00024806     0.00077292    -0.00294849
301    -0.00042089     0.00683453     0.00913953    -0.00111429    -0.00034092    -0.00294161
302    -0.00124136    -0.00246396    -0.00255432     0.00062325     0.00013759     0.00125911
303     0.00403400    -0.00434193    -0.00552825     0.00062047     0.00000121     0.00168965
304     0.02423083    -0.00676121     0.01513567    -0.00167233    -0.00220087     0.00005645
305    -0.01939590     0.00307792    -0.01022289     0.00073041     0.00120329    -0.00010147
306    -0.00646069     0.00152762    -0.00563757     0.00110872     0.00131561    -0.00005144
307     0.00580593     0.00800685    -0.00386336     0.00074156    -0.00025447     0.00245660
308     0.00092203    -0.00045055     0.00037651    -0.00042603     0.00021497    -0.00112908
309    -0.00251235    -0.00867730     0.00423639    -0.00048636     0.00002264    -0.00130658
310     0.00325784    -0.00245830    -0.00813775     0.00509579    -0.00537796    -0.00273692
311    -0.00339419    -0.00069559     0.00605627    -0.00213761     0.00198728     0.00158772
312    -0.00131179     0.00131290     0.00180010    -0.00195340     0.00217171     0.00075849
313     0.01892976     0.00077368    -0.01533217    -0.00122344     0.00086383    -0.00423154
314    -0.00325306     0.00959401     0.00811201     0.00082914    -0.00080115     0.00236026
315    -0.01728448    -0.01085108     0.00651623     0.00029861    -0.00047434     0.00196529
316    -0.01195671     0.02347824     0.00927743    -0.00109244    -0.00128331     0.00114620
317    -0.00318696    -0.00566380    -0.00824047     0.00055839     0.00068714    -0.00049032
318     0.01133921    -0.01633296    -0.00154736     0.00062793     0.00058106    -0.00058743
319    -0.01269370    -0.00202302     0.00193496     0.00016428     0.00365120     0.00024505
320     0.00410432     0.00060821     0.00396412     0.00002758    -0.00193744     0.00009228
321     0.00860285    -0.00043359    -0.00743569     0.00008528    -0.00167799    -0.00023521
322    -0.00172660    -0.01047308     0.00868902     0.00299699    -0.00012748     0.00105009
323     0.00589966     0.00069444    -0.01069768    -0.00157740     0.00007793    -0.00035191
324    -0.00543269     0.00930838     0.00474365    -0.00170085    -0.00009896    -0.00066774
325     0.00224337     0.01053787    -0.00196820     0.00064535    -0.00073686    -0.00237589
326    -0.00205192    -0.00819428     0.00194469    -0.00033415     0.00027489     0.00136303
327     0.00003263    -0.00244589     0.00107893    -0.00028827     0.00027468     0.00098770
328     0.01483842     0.00599338     0.00084781    -0.00170021    -0.00076203     0.00177056
329    -0.00413851    -0.00298625     0.00282920     0.00104522     0.00032373    -0.00098708
330    -0.01173445     0.00107784    -0.00267976     0.00079084     0.00041653    -0.00103507
331     0.01727593     0.01609611     0.02035518    -0.00454531    -0.00072434    -0.00159397
332    -0.00268569    -0.01419032    -0.01959105     0.00232079     0.00016335     0.00049055
333    -0.01566651    -0.00319201    -0.00101872     0.00176005     0.00039314     0.00064953
334    -0.01751745    -0.00716025     0.00504610    -0.00574069    -0.00380601    -0.00273927
335     0.01071398     0.00661314    -0.00479949     0.00389086     0.00248671     0.00230897
336     0.00267879    -0.00191317    -0.00187896     0.00283332     0.00121911     0.00112770
337     0.01355125    -0.00717866     0.01085461    -0.00229723    -0.00069880    -0.00082390
338     0.00014822     0.00473723    -0.00832816     0.00120734     0.00048028     0.00034639
339    -0.01029295     0.00268756    -0.00096748     0.00100360     0.00025968     0.00030752
340     0.01101598     0.00580629     0.01287318     0.00068016    -0.00183663     0.00086871
341    -0.00399420    -0.00437793    -0.00858302    -0.00036210     0.00081755    -0.00048193
342     0.00235647    -0.00249620    -0.00217686    -0.00040573     0.00090513    -0.00035417
343    -0.00643133     0.00744344     0.01416139     0.00429953     0.00325310     0.00026735
344    -0.00233916    -0.00153394    -0.00881350    -0.00185821    -0.00148213    -0.00045176
345     0.00631839    -0.00739972    -0.00609692    -0.00235792    -0.00125948    -0.00009757
346     0.00829153     0.00419620     0.00333533    -0.00044600    -0.00405055     0.00027633
347    -0.00803308    -0.00269615    -0.00958492     0.00033813     0.00206605     0.00012205
348     0.00274494    -0.00267321     0.00293573    -0.00004438     0.00195708    -0.00009417
349     0.00591646     0.00428669    -0.00486039    -0.00453254    -0.00073225     0.00159537
350    -0.00492106    -0.00234552     0.00081012     0.00225579     0.00002323    -0.00068817
351    -0.00375831    -0.00164717     0.00156831     0.00205390     0.00048502    -0.00048119
352     0.00412776     0.00218221     0.00631297    -0.00343166     0.00066163     0.00089207
353    -0.00215175    -0.00243717    -0.00243685     0.00146327    -0.00029601    -0.00055245
354    -0.00087877     0.00043151    -0.00197816     0.00187210    -0.00060596    -0.00047202
355    -0.01576220    -0.00214532    -0.00652361     0.01909563     0.00035624     0.00413486
356     0.00616596     0.00368048     0.00660832    -0.00792643    -0.00263076    -0.00228719
357     0.00713023    -0.00124288     0.00683793    -0.00904438     0.00132649    -0.00456120
358     0.00482628     0.01385580     0.01448471    -0.00149639    -0.00476607    -0.00320733
359    -0.00301994    -0.01283833    -0.01274082     0.00113871     0.00342875     0.00194962
360    -0.00335093    -0.00287449     0.00270996     0.00041164     0.00230775     0.00196935
361     0.00012232    -0.01015398    -0.00016130    -0.00059550    -0.00155901     0.00012134
362     0.00077506     0.00842074    -0.00197025     0.00036116     0.00091195    -0.00010672
363     0.00033250     0.00359190     0.00127906     0.00032341     0.00075825     0.00000269
364     0.00291487     0.00669443     0.01675212     0.00011805    -0.00178712    -0.00035901
365    -0.00192130    -0.00638932     0.00000750    -0.00002295     0.00076720     0.00016546
366    -0.00043114    -0.00127547    -0.01503830    -0.00006440     0.00091920     0.00009734
367    -0.00678202     0.00480443    -0.00849231     0.00193786    -0.00205508     0.00354267
368     0.00606307     0.00007750    -0.00045968    -0.00140441     0.00107176    -0.00187395
369     0.00049529    -0.00211460     0.00509134    -0.00094454     0.00124800    -0.00234536
370    -0.00696546     0.01137414     0.00453666     0.00031176    -0.00397809    -0.00508916
371     0.00409355    -0.00482059     0.00099842     0.00014591     0.00149651     0.00254676
372     0.00154020    -0.00294560    -0.00431224    -0.00049433     0.00271187     0.00364918
373     0.00196976     0.01043309    -0.00417771    -0.00499896     0.00587968     0.00250141
374    -0.00022786     0.00068005     0.00368019     0.00188949    -0.00346939    -0.00136885
375    -0.00033572    -0.01165089     0.00263295     0.00384139    -0.00363328    -0.00185601
376    -0.00376957    -0.00168009    -0.01314084     0.00218673     0.00046366     0.00613578
377     0.00802154     0.00545129     0.00508983    -0.00179332    -0.00045115    -0.00329884
378    -0.00610423    -0.00693160     0.01006513    -0.00109842     0.00024977    -0.00383731
379    -0.00136785     0.00546627     0.00704712     0.00036579    -0.00228902     0.00157002
380     0.00534763    -0.00099274    -0.00466203    -0.00024080     0.00103440    -0.00062582
381    -0.00712060    -0.00240406    -0.00093777    -0.00005223     0.00101388    -0.00070676
382     0.00238451    -0.01462966     0.00185005     0.00238215     0.00497295    -0.00333781
383     0.00163454     0.00795476    -0.00043994    -0.00173875    -0.00249485     0.00225400
384    -0.00534849     0.00692073    -0.00189047    -0.00071422    -0.00281418     0.00195539
385    -0.00910141     0.00134221     0.00161297     0.00539966    -0.00230413     0.00023493
386     0.00612119     0.00058853    -0.00424050    -0.00326725     0.00170763    -0.00051784
387     0.00430341    -0.00237325    -0.00166621    -0.00205515     0.00097897    -0.00023437
388    -0.00060572    -0.00860479    -0.00814645     0.00041251    -0.00211869     0.00271268
389    -0.00373562     0.00292017     0.00479179    -0.00021978     0.00112625    -0.00113640
390     0.00171896     0.00342190     0.00327483    -0.00043521     0.00105120    -0.00146846
391     0.00075076     0.00544543     0.00028236    -0.00231757    -0.00221279    -0.00145964
392    -0.00102686    -0.00162057    -0.00312999     0.00101016     0.00113455     0.00089138
393     0.00293447     0.00154232     0.00045946     0.00157792     0.00137304     0.00090348
394     0.01145725     0.01282384    -0.01407588     0.00128580    -0.00434005     0.00223667
395    -0.00953983     0.00046316    -0.00184722    -0.00037870     0.00268467    -0.00126228
396    -0.00127424    -0.01260589     0.01409181    -0.00040834     0.00169544    -0.00100605
397    -0.00575778     0.02018590    -0.00226765     0.01084847    -0.01766653    -0.00159132
398     0.00537040    -0.00719725    -0.00058052    -0.00793895     0.00842529     0.00226603
399     0.00288928    -0.00755914     0.00232935    -0.00397813     0.00541677     0.00164220
400    -0.00403721    -0.02207213    -0.02049278    -0.00180334     0.00971129     0.01225846
401    -0.00247179     0.00231916     0.00882942     0.00109582    -0.00276934    -0.00470008
402     0.00223267     0.00970343     0.01373832     0.00342669    -0.00558584    -0.00686724
403     0.01845219    -0.00463016    -0.01674908    -0.00222108     0.00053640     0.00139011
404    -0.00731899     0.00696313     0.00871390     0.00090003    -0.00023959    -0.00059272
405    -0.01138373    -0.00308408     0.00627077     0.00119428    -0.00044494    -0.00077734
406    -0.01020273    -0.01069266     0.01246342    -0.00363988     0.00000301    -0.00304296
407     0.00924173     0.00500490     0.00838843     0.00141680     0.00010274     0.00119298
408     0.00291916     0.00582265    -0.01892870     0.00221304     0.00012119     0.00139096
409     0.00552431     0.01098150     0.02909209    -0.00064505     0.00221071     0.00228586
410    -0.01348760    -0.00998709    -0.01059657     0.00055511    -0.00119305    -0.00123753
411     0.00566924    -0.00123398    -0.01566378     0.00028152    -0.00085182    -0.00100226
412     0.00718061    -0.01900557     0.00810766     0.00060139    -0.00010115    -0.00331724
413    -0.00561447     0.01456932    -0.00043831    -0.00024294    -0.00014265     0.00162225
414     0.00085334     0.00445413    -0.01048759    -0.00037385     0.00014087     0.00216411
415     0.01337477     0.00699240    -0.00494226    -0.00040452    -0.00137456     0.00220869
416    -0.00880033    -0.00339349     0.00716803     0.00008338     0.00080910    -0.00122998
417    -0.00371993    -0.00564296    -0.00341883     0.00027496     0.00076612    -0.00101137
