 Number of water molecules:
         139

 Atomic and electronic energies:
    -2.45288890    -0.08510602

 Atomic coordinates:
  1     8.54590650     5.04849224    12.10485819
  2     9.59512843     6.61694379    11.81059236
  3     6.99315336     5.13547027    10.94754330
  4    -5.67345664    11.20059433     7.00175049
  5    -4.48916864     9.84654765     7.62104063
  6    -5.66485393    11.22162084     5.05366796
  7     1.88654145     8.25038577    11.58605404
  8     1.08873640     7.68097894    13.23992859
  9     3.04601669     6.84569984    10.92135960
 10    -6.68160905     7.86617942    -7.60613256
 11    -7.46472276     6.39147844    -8.56303864
 12    -5.19626144     8.50988905    -8.69150212
 13    -5.30713850   -11.45234233   -10.60361127
 14    -5.96092381    -9.78072775   -11.22451973
 15    -6.19822267   -11.65080638    -8.86962558
 16   -11.16663020     2.38980299     8.03758658
 17   -12.10224240     4.04216023     8.05588154
 18   -10.90524733     1.89828735     6.21801229
 19     1.83929568     8.31235648   -15.85141740
 20     2.13303579     8.35546389   -13.94807246
 21     2.66752522     9.93853965   -16.47419682
 22     6.35044324     7.68084511    -7.57126281
 23     8.21273655     7.83656474    -7.48572807
 24     5.98031621     6.06169821    -6.55880354
 25     2.78358844    -6.78755469   -12.64616663
 26     2.02349731    -5.57836694   -11.34849867
 27     1.85629742    -8.44325249   -12.39988531
 28    -4.24589985     6.00026792     1.47812525
 29    -4.22350497     5.84673821    -0.44056834
 30    -4.61322887     4.24886449     2.19949459
 31     9.61580223    -0.24427920    12.44246421
 32     8.33337898    -1.04882593    11.24519317
 33     9.50062792     1.65842565    12.07521107
 34     0.75801573     9.34710472    -2.85939369
 35     0.98657356     7.51124631    -2.35284169
 36     2.41431333    10.19954782    -2.35918339
 37    -5.12345026     4.99518633    12.10903688
 38    -4.12941102     3.32009766    11.93792745
 39    -6.95311930     4.52117112    11.87667095
 40     9.90682863    -6.38212864     9.08606935
 41     8.36036853    -5.21005946     9.08341781
 42    11.41622895    -5.23443841     9.67641144
 43   -14.04398997    -5.47126927     9.40963491
 44   -15.42532277    -5.24668647    10.66890766
 45   -12.77583054    -4.03288567     9.81031071
 46    10.56619997   -13.04252121     2.82954968
 47    10.62296253   -12.59848621     0.96847328
 48    11.74971677   -14.51592419     2.99661829
 49     2.25263902     1.07482265    -7.10486444
 50     3.87257619     1.86517813    -6.39337772
 51     0.85206876     1.71283537    -5.94251267
 52     2.21081851     1.46088951     2.82369538
 53     2.17951693     0.01360113     1.56067895
 54     1.20614041     2.85301887     1.98566897
 55    -1.73604834    -2.59140179    -3.49001611
 56    -0.00839003    -2.24788009    -2.71334254
 57    -2.20712893    -0.92660635    -4.33149867
 58     1.82765429     0.07807245     7.57931607
 59     2.10529486     0.75895783     5.78837656
 60     0.55043663    -1.35171523     7.29856832
 61    -4.29685271    -2.99957427     0.86501320
 62    -4.67544454    -1.20674254     1.40827780
 63    -3.42070609    -2.90312832    -0.83949600
 64    -0.55167562    12.87699969     2.92820427
 65    -0.14653992    11.04033022     3.41475435
 66     1.20198611    13.64290595     2.54468925
 67     1.86011839   -11.95402849    -7.30876900
 68     0.26400711   -11.28056553    -6.51606321
 69     2.02308012   -13.77824869    -6.62336148
 70    -2.82824266    16.59275660    -3.33936639
 71    -3.20880199    17.78739832    -1.86789662
 72    -4.37293432    15.44648617    -3.42486507
 73    -6.02228442    -1.39971116     7.53387748
 74    -6.54074687    -1.45336874     9.36176883
 75    -4.26421725    -2.16751849     7.55629441
 76    -1.34357972     6.34745184    15.59059522
 77    -2.16508553     7.06769194    17.16061358
 78    -2.84348796     5.99177160    14.33909715
 79   -14.50683678    -1.35655363     0.14722874
 80   -14.83988732    -2.65930154     1.55820197
 81   -14.36874886    -2.40357008    -1.46680973
 82    -4.02151341     3.32545497   -10.47352807
 83    -5.93471961     3.28055200   -10.38656992
 84    -3.51000457     4.19324016   -12.08061768
 85    10.07519354   -11.29456356    10.33290673
 86    10.94931642   -11.57724010    11.98741553
 87     9.96262298    -9.37625168    10.15355176
 88   -10.99125422    -4.62001387   -12.50120772
 89    -9.28559253    -5.45707233   -12.76803167
 90   -11.49211034    -4.99289381   -10.68213895
 91    11.26013645    12.38347458     4.78920395
 92     9.42862776    12.84454624     5.23449174
 93    12.33841368    13.63733462     5.67262552
 94    -7.79284354   -10.50939835    -5.91430836
 95    -8.53314443    -8.84307336    -6.45751792
 96    -8.57648642   -10.77031279    -4.18723817
 97    11.60010144     6.11748149    -6.32108981
 98    11.32598572     4.19633150    -6.22608347
 99    13.05943694     6.30725825    -7.46176564
100    -5.85516781    -8.02271635     5.36103208
101    -7.20443136    -6.69541604     5.00897219
102    -4.24747107    -7.36678626     4.48105498
103    -6.03113584    -6.31726860   -11.34071545
104    -4.91741611    -6.39027890   -12.94056815
105    -4.78383838    -5.80062959    -9.85404842
106     7.53584948    -7.10958127     1.44360623
107     9.02981598    -7.29662648     2.61869537
108     6.01671698    -6.90274313     2.64694819
109    13.81182217    -0.83589984     5.95943905
110    11.95005104    -0.37833536     5.67760357
111    14.72479189     0.80365783     5.56343440
112    -2.86815599    -7.19127449   -15.24968618
113    -1.81992751    -8.69885688   -14.63963743
114    -1.72775050    -6.11909155   -16.37506393
115    -0.38146657   -10.80033043   -11.96273401
116    -2.23927165   -11.33700295   -11.61962350
117     0.58752383   -11.57133372   -10.51887667
118    -2.40311756     7.70418765     8.68819019
119    -0.70661467     7.88777354     9.51698323
120    -3.46142211     6.67692648     9.96297384
121     2.38705924     7.60741027   -10.88019953
122     3.65175273     7.78416780    -9.43727357
123     2.33134498     5.72231617   -11.23148194
124   -14.38224489     3.39592751    -1.64772393
125   -14.15078975     4.57836467    -0.14324255
126   -14.71787264     1.65607793    -0.89158545
127    -3.45821770     1.67031614    -5.63929284
128    -3.50655428     3.30148333    -4.58526360
129    -3.47894494     2.27702671    -7.48194689
130    -1.31868303   -12.43051523    10.12500092
131    -2.70582407   -11.09057668    10.30252974
132    -1.61597139   -13.64637672    11.57126256
133     7.67990881     5.42437602     5.57530818
134     6.58370803     6.42721529     4.36255009
135     9.47482740     5.94680274     5.10696473
136     9.83136381    -7.21755264    -3.26899295
137     8.72940096    -8.48431277    -4.23116834
138     9.08563276    -7.26932933    -1.51242040
139     7.05462253    -1.88575973     1.28383993
140     5.55737710    -1.55595098     0.11191224
141     7.27124715    -3.78973488     1.19634978
142    16.32931778    -0.33388800    -4.48149957
143    14.81993100     0.01030059    -5.64333127
144    16.07427488    -2.22049754    -4.01983912
145    -1.54794954    -6.48141749     2.98308557
146    -2.54042585    -5.02050900     2.10877962
147    -1.32195067    -7.85555135     1.62405163
148    -9.98505438     9.00513696    -3.89229362
149   -11.24812171     7.54668698    -3.81842743
150    -8.81153144     8.56001359    -5.37569151
151    14.80462990    -5.20349930    -3.18186609
152    13.02029044    -5.77023645    -3.55178460
153    14.81271847    -4.85897571    -1.28944724
154   -10.23729972    10.32318212     1.15654850
155   -10.28937273     9.95895205    -0.74820093
156    -8.36215570    10.52940250     1.55839208
157    11.57974385    -7.89187743     4.50295486
158    10.93707550    -7.42292942     6.23794086
159    11.78120986    -9.80110377     4.40208437
160     6.59981123     3.06158870    -4.89745778
161     8.26380226     2.13968681    -5.28606376
162     6.52914195     3.29403567    -2.96816872
163    13.43132470    -3.17628845    10.63478859
164    12.51867661    -1.99360442    11.83556349
165    13.96547968    -2.18652685     9.05580760
166    12.21931895     7.34031105     3.82198593
167    12.01881769     9.22102008     4.22611280
168    12.23809011     7.18571808     1.92766399
169    -5.75302467     1.34667203     3.24896858
170    -5.65150804     0.46000978     4.95611883
171    -7.65269474     1.58852632     2.99866248
172    13.88429696    -4.07367822     1.89369648
173    14.28009023    -2.84128955     3.30363873
174    13.34670722    -5.67533881     2.78099487
175   -13.34056024    -4.70839752    -4.02327397
176   -12.12511934    -4.86370704    -2.52321165
177   -12.30456051    -5.45180882    -5.49787269
178    -9.54813114    -4.92367663    -0.74566675
179    -9.26032608    -4.49317502     1.11853923
180    -8.52440672    -3.66447201    -1.77324822
181     1.31807607    -4.59882054   -17.13286411
182     2.82775496    -3.54241558   -17.72068304
183     2.04102891    -5.65377235   -15.66086110
184    -1.61203845    -3.86825457     7.58413679
185    -1.68354747    -4.90755299     5.98515742
186    -0.50744308    -4.89621138     8.79725889
187     8.81228833     0.27389971     5.54602473
188     8.35639008     2.18101549     5.52343224
189     8.06623030    -0.42979906     3.93421092
190     3.85228145    15.07975342     1.59276058
191     4.57150659    13.90501681     0.24232214
192     3.16554862    16.62967052     0.65120146
193     4.73171051     8.06513860     2.32739467
194     2.91767341     8.05575993     2.96468519
195     4.91342568     9.43802454     1.01947080
196    17.02289187     3.71640530    -1.24780323
197    16.63697685     2.19488610    -2.38753301
198    18.81248115     4.17498988    -1.61497750
199    -5.41298149   -11.62285728     1.62054263
200    -3.62235133   -11.36760913     0.89641326
201    -5.43299941   -10.66579821     3.31746107
202    13.05085495     6.96363123    -1.29050526
203    14.58842113     5.78241994    -1.31390510
204    12.15858226     6.70038022    -2.92236225
205    -9.36402457    -4.12599524     4.53967615
206   -11.26558172    -3.93452795     4.68542994
207    -8.56438960    -2.93054089     5.78375244
208    -1.23824794   -14.86749372     5.31357423
209    -1.40351713   -13.84183964     6.92623555
210     0.49232382   -14.33814265     4.57249911
211     6.58912120   -10.14585187    -6.15624783
212     4.82028383   -10.66590271    -6.68354247
213     7.42222528    -9.60247933    -7.80258084
214     6.96921356    -4.26990786   -13.51133711
215     5.28571135    -5.13769126   -13.15571436
216     6.60820757    -2.89432021   -14.85608716
217     0.95423867     1.48562792    15.92146445
218     0.30931836     3.25184776    16.23913081
219     2.91132560     1.68162876    15.89844323
220    11.23588387     0.97918948    -6.04298987
221    10.59710729    -0.49799566    -7.10647370
222    11.45597244     0.31415760    -4.22986400
223    -3.82654566     6.68213606    -3.56652468
224    -4.86167828     7.25860721    -5.07184813
225    -2.31829998     7.83024020    -3.53834322
226   -10.85545775    10.99312555     6.36853301
227   -10.94608413    11.19610817     4.43947281
228    -8.99238230    11.12894203     6.90199494
229     8.82062300    -8.30020018   -10.79203939
230     9.09084094    -9.74287244   -11.96678940
231     8.26261251    -6.83187579   -11.86064144
232    -0.53382606    12.90243779    -6.34032566
233    -0.23789986    11.59477850    -4.95317120
234    -1.43389923    14.41573862    -5.54841061
235    -2.63157567   -18.58727912     1.64658813
236    -4.44000756   -18.24252742     1.06726901
237    -2.37327038   -17.51470978     3.23333170
238    -6.21186639    -0.94577227    12.76173879
239    -5.85854470    -1.71726303    14.45018182
240    -4.48702980    -0.37683471    12.25522374
241    -4.88124045    -8.75067408    10.39724709
242    -5.08100915    -8.46470381     8.49537449
243    -6.66230736    -8.76087665    11.07190891
244    -0.72838817    -0.58179764   -14.54525525
245    -0.34896520    -1.88530857   -15.89930386
246    -2.14262634     0.54797423   -15.27432425
247    -6.66911072    13.17453076    -2.83731966
248    -6.16571168    12.36005048    -1.18529541
249    -7.86762095    11.95270699    -3.69928497
250     6.55950212    13.74349332     5.95489358
251     5.70049586    14.50126558     4.41536871
252     5.11914129    13.32566378     7.16793451
253   -14.62655257    -8.93315039     0.97663490
254   -15.86899736    -9.91745170    -0.09626912
255   -12.89079900    -9.53322311     0.41308568
256     1.92595233   -17.35759261    -0.36358366
257     2.57398480   -16.09305736     0.92019605
258     0.24269653   -17.94189313     0.40009686
259     9.59815837    -2.96392101    -9.23328776
260    10.21194006    -4.76199228    -8.93597679
261     8.81173615    -3.03152361   -10.97852273
262    -3.25984993    19.95825296     0.89268606
263    -2.83395989    19.00442729     2.53211019
264    -4.78351759    21.01252578     1.22772565
265    -3.13494119    -1.95801676    16.71129715
266    -2.66391358    -3.60707640    15.75478525
267    -1.57110473    -0.85047765    16.66766316
268    -2.25851207     9.61969788    -9.99843424
269    -0.57077502     8.89429339   -10.49371251
270    -1.80298572    11.07936294    -8.80702314
271     5.45011515    11.67113021    -1.74666458
272     5.36019387    12.21895876    -3.61277283
273     7.34816256    11.46351149    -1.29533114
274     2.24015021     2.64127334   -11.85795859
275     0.86242041     1.55115164   -12.74241289
276     2.25857471     1.97431238   -10.01309836
277   -14.64690312    -4.69315982     4.13823471
278   -14.63885200    -5.11182818     6.02882913
279   -14.76750553    -6.35459114     3.14244136
280     4.25534317   -10.48429202    -0.89556665
281     4.96143191   -10.88126416    -2.60874703
282     5.32967808    -9.01748531    -0.20415947
283     3.25526971   -13.57661381     3.02362869
284     4.72788056   -13.32188565     4.24468669
285     3.62128649   -12.39595325     1.50307202
286   -12.38583847     0.42950920   -11.90552630
287   -13.47567270    -0.00648052   -10.39883732
288   -11.95295909    -1.25285273   -12.62089190
289    -2.08405449    17.27341900     4.97359237
290    -1.42140870    15.70233378     4.08988557
291    -2.28300710    16.82228612     6.82766860
292     2.31888287    12.63904221     8.77200501
293     2.22922043    11.03898947     9.84629936
294     0.64423201    13.61100587     8.95813203
295    -2.59076750   -10.11253809    -5.27888563
296    -4.40196135   -10.73342524    -5.38010212
297    -2.58293754    -8.37481023    -6.08264791
298    -1.57683045     1.10773713    11.48307713
299    -0.54506832     1.01114721    13.08991832
300    -0.34920531     0.88731592    10.02652014
301    -4.41990398     2.32852132   -16.46127884
302    -6.31241607     1.99318555   -16.70152144
303    -4.22062772     4.21157660   -16.01616997
304    -9.82920142   -10.01627688    -0.90962636
305    -8.18528787   -10.78419936    -0.14138638
306    -9.61554669    -8.11662550    -0.81940781
307     5.90906813     2.16498631    15.75423816
308     6.96482374     0.66035255    15.32661374
309     6.77319692     3.65112198    14.90785116
310     6.55789326    -3.27121069    -4.90030022
311     7.07540622    -2.51398012    -6.59868792
312     7.84754207    -4.55992626    -4.42447710
313    -3.02919038     6.82837370   -14.52736118
314    -3.40565134     8.21638009   -13.32622389
315    -1.30437712     7.31970074   -15.26663612
316   -10.18244257    -9.00040568    10.22471587
317   -10.19957087    -9.68333106     8.45516824
318   -11.58855553    -7.71407525    10.25513462
319     1.49665165    18.57876054    -1.04204739
320     0.60265734    17.77191187    -2.56006102
321     0.13709717    19.60876129    -0.16151931
322    15.76094710     3.60698115     3.94817528
323    16.38598876     3.82529798     2.16564893
324    14.40628373     4.96981396     4.15610859
325     5.32242007    -1.23818749   -17.69164509
326     4.48471168     0.46951084   -17.31060408
327     6.57536010    -0.87504844   -19.08602408
328   -11.10927550    -1.73815809    10.98056354
329   -11.11625909    -0.14669540     9.88562762
330    -9.46633983    -1.67868130    11.99058002
331   -11.41007453     1.76282699    -5.45424376
332   -12.42019024     2.61801797    -4.03204867
333   -12.71532763     0.81025314    -6.48098589
334    -7.56706252    -1.69659195    -4.66498989
335    -5.95172395    -0.74622156    -4.91376039
336    -8.98826774    -0.36187447    -4.86579861
337   -15.14471603    -1.23385524    -7.46512666
338   -14.74151156    -2.49037623    -6.06554134
339   -17.02637272    -1.09545160    -7.53002581
340     7.04293445   -12.51038520     6.42598332
341     8.02699954   -12.25579653     8.03430737
342     8.41995458   -12.81825132     5.07994743
343    10.24184985    11.36348260    -0.17589904
344    10.74439464    11.90684704     1.59449372
345    11.43759517     9.96320634    -0.68583652
346    -0.88127166   -10.02728981    -0.56672775
347    -1.54270694    -9.95730004    -2.36296379
348     0.95933999   -10.48619923    -0.65040100
349   -10.83130225     1.42696876     2.89560851
350   -11.69648827     3.14089017     2.72886843
351   -11.84527098     0.22962322     1.76153372
352   -12.92600979     6.18338909     2.60110301
353   -13.45156308     6.37905613     4.43814198
354   -12.21443959     7.89490569     2.03992457
355     6.59494643     3.71500604     0.08969593
356     6.11482320     5.51248761     0.64825246
357     5.42327165     2.60017874     1.14113682
358    -2.84573200    -5.48510133    -7.48212514
359    -2.63716127    -4.44342678    -5.81564700
360    -1.49817577    -4.67917253    -8.65319881
361    -7.20138919   -16.47911160     0.85681480
362    -6.30029709   -14.86481552     1.30632162
363    -8.88833393   -16.08006411     0.12775640
364     2.33559052   -16.59457815    -5.40650530
365     2.34401684   -18.26813653    -6.27981776
366     2.38625065   -16.93138008    -3.48530823
367     6.22143619    -2.31993277     9.10359780
368     7.40217191    -1.54205362     7.72559824
369     4.49444628    -1.49687385     8.74356198
370     0.69857235    -2.95187087    -9.95970591
371     0.17346390    -2.02039982   -11.55409549
372     1.36393952    -1.59362290    -8.73982205
373    -5.30275625    10.99265654     1.87353098
374    -3.55275331    11.83931586     1.99902085
375    -4.89111893     9.09421503     1.68475730
376     4.28368762     4.42040545     9.26740548
377     5.28585499     4.84114811     7.67389784
378     3.21730624     2.88065983     8.80597998
379     2.74692199   -10.16895603     8.18311599
380     4.14833331   -11.44029497     7.79928783
381     1.27976979   -11.14534801     8.92919538
382     4.75196496    12.66228186    -6.67249486
383     5.30976297    10.92717749    -7.30277205
384     2.92944517    12.83232067    -6.98753679
385    11.33224116    -0.88421671    -1.40623848
386     9.60361774    -0.67018594    -0.54009345
387    12.46741112    -1.87664707    -0.21128429
388     2.34408205    -5.84695995    10.76010307
389     2.80867684    -7.50521926     9.87817836
390     3.78863206    -4.64901480    10.41318547
391    -9.23157581    -5.75705180    -7.34929784
392    -8.03258445    -5.85379215    -8.85320255
393    -8.44684308    -4.30326851    -6.36641577
394     3.55933147    -6.90081938     4.40175633
395     1.85160022    -6.55740670     3.64430245
396     3.22646432    -8.24844877     5.73945376
397     3.07278410    -1.46685812    -1.72442829
398     2.86905586     0.40765070    -2.21007962
399     4.20629734    -2.24391863    -3.09620148
400    -0.28062937     7.83263479     3.96236860
401    -0.89401062     7.61438793     5.74642920
402    -1.60966094     7.01926676     2.80654664
403   -13.75555408     7.01147947     7.67833268
404   -15.37441062     7.71381201     8.34617751
405   -12.51653062     8.52091726     7.58730259
406    -9.00377033     3.78391715    -9.71988890
407   -10.02948708     2.72592850   -10.97581503
408    -9.73080882     3.22855532    -7.99525307
409    -2.55712171    14.66236691     9.48247899
410    -3.80017614    13.56031165     8.49809970
411    -3.32347640    14.91673201    11.16823298
412     3.64419740     3.44382342   -16.74482793
413     3.06802351     5.24863191   -17.02193422
414     3.20306852     3.16745352   -14.89955333
415    -1.84106806    -5.87246178    13.71948089
416    -0.12205315    -5.85611793    12.80158308
417    -3.04022167    -6.99905420    12.74522787

 Atomic and electronic forces:
  1    -0.00226682     0.00144989    -0.00344275     0.00155380     0.00033427     0.00275289
  2    -0.00425067    -0.00404738    -0.00046631    -0.00080272    -0.00029367    -0.00122990
  3     0.00717167    -0.00097353     0.00522192    -0.00088342    -0.00024917    -0.00178550
  4    -0.01484891     0.01796734    -0.01408708    -0.00217259     0.00262394     0.00288954
  5     0.00988913    -0.01228431     0.00070742     0.00109254    -0.00134110    -0.00190200
  6     0.00469115    -0.00248698     0.01477628     0.00143254    -0.00172900    -0.00147593
  7    -0.00226709     0.00156148    -0.00510838     0.00031462     0.00138549     0.00374316
  8     0.00405370    -0.00325375    -0.00058357    -0.00003458    -0.00047103    -0.00161504
  9    -0.00591537     0.00068472     0.00640624    -0.00039830    -0.00060626    -0.00218292
 10     0.01437604     0.00482125     0.00025584    -0.00517241     0.00305359    -0.00385465
 11    -0.00263480    -0.00029447    -0.00618400     0.00243477    -0.00088350     0.00193618
 12    -0.01003708    -0.00256527     0.00257816     0.00215239    -0.00177884     0.00233953
 13    -0.01102513    -0.00650305     0.02783483    -0.00081688    -0.00197215    -0.00117751
 14    -0.00004951     0.00835557    -0.00774255     0.00051494     0.00099512     0.00071647
 15     0.01095868    -0.00307493    -0.01967147     0.00049132     0.00104959     0.00049829
 16     0.00735217    -0.00817470     0.00931000    -0.00263426    -0.00018970     0.00213435
 17    -0.00706613     0.01010708    -0.00056898     0.00123975    -0.00007523    -0.00093386
 18    -0.00058205    -0.00094162    -0.00833979     0.00166931     0.00019121    -0.00112335
 19     0.00712720     0.01997300    -0.00468540     0.00023292     0.00122109    -0.00349007
 20     0.00033066    -0.00605180     0.00445666    -0.00022390    -0.00090328     0.00221029
 21    -0.00746817    -0.01282364    -0.00150435    -0.00017433    -0.00064294     0.00143856
 22    -0.03243836    -0.01502790     0.01234460     0.00627287     0.00469038    -0.00630879
 23     0.02700261     0.00280908    -0.00031751    -0.00281032    -0.00163438     0.00209572
 24     0.00784761     0.01026454    -0.00809207    -0.00487526    -0.00232447     0.00425620
 25     0.00240874     0.00835077    -0.00079354     0.00047530    -0.00246020    -0.00261402
 26    -0.00100057    -0.00005738    -0.00071942    -0.00021675     0.00161705     0.00171584
 27    -0.00604001    -0.00895183     0.00073401    -0.00010601     0.00120301     0.00107696
 28     0.01086443    -0.00064077     0.00077332    -0.01308483     0.00709162     0.00782883
 29    -0.00632227     0.00094829    -0.00253583     0.00801640    -0.00410138    -0.00190663
 30    -0.00765764    -0.00167573    -0.00032566     0.00624160    -0.00126336    -0.00433497
 31    -0.00848881     0.01608122    -0.00838363     0.00144262    -0.00058214     0.00229845
 32     0.00278524    -0.00234075     0.00589481    -0.00080859     0.00046478    -0.00137459
 33     0.00333333    -0.00920180     0.00695657    -0.00080510     0.00015562    -0.00126630
 34     0.00524586    -0.02030247     0.00610670    -0.00110038     0.01952538    -0.00327082
 35    -0.00050141     0.01281659    -0.00287859     0.00018849    -0.01207992     0.00149949
 36    -0.00199038     0.00650379    -0.00209723    -0.00149300    -0.00734970     0.00054467
 37     0.01390058    -0.01403745    -0.00163597    -0.00139381     0.00040561     0.00324558
 38    -0.00636576     0.01276361     0.00097935     0.00066076    -0.00000636    -0.00183265
 39    -0.00255131    -0.00038645     0.00080435     0.00082350    -0.00013297    -0.00143813
 40     0.00351177     0.02173913     0.00467067     0.00146911    -0.00155034     0.00172882
 41     0.01032980    -0.00660481     0.00215902    -0.00079930     0.00088919    -0.00112741
 42    -0.01603833    -0.01300306    -0.00377414    -0.00076971     0.00061646    -0.00082163
 43     0.01443534     0.00639028    -0.00806339    -0.00140389    -0.00082767     0.00105043
 44    -0.00857106    -0.00038080     0.00636775     0.00061306     0.00032228    -0.00046739
 45    -0.00659223    -0.00526081     0.00176947     0.00077912     0.00041939    -0.00066006
 46     0.00668406     0.00181966    -0.01120182     0.00105773    -0.00176156     0.00049407
 47    -0.00452721     0.00204977     0.00533811    -0.00059408     0.00095743    -0.00016461
 48     0.00106829    -0.00437533     0.00530955    -0.00045276     0.00073425    -0.00019594
 49    -0.00635026     0.01280667     0.02391402     0.00501730    -0.00842427    -0.01819217
 50     0.00346289    -0.00523088    -0.00690883    -0.00534627     0.00282044     0.00775897
 51     0.00391585    -0.00614534    -0.01560748     0.00011696     0.00465620     0.01099673
 52    -0.00374760     0.00500299    -0.02371683     0.00738220    -0.00856565     0.02090842
 53     0.00261774    -0.00501644     0.00855597    -0.00346587     0.00722684    -0.00743590
 54     0.00047093     0.00009221     0.01139019    -0.00175415     0.00178039    -0.01213084
 55     0.00900978     0.01087969     0.00613554    -0.00645793    -0.01492881    -0.00456171
 56     0.00197877    -0.01214830    -0.00063015     0.00129522     0.00941426     0.00166088
 57    -0.00907603     0.00017450    -0.00623861     0.00499410     0.00680010     0.00419141
 58    -0.00504092    -0.00331735    -0.00119607     0.00100510    -0.00264445     0.00762323
 59     0.00183066     0.00119941    -0.00218560    -0.00110352     0.00185476    -0.00543849
 60     0.00105750    -0.00018590     0.00803653     0.00002856     0.00179070    -0.00349356
 61     0.00689632    -0.00162867    -0.00000509    -0.00670685    -0.00827308     0.00324791
 62    -0.00684001     0.00366532     0.00547517     0.00457777     0.00371199    -0.00253876
 63    -0.00272390    -0.00145668    -0.00622202     0.00370403     0.00546767    -0.00066267
 64     0.01343575    -0.01453563    -0.00326029    -0.00096824     0.00622900     0.00308254
 65    -0.00521668     0.00961260     0.00188629     0.00052531    -0.00378705    -0.00256201
 66    -0.00886444     0.00380401     0.00090518    -0.00008508    -0.00301572    -0.00127671
 67     0.00992962    -0.00735699    -0.00193169     0.00020254    -0.00287174    -0.00103871
 68    -0.01133073     0.00258172     0.00489967     0.00005851     0.00164205     0.00053415
 69     0.00062941     0.00492894    -0.00270561    -0.00008982     0.00123380     0.00034983
 70    -0.00193250     0.00138282     0.00432741    -0.00115771     0.00404900    -0.00046018
 71     0.00334322    -0.00080804    -0.00501499     0.00050191    -0.00174579     0.00000577
 72    -0.00386748    -0.00184624     0.00040699     0.00092493    -0.00209537     0.00027656
 73    -0.00117831     0.00365948    -0.00957626    -0.00292513    -0.00199184     0.00393628
 74    -0.00599885     0.00295910     0.01180362     0.00107706     0.00069241    -0.00161988
 75     0.00660095    -0.00691672    -0.00039763     0.00124138     0.00133704    -0.00227197
 76    -0.02862303    -0.00346817    -0.01895231    -0.00031145     0.00044661     0.00254226
 77     0.00441285    -0.00190089    -0.00349964     0.00016334    -0.00020805    -0.00104533
 78     0.02386759     0.00465728     0.02021509     0.00032017    -0.00023808    -0.00141608
 79     0.00284288    -0.01155637    -0.00089156    -0.00297524    -0.00089779     0.00035939
 80     0.00088965     0.00800021    -0.00266455     0.00128902     0.00048831    -0.00026841
 81    -0.00222255     0.00176207     0.00534715     0.00145457     0.00054399    -0.00002287
 82     0.01304318    -0.00835207     0.01764299    -0.00410336    -0.00007539    -0.00699667
 83    -0.00662174     0.00301302    -0.00536486     0.00212015     0.00002895     0.00261898
 84    -0.00192409     0.00564999    -0.00943908     0.00131765    -0.00022529     0.00298190
 85    -0.00104999     0.00114028     0.00310979     0.00080725    -0.00126254     0.00104280
 86     0.00148447    -0.00383750     0.00208836    -0.00035749     0.00052160    -0.00048053
 87    -0.00042682     0.00126100    -0.00582785    -0.00049409     0.00067895    -0.00063580
 88    -0.00181163    -0.00037077     0.01123782    -0.00169846    -0.00114036    -0.00153642
 89    -0.00194379     0.00191913     0.00013818     0.00079519     0.00068985     0.00086092
 90     0.00360425    -0.00008696    -0.01104541     0.00096676     0.00065162     0.00069836
 91    -0.00439687    -0.01331226    -0.01055445     0.00238283     0.00203658     0.00150700
 92    -0.00205400     0.00179905     0.00347173    -0.00113429    -0.00123724    -0.00092766
 93     0.00713562     0.01003604     0.00734948    -0.00093741    -0.00082932    -0.00060900
 94     0.00378210    -0.00679693     0.00727307    -0.00147274    -0.00236703    -0.00071643
 95    -0.00281013     0.01105765    -0.00867578     0.00092423     0.00120177     0.00046732
 96    -0.00113482    -0.00576679     0.00261522     0.00076703     0.00115132     0.00020194
 97    -0.01781269    -0.01442119     0.01107678     0.00508054     0.00122410    -0.00206099
 98     0.00104774     0.00669548     0.00048980    -0.00287277    -0.00019107     0.00116799
 99     0.01709918     0.00739981    -0.01287758    -0.00192080    -0.00044142     0.00086681
100     0.01283591     0.00595755    -0.00539968    -0.00163364    -0.00278700     0.00173314
101    -0.00303920     0.00088044     0.00042150     0.00108817     0.00135813    -0.00090906
102    -0.00994005    -0.00527166     0.00579987     0.00087339     0.00185658    -0.00107002
103     0.02281739     0.01467514     0.02611506    -0.00158214    -0.00222226    -0.00219656
104    -0.00217365    -0.00205150     0.00310826     0.00058849     0.00099451     0.00113606
105    -0.02014334    -0.01428541    -0.03083505     0.00094800     0.00153947     0.00135819
106    -0.01270141     0.00758374    -0.01055392     0.00258970    -0.00394358     0.00120835
107     0.01340747    -0.00399494     0.00705338    -0.00118965     0.00151659    -0.00062479
108    -0.00036467    -0.00428221     0.00190154    -0.00116201     0.00221761    -0.00094999
109    -0.00990790     0.00430945    -0.00135321     0.00270858    -0.00087148     0.00160261
110     0.00273275    -0.00571019     0.00471745    -0.00167296     0.00055817    -0.00110952
111     0.00984961     0.00396794    -0.00318603    -0.00139192     0.00025727    -0.00073208
112     0.00648878    -0.00267230     0.00385332    -0.00056581    -0.00160960    -0.00204655
113    -0.00568203     0.00835426    -0.00390752     0.00019220     0.00087400     0.00092890
114    -0.00064440    -0.00574672     0.00246698     0.00019457     0.00071755     0.00109828
115    -0.02048485    -0.00032591    -0.00533111    -0.00018263    -0.00216302    -0.00155278
116     0.01334751     0.00520206    -0.00300415     0.00021663     0.00104118     0.00069692
117     0.00722489    -0.00413623     0.00938326     0.00001704     0.00118091     0.00069051
118    -0.01446702    -0.01123548    -0.00298624    -0.00160956     0.00222101     0.00517745
119     0.01369909     0.00517474     0.01077851     0.00033603    -0.00102907    -0.00250715
120     0.00194090     0.00571021    -0.00666422     0.00081858    -0.00065503    -0.00223085
121    -0.00250487     0.00824548     0.00891649     0.00120111     0.00339506    -0.00730350
122     0.00550640     0.00268250    -0.00520072    -0.00148782    -0.00231571     0.00400460
123    -0.00050550    -0.00965351    -0.00582079    -0.00063774    -0.00099488     0.00414898
124     0.00577401     0.00680366     0.00188672    -0.00350359     0.00003126     0.00001697
125    -0.00175781    -0.00088286    -0.00231047     0.00176682    -0.00015619    -0.00018581
126    -0.00237883    -0.00235603     0.00037572     0.00165595     0.00017098    -0.00008755
127     0.01203507     0.01360867     0.01393504    -0.01410179    -0.00520489    -0.01216840
128    -0.00673722    -0.00693972    -0.00967229     0.00879347    -0.00002710     0.00546120
129    -0.00448116    -0.00226734    -0.00395820     0.00434226     0.00107559     0.00537970
130    -0.00525655    -0.00351796     0.00443673    -0.00021654    -0.00165299     0.00124321
131     0.00117915     0.00059361    -0.00080069     0.00020387     0.00084982    -0.00070898
132     0.00214873     0.00223420    -0.00467128     0.00009501     0.00068126    -0.00053388
133     0.00057443    -0.00922685    -0.00085610     0.00508201     0.00146021     0.00533656
134    -0.00359356     0.00795842    -0.00190286    -0.00318880    -0.00162071    -0.00333163
135     0.00410774     0.00245979     0.00255724    -0.00238349    -0.00068410    -0.00187884
136    -0.01162074    -0.00412331    -0.00629635     0.00267167    -0.00310580    -0.00042794
137     0.00669541     0.00165269    -0.00669380    -0.00107320     0.00159005     0.00032567
138     0.00326578     0.00448545     0.01061282    -0.00138183     0.00175287    -0.00004615
139    -0.00792579     0.00407682    -0.00291550     0.00742478    -0.00607486     0.00356898
140     0.00264580    -0.00359723     0.00279115    -0.00486721     0.00492357    -0.00190633
141     0.00600074    -0.00475831     0.00362328    -0.00254107     0.00273995    -0.00114150
142    -0.02100613    -0.01521043    -0.00682340     0.00296492    -0.00071492    -0.00049802
143     0.01365781     0.00301591     0.00772938    -0.00171949     0.00041795     0.00046018
144     0.00790803     0.01402298    -0.00056827    -0.00140471     0.00051599     0.00019849
145    -0.00210121     0.01097159    -0.00124840    -0.00136531    -0.00583928     0.00276218
146     0.00331564    -0.01348453     0.00346116     0.00145812     0.00366699    -0.00164517
147    -0.00065885     0.00133240     0.00020758     0.00050913     0.00275624    -0.00081084
148    -0.00373180    -0.01748118    -0.00067601    -0.00451486     0.00237355    -0.00087856
149     0.00624715     0.01277792    -0.00077422     0.00223538    -0.00078956     0.00038013
150    -0.00284798     0.00537140     0.00215924     0.00250946    -0.00135633     0.00091985
151     0.00157852     0.00727805     0.00358720     0.00253485    -0.00154876    -0.00024287
152    -0.00408164    -0.00617904    -0.00189871    -0.00137250     0.00102287     0.00019215
153     0.00231936    -0.00151433    -0.00008014    -0.00132565     0.00077612    -0.00005047
154    -0.00254386    -0.00628384    -0.00641961    -0.00367486     0.00232708     0.00095387
155    -0.00172836     0.00447498     0.00508124     0.00204406    -0.00122121    -0.00018202
156    -0.00080210     0.00438998    -0.00006520     0.00207063    -0.00161793    -0.00073358
157     0.00419023    -0.00622374    -0.01982282     0.00185308    -0.00191523     0.00106906
158    -0.00140426    -0.00162923     0.01400313    -0.00087288     0.00091785    -0.00068207
159    -0.00329626     0.00584802     0.00553864    -0.00074463     0.00088458    -0.00041523
160    -0.01264418    -0.00465702    -0.00058100     0.01551032    -0.00112384    -0.00772555
161    -0.00473927     0.00666586     0.00339945    -0.00504681     0.00087680     0.00224820
162     0.01294408     0.00036184    -0.00361578    -0.00929312     0.00027097     0.00166198
163     0.00681285    -0.00426922    -0.00855272     0.00153177    -0.00078709     0.00149409
164    -0.00194270     0.00442990    -0.00324582    -0.00072955     0.00033066    -0.00084050
165    -0.00391122    -0.00206854     0.00828680    -0.00093219     0.00039056    -0.00076199
166    -0.00693072     0.00093934     0.01586206     0.00388824     0.00131876     0.00191713
167     0.00121423    -0.00262464     0.00061459    -0.00166592    -0.00085442    -0.00089714
168     0.00393861     0.00036222    -0.01479584    -0.00231310    -0.00074782    -0.00076224
169     0.00727453     0.00792775    -0.00742398    -0.00874620    -0.00241697     0.00648524
170    -0.00101846    -0.00327449     0.00540404     0.00289066     0.00122379    -0.00293331
171    -0.00439861    -0.00225553    -0.00098691     0.00358987     0.00067984    -0.00197934
172     0.00248326     0.00543150    -0.01364100     0.00283843    -0.00160555     0.00079766
173     0.00159771     0.00354560     0.00725184    -0.00141622     0.00064929    -0.00053320
174    -0.00451320    -0.00764196     0.00596423    -0.00121857     0.00087179    -0.00044117
175     0.00946949    -0.00058798    -0.01300854    -0.00259648    -0.00146706    -0.00042355
176    -0.00096186    -0.00283094    -0.00051669     0.00147103     0.00092683     0.00009389
177    -0.00897506     0.00497318     0.01100268     0.00125608     0.00083739     0.00036142
178     0.00134464     0.00250758     0.00582419    -0.00360477    -0.00285952     0.00032348
179     0.00085584    -0.00054078    -0.00333968     0.00186125     0.00143738    -0.00051582
180     0.00198456    -0.00094380     0.00141883     0.00240848     0.00179538     0.00002951
181     0.01361066    -0.00452292     0.01037384     0.00007481    -0.00126783    -0.00242163
182    -0.00540027    -0.00033164    -0.00150291    -0.00015310     0.00053695     0.00122454
183    -0.00814502     0.00549963    -0.00928955    -0.00010853     0.00081507     0.00124385
184     0.01286786     0.00001855     0.00366960    -0.00110710    -0.00340357     0.00441872
185     0.00005060    -0.00547559    -0.00632360     0.00064907     0.00221290    -0.00206975
186    -0.00513833     0.00539318     0.00003842     0.00020683     0.00140103    -0.00179755
187    -0.00594949     0.02561753     0.00904261     0.00446582    -0.00169563     0.00400782
188     0.00748948    -0.01640940     0.00267250    -0.00257222     0.00040349    -0.00243960
189    -0.00110322    -0.00796341    -0.01197720    -0.00291191     0.00148912    -0.00224365
190     0.00156977    -0.00744070     0.00849467     0.00122245     0.00480875     0.00140930
191     0.00104242     0.00403070    -0.00184505    -0.00103630    -0.00295013    -0.00058793
192    -0.00017305     0.00168408    -0.00168374    -0.00036369    -0.00212391    -0.00039854
193    -0.00156873    -0.01677032    -0.00461072     0.00777619     0.00891820     0.00816437
194    -0.00089737     0.00647292     0.00292406    -0.00228937    -0.00498171    -0.00513372
195     0.00046670     0.01066273    -0.00022229    -0.00332888    -0.00482506    -0.00236581
196    -0.01114646    -0.00215193    -0.00300045     0.00306989     0.00005279     0.00011567
197     0.00237065    -0.00092459     0.00312537    -0.00160507     0.00012507     0.00005289
198     0.00988735     0.00113670    -0.00105472    -0.00125355    -0.00005155    -0.00001690
199     0.00957836     0.00950747     0.00254812    -0.00112111    -0.00270437     0.00060035
200    -0.01068351    -0.00301107     0.00468965     0.00047839     0.00159940    -0.00028210
201    -0.00260578    -0.00783554    -0.01141962     0.00060980     0.00137248    -0.00049162
202     0.00711329     0.00428669     0.02285345     0.00475365     0.00134378     0.00023175
203    -0.00303438     0.00201073    -0.00019850    -0.00204422    -0.00034240    -0.00008336
204    -0.00657082    -0.00369466    -0.02250899    -0.00276671    -0.00077462     0.00024628
205    -0.00161089    -0.01085166    -0.01062494    -0.00298791    -0.00217168     0.00182531
206    -0.00117114    -0.00021275     0.00003876     0.00134132     0.00080000    -0.00070746
207     0.00504918     0.00738864     0.00687319     0.00156227     0.00103096    -0.00124183
208     0.01701052     0.01004829    -0.00338929    -0.00021558    -0.00197064     0.00076183
209    -0.00290844    -0.00505113     0.00064392     0.00012185     0.00097191    -0.00048941
210    -0.01471072    -0.00761275     0.00117510     0.00001550     0.00109653    -0.00039068
211     0.00543287     0.00742910     0.00176871     0.00131360    -0.00303954    -0.00098085
212    -0.00722090    -0.00585671    -0.00091182    -0.00045490     0.00157169     0.00054858
213     0.00239546     0.00019656     0.00030249    -0.00069551     0.00135479     0.00062526
214     0.00770685     0.02333359    -0.01116059     0.00141082    -0.00176073    -0.00266602
215    -0.00451960    -0.00440912    -0.00234834    -0.00055757     0.00106531     0.00140824
216     0.00086793    -0.01668170     0.00972999    -0.00062854     0.00068673     0.00140957
217     0.01279207    -0.00199250    -0.00485350     0.00003133    -0.00026690     0.00257560
218    -0.00378719     0.00634543     0.00149694     0.00003121     0.00000429    -0.00126709
219    -0.01284536    -0.00421226     0.00338830    -0.00015721     0.00011836    -0.00127114
220    -0.00544428     0.00393111    -0.00153737     0.00549431    -0.00128885    -0.00216541
221     0.00517993    -0.00190867    -0.00250542    -0.00243373     0.00097105     0.00128568
222     0.00031524    -0.00534783     0.00182629    -0.00293962     0.00085244     0.00064209
223     0.00704896    -0.01857644     0.00652236    -0.01490779     0.01028813    -0.00526041
224    -0.01035821     0.00282115    -0.00690813     0.00474873    -0.00317058     0.00255449
225     0.00673493     0.01308754     0.00006333     0.00548297    -0.00711911     0.00265399
226     0.00578520    -0.00219663    -0.00478105    -0.00224617     0.00147735     0.00154882
227     0.00461479    -0.00030094     0.01282607     0.00129733    -0.00086825    -0.00067601
228    -0.00988206     0.00219098    -0.00592814     0.00113369    -0.00090177    -0.00098985
229     0.00182733    -0.00267647     0.01669722     0.00138684    -0.00201617    -0.00154402
230     0.00219865    -0.00804937    -0.00610277    -0.00053276     0.00084215     0.00064993
231    -0.00510482     0.00880793    -0.00845099    -0.00072612     0.00099399     0.00097237
232    -0.00138240    -0.00494464    -0.00483989    -0.00103037     0.00640216    -0.00295537
233    -0.00189482     0.00720598     0.00176317     0.00071810    -0.00468031     0.00171296
234     0.00296669    -0.00193135     0.00312500     0.00058642    -0.00268008     0.00088807
235     0.00314118     0.00454187     0.00599443    -0.00024624    -0.00158603     0.00024456
236     0.00220525     0.00058558     0.00335192     0.00019090     0.00078917    -0.00010235
237    -0.00127593    -0.00251595    -0.00497721     0.00012660     0.00084055    -0.00020007
238    -0.02073702    -0.00151070    -0.01332262    -0.00124289    -0.00075095     0.00256878
239     0.00038635    -0.00642479     0.01991567     0.00045260     0.00034150    -0.00110202
240     0.01870588     0.00809589    -0.00918245     0.00059443     0.00041365    -0.00157766
241     0.01303804     0.00069831    -0.00365090    -0.00079047    -0.00168812     0.00169502
242    -0.00297831    -0.00049041     0.00262263     0.00052063     0.00104752    -0.00090741
243    -0.01202584    -0.00136147     0.00113231     0.00043813     0.00071062    -0.00075283
244    -0.00373040     0.00959664     0.00985522    -0.00054381    -0.00135060    -0.00427606
245     0.00108958    -0.00307982    -0.00230198     0.00014595     0.00063467     0.00168173
246     0.00303141    -0.00614519    -0.00117500     0.00044925     0.00042320     0.00197805
247     0.00400734    -0.00364318    -0.00499940    -0.00316678     0.00408050    -0.00042935
248    -0.00133753     0.00215896     0.00350771     0.00189914    -0.00240371    -0.00015701
249    -0.00195846     0.00299405     0.00194357     0.00184957    -0.00180785     0.00039733
250     0.00028440    -0.00278959    -0.00144124     0.00164612     0.00296097     0.00222422
251    -0.00225348     0.00229002    -0.00160203    -0.00078616    -0.00179232    -0.00100764
252    -0.00114653     0.00122716     0.00142903    -0.00063388    -0.00146257    -0.00131870
253    -0.00553924    -0.00480087    -0.00396134    -0.00160331    -0.00127012     0.00027897
254     0.00390565     0.00591579     0.00606159     0.00070175     0.00055604    -0.00006820
255     0.00283199     0.00084091    -0.00016311     0.00083131     0.00077871    -0.00012857
256    -0.00237819     0.00162454     0.00284313     0.00010638    -0.00188582     0.00012582
257     0.00288416     0.00155668     0.00130653    -0.00009785     0.00104153    -0.00014258
258     0.00006971    -0.00450628    -0.00625228     0.00002178     0.00089030    -0.00008951
259     0.00361844    -0.00314647     0.01043286     0.00314848    -0.00227756    -0.00261990
260    -0.00050372     0.00487231    -0.00038512    -0.00130634     0.00112981     0.00097771
261    -0.00369009     0.00090286    -0.00587269    -0.00126316     0.00101648     0.00143092
262     0.00757450    -0.00831132    -0.00595343    -0.00065373     0.00260217     0.00042295
263    -0.00188148     0.00313190     0.00013547     0.00033108    -0.00138549    -0.00038316
264    -0.00547051     0.00436805     0.00400277     0.00035081    -0.00108908    -0.00018679
265     0.00391045    -0.01373439    -0.00805658    -0.00042477    -0.00057372     0.00201001
266    -0.00108304     0.01315007     0.00922106     0.00020072     0.00040600    -0.00102665
267     0.00120821    -0.00101194     0.00225262     0.00013870     0.00024819    -0.00109806
268    -0.01139299     0.00917658     0.00991688    -0.00216506     0.00410880    -0.00530125
269     0.01163955    -0.00671747    -0.00330797     0.00058920    -0.00205256     0.00319170
270    -0.00310131    -0.00123607    -0.00356369     0.00093728    -0.00255783     0.00227365
271    -0.00123012    -0.01391982     0.00239758     0.00438987     0.00793456     0.00014257
272     0.00724325     0.00304267     0.00361909    -0.00179720    -0.00355250     0.00068595
273    -0.00594089     0.00789103    -0.00609598    -0.00239176    -0.00294035    -0.00022417
274    -0.01749229    -0.01479831     0.00917515     0.00107358    -0.00068898    -0.00781420
275     0.01365056     0.00911070     0.00231434     0.00000769     0.00058389     0.00329770
276     0.00280542     0.00564561    -0.01651851    -0.00093784     0.00104658     0.00540752
277     0.00383408    -0.00206300     0.00103363    -0.00203863    -0.00105113     0.00076982
278    -0.00287808    -0.00309505    -0.00771806     0.00089164     0.00048429    -0.00044603
279    -0.00035198     0.00214546     0.00623268     0.00093603     0.00057917    -0.00029109
280     0.00451227     0.01381949     0.01211133     0.00098471    -0.00384748     0.00023501
281     0.00376270    -0.00301011    -0.01155549    -0.00052708     0.00177215     0.00010599
282    -0.00535742    -0.01179089    -0.00319605    -0.00080838     0.00215517    -0.00026836
283     0.00420457     0.00916563    -0.01004189     0.00036881    -0.00246824     0.00069402
284    -0.00169469    -0.00031976     0.00009389    -0.00027478     0.00114207    -0.00041012
285    -0.00228437    -0.00964634     0.01232410    -0.00027316     0.00148245    -0.00030479
286    -0.00238962     0.01606369     0.01441226    -0.00222586    -0.00048669    -0.00169732
287    -0.00497653     0.00273322     0.00107348     0.00118105     0.00027379     0.00071021
288     0.00830457    -0.02059851    -0.01395003     0.00099588     0.00035616     0.00084088
289    -0.00490538     0.00789561    -0.00043492    -0.00061896     0.00289640     0.00140502
290     0.00067039    -0.00444800     0.00268450     0.00035634    -0.00189345    -0.00090013
291     0.00302780    -0.00266542    -0.00135224     0.00029892    -0.00127489    -0.00081316
292    -0.00669804     0.00337977    -0.00332639     0.00043180     0.00267580     0.00303546
293    -0.00342767     0.00645263     0.00149515    -0.00021332    -0.00114948    -0.00173094
294     0.01093682    -0.01022567     0.00273363     0.00002424    -0.00128439    -0.00134045
295     0.00674428    -0.00432564     0.00576812    -0.00093805    -0.00372335    -0.00098286
296    -0.00370647     0.00057613    -0.00277000     0.00057909     0.00156490     0.00040654
297    -0.00357584     0.00586291    -0.00710663     0.00063874     0.00220485     0.00081837
298    -0.01168668     0.00391670    -0.01126067    -0.00075125    -0.00071050     0.00429048
299     0.00720575    -0.00064198     0.00972365     0.00015355     0.00027586    -0.00178302
300     0.00111050    -0.00206736     0.00309824     0.00024456     0.00056614    -0.00275540
301    -0.02103271     0.00312668     0.00148870    -0.00114725    -0.00023041    -0.00313923
302     0.02034829     0.00452132     0.00125827     0.00064924     0.00012512     0.00133493
303     0.00128167    -0.00916603    -0.00292836     0.00061529    -0.00009633     0.00168888
304     0.02236527    -0.02213442     0.00619621    -0.00174271    -0.00218337     0.00012961
305    -0.02023599     0.01033876    -0.00488298     0.00077707     0.00121928    -0.00013459
306     0.00117787     0.00985092     0.00071418     0.00114807     0.00125772    -0.00009585
307    -0.00698408     0.01041863    -0.00038369     0.00069160    -0.00015648     0.00233486
308     0.00889699    -0.00945436    -0.00134511    -0.00041238     0.00017688    -0.00112709
309     0.00156703    -0.00124733     0.00005655    -0.00044497    -0.00002251    -0.00122565
310    -0.01932457     0.02480497    -0.00688532     0.00566761    -0.00649527    -0.00295723
311     0.00286727    -0.01254267     0.00659093    -0.00264957     0.00248449     0.00197570
312     0.01549391    -0.01335261     0.00142548    -0.00218604     0.00243988     0.00079451
313     0.01383277    -0.00970759    -0.01457500    -0.00126387     0.00108278    -0.00400324
314    -0.00750830     0.01531582     0.01644172     0.00078865    -0.00086634     0.00205443
315    -0.00651426    -0.00549003    -0.00204500     0.00032735    -0.00056816     0.00194830
316     0.00417205    -0.00037162    -0.00379281    -0.00106318    -0.00119141     0.00115581
317     0.00228228    -0.00369713     0.00037354     0.00057834     0.00068299    -0.00053443
318    -0.00567074     0.00407017     0.00265497     0.00059385     0.00052767    -0.00057335
319    -0.00597010    -0.00362643    -0.01166855     0.00013422     0.00349839     0.00018284
320     0.00450486     0.00676729     0.01085594     0.00004508    -0.00196533     0.00009766
321     0.00045070    -0.00009514    -0.00044731     0.00007255    -0.00152361    -0.00015606
322    -0.01117995     0.00330423     0.00747609     0.00293544     0.00003731     0.00112793
323     0.00548112    -0.00462756    -0.00846983    -0.00152034    -0.00003887    -0.00038922
324     0.00481377    -0.00183743     0.00260680    -0.00165749    -0.00018724    -0.00072531
325     0.00348847    -0.00178626    -0.00022084     0.00073096    -0.00076147    -0.00257990
326     0.00154046     0.00166017    -0.00171008    -0.00035413     0.00028952     0.00150394
327    -0.00336402    -0.00128598     0.00273403    -0.00036196     0.00027148     0.00108591
328     0.00603691    -0.00516875     0.00026023    -0.00163568    -0.00068791     0.00173942
329    -0.00104304     0.00368268     0.00153508     0.00099804     0.00028540    -0.00096796
330    -0.00388749     0.00306887    -0.00212510     0.00074304     0.00035858    -0.00099025
331     0.01029441     0.00743545     0.00321701    -0.00461206    -0.00056956    -0.00140543
332    -0.00099368    -0.00355207    -0.00229459     0.00220862     0.00010727     0.00038549
333    -0.00756458    -0.00408495    -0.00118281     0.00178592     0.00032646     0.00062473
334    -0.02348216     0.00621730     0.00284591    -0.00630081    -0.00374863    -0.00225955
335     0.01012786     0.00791281    -0.00412634     0.00424988     0.00251753     0.00203810
336     0.01004217    -0.01102416     0.00103222     0.00302742     0.00112359     0.00098308
337     0.00952818     0.00382899    -0.00102132    -0.00239810    -0.00068028    -0.00085756
338     0.00083679    -0.00417321     0.00022231     0.00125741     0.00046715     0.00034974
339    -0.00786168     0.00033509    -0.00111670     0.00101852     0.00025073     0.00032935
340    -0.00361760    -0.00692016    -0.02114560     0.00076332    -0.00191101     0.00098542
341     0.00995898     0.00325388     0.01569932    -0.00038565     0.00082229    -0.00051590
342    -0.00771988     0.00236759     0.00480797    -0.00044876     0.00094125    -0.00039802
343    -0.00678056    -0.00303341    -0.00422017     0.00398172     0.00332784     0.00072348
344     0.00120272     0.00249369     0.00249659    -0.00165034    -0.00140138    -0.00057446
345     0.00488674    -0.00174539    -0.00137186    -0.00221139    -0.00134360    -0.00025098
346    -0.01563610     0.00864651     0.01988444    -0.00053949    -0.00440433     0.00037194
347     0.00047492    -0.00499585    -0.01145124     0.00038439     0.00220690     0.00010967
348     0.01391411    -0.00404775    -0.00538908    -0.00003406     0.00212347    -0.00016283
349    -0.00262162    -0.00236778    -0.00619505    -0.00464383    -0.00071820     0.00182938
350     0.00000006     0.00249767    -0.00124556     0.00217668     0.00001547    -0.00076924
351     0.00090847     0.00393398     0.00634095     0.00211373     0.00050283    -0.00057694
352    -0.00053460    -0.00457565    -0.00809026    -0.00349747     0.00074535     0.00109502
353    -0.00026557     0.00432767     0.00333470     0.00146098    -0.00031906    -0.00062787
354     0.00036739    -0.00357813     0.00452925     0.00179761    -0.00063815    -0.00051659
355    -0.02961461     0.00508613     0.00556472     0.01810172     0.00076961     0.00594815
356     0.01099150    -0.00670168    -0.00111870    -0.00749457    -0.00271450    -0.00347680
357     0.01442424     0.00210616    -0.00016850    -0.00831127     0.00138459    -0.00518865
358     0.00951117     0.02159890     0.01185698    -0.00214370    -0.00513314    -0.00331940
359    -0.00387569    -0.01544960    -0.01667374     0.00165003     0.00369096     0.00192872
360    -0.00562754    -0.00670663     0.00583231     0.00075057     0.00257313     0.00219204
361     0.00225296    -0.01403036    -0.00063300    -0.00065590    -0.00162584     0.00021178
362    -0.00067184     0.01162319     0.00099192     0.00037646     0.00096650    -0.00016055
363    -0.00456507     0.00426726    -0.00149890     0.00038464     0.00077073    -0.00007351
364     0.00297149     0.00655172     0.00762889     0.00015190    -0.00193812    -0.00035414
365    -0.00063870    -0.00548951     0.00159117    -0.00005914     0.00081612     0.00017037
366    -0.00411381    -0.00095423    -0.00778977    -0.00007802     0.00097629     0.00008331
367     0.00199113     0.01118568    -0.01900923     0.00186268    -0.00189130     0.00363298
368    -0.01124465    -0.00721333     0.01407155    -0.00137389     0.00099393    -0.00192975
369     0.00940480    -0.00364682     0.00268174    -0.00087403     0.00109322    -0.00238057
370     0.00325845     0.00633588     0.00923651    -0.00010068    -0.00465170    -0.00594742
371    -0.00293940     0.00055938    -0.00637203     0.00020159     0.00159926     0.00285042
372    -0.00131771    -0.00691324    -0.00774150    -0.00034053     0.00316137     0.00435553
373     0.01736792    -0.01131415    -0.00358009    -0.00429611     0.00526690     0.00247407
374    -0.00759274     0.00377747     0.00102387     0.00165804    -0.00312402    -0.00137686
375    -0.00536199     0.00700878     0.00172843     0.00327689    -0.00323724    -0.00189516
376    -0.00568066    -0.00273490    -0.00524359     0.00185518     0.00054901     0.00566549
377     0.00531064     0.00094329     0.00199104    -0.00157703    -0.00050026    -0.00322056
378     0.00361903     0.00171938     0.00381403    -0.00081397     0.00014955    -0.00335052
379     0.01202199     0.00586581    -0.00625455     0.00034701    -0.00229467     0.00168506
380    -0.00143682     0.00213578     0.00023556    -0.00024524     0.00105327    -0.00067972
381    -0.00795195    -0.00777539     0.00512890    -0.00003933     0.00102062    -0.00075141
382     0.03313737    -0.01521321     0.00631038     0.00227515     0.00549260    -0.00280901
383    -0.00103262     0.00750828     0.00012115    -0.00168135    -0.00284695     0.00203329
384    -0.03155557     0.00655583    -0.00708478    -0.00062130    -0.00297540     0.00158785
385    -0.01440288     0.00974836    -0.00116724     0.00569776    -0.00229623     0.00024062
386     0.01807616    -0.00786396     0.00022563    -0.00373770     0.00169994    -0.00054960
387    -0.00304727    -0.00152248     0.00194266    -0.00219699     0.00098424    -0.00030321
388    -0.00353271     0.00309542    -0.00517543     0.00035608    -0.00197506     0.00269320
389    -0.00210974    -0.00107213     0.00199744    -0.00021125     0.00108095    -0.00115931
390     0.00488939     0.00014268     0.00213582    -0.00038912     0.00099546    -0.00151860
391     0.00448272     0.00425704    -0.00273480    -0.00258835    -0.00233284    -0.00144380
392    -0.00444668    -0.00890654    -0.00794370     0.00116297     0.00120293     0.00093012
393    -0.00483740     0.00482304     0.01111986     0.00177397     0.00145482     0.00088855
394     0.00417337     0.00375764    -0.00266523     0.00128226    -0.00450128     0.00269333
395    -0.00997100     0.00087720    -0.00245539    -0.00033878     0.00280209    -0.00151386
396     0.00304967    -0.00208095     0.00474827    -0.00038098     0.00172818    -0.00111384
397    -0.01515728     0.03844950    -0.00340518     0.01017846    -0.02099159     0.00044837
398     0.00849944    -0.02635820     0.00086149    -0.00736077     0.01049760     0.00114217
399     0.00467870    -0.00601800    -0.00294091    -0.00406336     0.00662059     0.00143728
400     0.01489242    -0.00264448    -0.02711628    -0.00226143     0.00884988     0.01110213
401    -0.00977757    -0.00088057     0.01548772     0.00100612    -0.00253116    -0.00432074
402    -0.00275785     0.00405633     0.01170881     0.00339613    -0.00498134    -0.00598501
403     0.01491414     0.00351033    -0.00381926    -0.00212499     0.00054459     0.00136588
404    -0.00670702     0.00236285     0.00386271     0.00088221    -0.00024124    -0.00054727
405    -0.00778059    -0.00589553    -0.00203584     0.00109215    -0.00042888    -0.00075926
406    -0.00675972    -0.01124210     0.01483561    -0.00391818     0.00017930    -0.00312285
407    -0.00170163     0.00325362    -0.00085076     0.00153354     0.00008527     0.00128572
408     0.00343116     0.00440194    -0.01193172     0.00231775     0.00001638     0.00135738
409     0.00197003    -0.00605364    -0.01695590    -0.00063936     0.00212433     0.00210488
410     0.00164605     0.00054165     0.00128236     0.00054192    -0.00119007    -0.00118907
411    -0.00518235     0.00379316     0.01559585     0.00030021    -0.00083469    -0.00092978
412    -0.00163208     0.00358655     0.00256929     0.00065331    -0.00000157    -0.00349764
413     0.00013761     0.00213417    -0.00614322    -0.00024515    -0.00020221     0.00169647
414     0.00222198    -0.00630195     0.00441571    -0.00041287     0.00005324     0.00230300
415     0.00960686     0.00602798     0.00076182    -0.00035249    -0.00125300     0.00210777
416    -0.01235583    -0.00383093     0.00413281     0.00006811     0.00073833    -0.00117018
417     0.00179008    -0.00239491    -0.00522620     0.00025924     0.00070493    -0.00098936
