 Number of water molecules:
         139

 Atomic and electronic energies:
    -2.45290913    -0.08083964

 Atomic coordinates:
  1     8.32249802     4.79787569    12.13588220
  2     9.59367839     6.03685724    11.40942470
  3     6.78298154     4.78483705    10.98975770
  4    -5.72071206    11.46019485     7.00299311
  5    -4.54568341     9.98953549     7.46473896
  6    -5.44185975    11.70237156     5.12852651
  7     1.64465925     8.28734088    11.48766114
  8     0.92363820     7.52208390    13.10893195
  9     2.84302212     6.99679422    10.73626840
 10    -6.69988244     7.96558695    -7.64039047
 11    -7.52076940     6.56158451    -8.67634209
 12    -5.19221938     8.58377248    -8.60639791
 13    -5.37872091   -11.38996596   -10.53377932
 14    -6.12134186    -9.70548073   -11.08467456
 15    -6.12573119   -11.71524805    -8.79189835
 16   -11.05213398     2.56365269     8.03585287
 17   -12.02515241     4.25328934     8.00115056
 18   -10.76771435     2.02678325     6.15730705
 19     1.69108081     8.23120108   -15.74663428
 20     2.28906478     8.12259151   -13.89101504
 21     1.93668459    10.05929003   -16.26356454
 22     6.39377137     7.40471511    -7.50321661
 23     8.25183024     7.45425458    -7.01867263
 24     5.83764676     5.80243357    -6.59728302
 25     2.74394101    -6.67232980   -12.65704840
 26     1.91573671    -5.38601119   -11.47558432
 27     1.77865107    -8.33389725   -12.25690526
 28    -4.28469886     5.90417831     1.26221734
 29    -4.16615982     5.94764327    -0.68616560
 30    -4.80291888     4.07625893     1.68146004
 31     9.63516975    -0.16384733    12.43135747
 32     8.32426966    -0.95611927    11.34359020
 33     9.35004739     1.70138631    12.45475002
 34     0.69459635     9.33384374    -2.81045583
 35     1.09041702     7.51300759    -2.55371743
 36     2.34794905    10.23289924    -2.32725541
 37    -4.95205541     4.83369631    12.04094454
 38    -3.73615510     3.36615403    11.75464217
 39    -6.66218408     4.13965620    11.60416325
 40     9.99479607    -6.39611762     9.12795054
 41     8.53708103    -5.16540267     9.13941432
 42    11.59101749    -5.39769115     9.55223186
 43   -13.95191383    -5.63663191     9.33735758
 44   -15.08655959    -6.09436725    10.75849848
 45   -12.96654134    -4.08078792     9.85469465
 46    10.64415011   -12.96709284     2.69500703
 47    10.35621385   -12.16080068     1.03419885
 48    11.65433567   -14.53662993     2.36018489
 49     2.19355636     1.19568716    -7.10334224
 50     3.79195678     1.78687732    -6.16466084
 51     0.71377975     2.02715244    -6.20207161
 52     2.13019157     1.49550738     2.89400179
 53     1.85639204     0.21136185     1.46897794
 54     1.32911602     3.08071688     2.25820087
 55    -1.66459622    -2.59323043    -3.47822433
 56     0.17119667    -2.43906419    -2.89175443
 57    -2.04531301    -0.97003361    -4.46199357
 58     1.55164333     0.20867785     7.79311350
 59     1.68533329     0.74402647     5.92304864
 60     0.43846062    -1.43124995     7.70133213
 61    -4.23201006    -3.00351334     0.93890836
 62    -4.65052633    -1.20454555     1.55814840
 63    -3.46860540    -2.82292083    -0.84277713
 64    -0.48169161    12.88393462     3.10992270
 65     0.02758215    11.05877562     3.51692044
 66     1.17764318    13.76996636     2.63845832
 67     1.80428602   -11.92587799    -7.35315500
 68     0.23374226   -11.28817495    -6.53935486
 69     2.01334883   -13.72727940    -6.73283376
 70    -2.93166417    16.70288489    -3.40754930
 71    -3.22367645    17.94820437    -1.95372089
 72    -4.32664861    15.38803469    -3.26649530
 73    -5.87485952    -1.49496469     7.27539760
 74    -6.39795540    -1.20571713     9.10683014
 75    -4.18001913    -2.46448564     7.46171753
 76    -1.29981340     6.34521529    15.43424292
 77    -2.03344850     6.99208514    17.06425123
 78    -2.81306904     6.06350219    14.26670651
 79   -14.55307375    -1.36516096     0.24921161
 80   -14.81879919    -2.50409004     1.77963280
 81   -14.56113608    -2.47955852    -1.31000851
 82    -4.11674559     3.27709683   -10.49538363
 83    -6.03079922     3.33582288   -10.56609147
 84    -3.60428020     4.35444188   -11.98606792
 85     9.96740648   -11.34606763    10.33242488
 86    11.09799600   -11.70112387    11.84004484
 87     9.80919473    -9.44919982    10.15258882
 88   -11.05417242    -4.63512314   -12.45549962
 89    -9.26399397    -5.00811142   -13.01256030
 90   -11.20499463    -5.29202579   -10.66409957
 91    11.19363932    12.30123626     4.70600529
 92     9.36145403    12.78330763     5.14054426
 93    12.24956509    13.66088326     5.52924489
 94    -7.87747852   -10.54148500    -5.65372401
 95    -8.57814110    -8.90803219    -6.26653780
 96    -8.72702739   -10.73043788    -3.93346084
 97    11.75175576     6.17592122    -6.46983982
 98    11.52784459     4.28170953    -6.30850109
 99    12.98552182     6.45118283    -7.86265308
100    -5.76976168    -8.03085835     5.34628944
101    -7.14249661    -6.63047758     5.15652210
102    -4.22170396    -7.30517097     4.48399464
103    -6.07081039    -6.14716458   -11.36895123
104    -4.98384310    -6.27024482   -12.94399492
105    -4.76084280    -5.94886855    -9.93261571
106     7.69627899    -7.23353694     1.37785541
107     9.30259195    -7.33034311     2.48768365
108     6.24092217    -7.02239283     2.66367955
109    13.70225746    -0.92408299     5.83706611
110    11.87905005    -0.35941812     5.69234762
111    14.73897154     0.57211078     5.17099348
112    -2.81164939    -7.17905674   -15.14414815
113    -1.81345854    -8.64706365   -14.33883168
114    -1.58824712    -6.24759528   -16.26990962
115    -0.41182531   -10.61498696   -11.80468366
116    -2.20754813   -11.21546054   -11.50853729
117     0.56608380   -11.41940506   -10.36026431
118    -2.54436851     7.70604495     8.50533784
119    -0.98225387     8.08087291     9.61111933
120    -3.60786200     6.59139802     9.69890600
121     2.47358176     7.71454522   -10.84204796
122     4.07452439     7.78214623    -9.70397994
123     2.14688137     5.81445938   -10.96010888
124   -14.42873811     3.49222828    -1.85021767
125   -13.92176665     4.62949053    -0.34793834
126   -14.70085543     1.75253566    -1.11171345
127    -3.38207395     1.65996446    -5.72994523
128    -3.44529917     3.45389432    -4.96611851
129    -3.59337121     2.12932782    -7.60866999
130    -1.33339098   -12.58142443    10.19463819
131    -2.54458060   -11.08998237    10.32031891
132    -1.65408773   -13.71458653    11.68105763
133     7.52287784     5.56380244     5.49449146
134     6.36171734     6.66664036     4.44158567
135     9.31202330     6.09561582     4.91377217
136     9.95995910    -7.19525157    -3.24029101
137     8.93266690    -8.34244478    -4.39825831
138     9.10016758    -7.27546546    -1.50105705
139     7.18041100    -2.05819714     1.40185546
140     5.54876297    -1.71704385     0.44013914
141     7.40991534    -3.97176463     1.39570249
142    16.30458556    -0.09857632    -4.36739133
143    14.58749082     0.45285701    -5.05641059
144    16.16469851    -1.94993987    -4.02289542
145    -1.27685837    -6.42399444     3.05943553
146    -2.39933361    -5.00663850     2.26296463
147    -1.12495835    -7.83594719     1.72838548
148   -10.02076100     9.25447740    -3.78320285
149   -11.47877333     8.01699371    -3.96356874
150    -8.75509331     8.81573924    -5.15770709
151    14.71188607    -4.95858579    -3.19478219
152    12.98152629    -5.79611494    -3.44879793
153    14.98311739    -4.94270996    -1.29069436
154   -10.30669759    10.22021846     1.27241454
155   -10.39809231    10.11809298    -0.63079853
156    -8.45363398    10.44685676     1.58852923
157    11.67059409    -8.12890689     4.57726895
158    11.09847903    -7.67234312     6.34271010
159    11.65030423   -10.05927822     4.50193140
160     6.56424522     3.03026650    -4.95762646
161     8.25728306     2.29290867    -5.50325145
162     6.67533519     3.14531587    -3.02262747
163    13.50220816    -3.05594966    10.42721788
164    12.44952200    -1.79174103    11.43279168
165    13.92141791    -2.20016912     8.77563873
166    12.11648832     7.16253031     3.91806060
167    11.87817586     9.05031983     4.35875102
168    12.16399577     7.09600289     1.94813719
169    -5.83459235     1.29418786     2.94143891
170    -5.68002864     0.46907402     4.69974358
171    -7.68787784     1.29690427     2.58458798
172    14.02848678    -4.40921401     1.87633185
173    14.18074240    -3.09923215     3.25027312
174    13.39911861    -6.01021705     2.80431840
175   -13.27494157    -4.44104966    -4.05444303
176   -12.14624949    -4.83105742    -2.49625653
177   -12.10025370    -5.11922825    -5.46167925
178    -9.39338135    -5.09845655    -0.63280903
179    -9.15336752    -4.67454888     1.26302689
180    -8.11534014    -3.95581848    -1.55733982
181     1.25522033    -4.65551102   -17.20719423
182     2.61142123    -3.47683866   -17.84446689
183     2.00715079    -5.53674180   -15.62567377
184    -1.33269256    -3.95588742     7.73341698
185    -1.29200105    -5.05053123     6.16374098
186    -0.08964246    -4.82618497     8.93260279
187     8.67649406     0.57377671     5.58898410
188     8.29956125     2.45534757     5.45397197
189     8.18706062    -0.22003452     3.89046143
190     3.87045324    15.25080058     1.58021346
191     4.57988800    14.03827499     0.30460045
192     3.25542240    16.76196073     0.48172630
193     4.62529422     8.02888853     2.12919480
194     2.79444839     8.04692474     2.78748775
195     4.74322647     9.35864790     0.73310034
196    17.02136659     3.66338641    -1.15417970
197    16.77997146     2.14179948    -2.35096859
198    18.77855993     4.24729109    -1.38170329
199    -5.65273422   -11.51041406     1.62805957
200    -3.89079896   -11.24158033     0.88151665
201    -5.68359383   -10.56392046     3.31698784
202    13.08607377     6.92029517    -1.41771299
203    14.60872414     5.77695591    -1.22140900
204    12.50026752     6.73169356    -3.21699041
205    -9.28967354    -4.37998939     4.43320802
206   -11.21617558    -4.08281456     4.51547756
207    -8.45918511    -3.01101701     5.50280458
208    -1.07846069   -15.28661830     5.44717639
209    -1.22334594   -14.29079303     7.11119853
210     0.43948731   -14.53113659     4.57187190
211     6.40922692    -9.88715348    -5.88625936
212     4.71192866   -10.62508902    -6.43295829
213     7.24140754    -9.36132025    -7.52751353
214     7.03767589    -4.33955642   -13.56684039
215     5.34865563    -5.32144773   -13.35312809
216     6.72099013    -3.10628539   -15.03679388
217     0.82494296     1.67779435    16.07067697
218     0.21806446     3.48703661    16.04745400
219     2.74458224     1.80230283    16.20319076
220    11.27081000     0.89671638    -6.02820600
221    10.78876588    -0.48360318    -7.26032535
222    11.23023074     0.11147708    -4.25480749
223    -3.74507251     6.46223614    -3.81875104
224    -4.71994897     7.22936720    -5.29436000
225    -2.18365441     7.58048329    -3.63314757
226   -10.80808134    10.89697674     6.48188224
227   -10.90167012    10.89621989     4.53273369
228    -8.96751788    11.38382541     6.88507702
229     8.88664888    -8.29593369   -10.54922828
230     8.98706589    -9.76997675   -11.77304721
231     8.20009955    -6.87769756   -11.62125887
232    -0.63100531    12.72872965    -6.27064722
233    -0.14027107    11.50489514    -4.84228163
234    -1.54647373    14.18498291    -5.36225639
235    -2.50984609   -18.50702029     1.63087880
236    -4.36569795   -18.02358416     1.35885119
237    -2.02325868   -17.53143886     3.26614119
238    -6.21592780    -1.01619457    12.60876391
239    -5.95534051    -1.81828364    14.34524799
240    -4.41980109    -0.33317544    12.22162378
241    -4.75317084    -8.91657886    10.35730120
242    -4.98053531    -8.49645376     8.48060266
243    -6.56901111    -9.14158056    10.99312556
244    -0.70690981    -0.48020209   -14.43098215
245    -0.43351907    -1.87300293   -15.71712533
246    -2.23743758     0.50256397   -15.14307880
247    -6.43306178    13.04893341    -2.68297714
248    -6.06091901    12.24630021    -0.98582445
249    -7.87621447    12.00448167    -3.43569620
250     6.52539351    14.04823220     6.03755911
251     5.65166480    14.55347049     4.38787871
252     5.08197719    13.55669993     7.25659964
253   -14.69404822    -8.82933333     1.14066781
254   -15.92484825    -9.23282626    -0.22219594
255   -13.01900262    -9.47877495     0.52345066
256     1.94675482   -17.11267972    -0.41340886
257     2.53468422   -15.84097097     0.91624348
258     0.31445510   -17.82881794     0.32214465
259     9.57573175    -2.86867658    -9.04546524
260    10.58376375    -4.50770906    -8.96776931
261     8.64021526    -2.95110191   -10.76809306
262    -3.05140796    19.84292136     0.85349451
263    -2.85669793    18.79447500     2.50611094
264    -4.20006127    21.30830097     1.22085374
265    -3.13700989    -1.97460992    16.83130871
266    -2.66225994    -3.45533074    15.68675451
267    -1.57562290    -0.90659100    16.89780575
268    -2.25914803     9.62784059    -9.80777176
269    -0.49806781     8.90163876   -10.07443323
270    -1.95922330    11.10921821    -8.59844598
271     5.47780325    11.52280298    -1.68128173
272     5.45728973    12.15429087    -3.57542140
273     7.36642202    11.59467194    -1.17173514
274     2.27300660     2.64019468   -11.83432446
275     1.03565751     1.38136846   -12.65897506
276     2.38947630     2.09530463    -9.98195111
277   -14.62685504    -4.65689787     4.19906736
278   -14.67400307    -5.15281583     6.06196032
279   -14.67162133    -6.27790350     3.21064911
280     4.12444363   -10.23498028    -0.96477276
281     4.71539404   -10.35022986    -2.78263695
282     5.20532695    -8.78743998    -0.19528758
283     3.07633766   -13.44667091     2.96078570
284     4.46291708   -13.25423016     4.25101821
285     3.45642476   -12.33360835     1.46707686
286   -12.46668920     0.12591380   -11.87431366
287   -13.57462853    -0.39253436   -10.38589350
288   -11.90952049    -1.54486284   -12.63277308
289    -2.20270013    17.16485252     4.90251842
290    -1.47020517    15.54901558     4.10815354
291    -2.22260706    16.77835660     6.76422571
292     2.40191044    12.69293578     8.86830935
293     2.31599508    11.16336445    10.02811093
294     0.64498437    13.50215250     9.04531634
295    -2.81713179   -10.38273164    -5.37594586
296    -4.70628492   -10.67195527    -5.32694361
297    -2.70375894    -8.66556457    -6.25126481
298    -1.63518967     1.08808566    11.58342560
299    -0.61860752     0.88251654    13.22647115
300    -0.33546124     0.75089188    10.17888142
301    -4.59774038     2.26937721   -16.40000621
302    -6.49389608     2.16958194   -16.41403713
303    -4.18053441     4.11922392   -15.97894721
304    -9.68033737   -10.05927045    -0.89321366
305    -8.18539447   -10.73163968     0.11120230
306    -9.38766833    -8.13284341    -0.92977975
307     5.98613229     2.09934433    15.78252962
308     7.16723427     0.62372081    15.63651914
309     6.70384694     3.36611255    14.55084008
310     6.67128467    -3.30194125    -4.58897155
311     7.21778603    -2.72884384    -6.33015559
312     8.04632446    -4.53340041    -4.05755527
313    -3.09455065     6.89506490   -14.16995062
314    -3.16168100     8.09312612   -12.67635060
315    -1.38794738     7.19472555   -15.02585078
316    -9.92594692    -9.19389390    10.08148566
317   -10.16855561   -10.39196478     8.65371015
318   -11.19535420    -7.78356223     9.84025456
319     1.69111898    18.72818022    -1.42043321
320     0.80360624    17.84774003    -2.82507999
321     0.28519820    19.58950055    -0.39069934
322    15.57938751     3.33712838     3.85354646
323    16.17718800     3.49697781     2.02325407
324    14.39927973     4.81522390     4.12797738
325     5.34265718    -1.11466171   -17.60009848
326     4.82606181     0.64901276   -17.01969981
327     6.14581981    -0.89255485   -19.29881733
328   -11.00711422    -1.70181714    10.61231516
329   -11.04458189    -0.04826504     9.54330097
330    -9.36412339    -1.62531139    11.62824850
331   -11.35720425     1.82454476    -5.47385613
332   -12.36005780     2.63261227    -4.03465480
333   -12.59038870     0.87490025    -6.53167578
334    -7.48971678    -1.54098438    -4.92230893
335    -5.83446970    -0.54316994    -4.91279073
336    -8.85481789    -0.16539027    -4.88596838
337   -15.14414819    -1.26520184    -7.66067616
338   -14.60187050    -2.46737840    -6.21515225
339   -16.96850622    -0.86902387    -7.46908465
340     7.04559545   -12.49395699     6.38338954
341     8.16419087   -12.04728308     7.91024773
342     8.26555165   -12.78964465     4.95540441
343    10.31116145    11.32468757    -0.33681583
344    11.00367492    11.98755757     1.33033251
345    11.45749271     9.95302241    -0.94219748
346    -0.93507314    -9.90182518    -0.55660811
347    -1.61978397   -10.23099753    -2.34357126
348     0.96881392   -10.05391361    -0.75125059
349   -10.92960696     1.45680287     2.74280467
350   -11.53104772     3.26476620     2.46730186
351   -12.13840517     0.29218336     1.79045665
352   -12.92814986     6.09856877     2.54229276
353   -13.58861803     6.36491013     4.33302169
354   -12.00020284     7.73203380     2.05727577
355     6.50031479     3.62618208     0.10888501
356     5.88441910     5.40379955     0.42449211
357     5.34219005     2.52943852     1.18109370
358    -2.69107768    -5.62565795    -7.38384119
359    -2.41749045    -4.66438699    -5.70384972
360    -1.45750642    -4.75845247    -8.61223122
361    -7.23148314   -16.41946345     1.13269768
362    -6.69513819   -14.58316674     1.43127706
363    -9.04041214   -16.45385597     0.58521391
364     2.16081545   -16.58926165    -5.35906904
365     1.90459707   -18.29942225    -6.08514973
366     1.98153197   -16.69237664    -3.39926075
367     6.11201775    -2.19500711     8.99986277
368     7.34642720    -1.39953088     7.72308114
369     4.44664920    -1.37861883     8.58124278
370     0.51065274    -2.89426895   -10.09434012
371    -0.09637379    -1.84812697   -11.56843606
372     1.26265852    -1.72509166    -8.82658051
373    -5.15508985    10.95366858     1.75466365
374    -3.44825076    11.78878881     2.00310491
375    -4.74633964     9.11271491     1.47377615
376     4.22165268     4.57461631     9.21258285
377     5.26910970     5.00855074     7.65219891
378     3.14511620     3.00882318     8.72201871
379     2.74540692   -10.32704082     8.13651788
380     4.30799880   -11.41104332     7.79073835
381     1.43364956   -11.43219053     9.03781996
382     4.93642515    12.62242089    -6.71356366
383     5.45793447    10.89810086    -7.42621639
384     3.04702042    12.85505377    -6.93288551
385    11.34580229    -0.71783990    -1.38085393
386     9.65734302    -0.72009786    -0.45731307
387    12.51197051    -1.89405632    -0.39697934
388     2.26015340    -5.93489316    10.68273490
389     2.57213292    -7.67254409     9.95089098
390     3.89425757    -4.98044212    10.48864219
391    -9.29481646    -5.67517241    -7.26242303
392    -8.21727605    -5.92093589    -8.85196551
393    -8.49662008    -4.08870096    -6.43544437
394     3.80693229    -6.80406966     4.32015666
395     2.06786033    -6.34575512     3.67783987
396     3.46184171    -8.06912773     5.72822346
397     2.91843097    -1.35547266    -1.59458871
398     2.65382655     0.50935358    -2.14800728
399     4.20283758    -2.02222887    -2.87072278
400    -0.16298259     7.75490546     3.94945030
401    -0.87586249     7.51918796     5.72565654
402    -1.47037346     6.99861444     2.75751838
403   -13.70334199     7.01266591     7.60291568
404   -14.85620110     7.44638938     9.00785477
405   -12.50395793     8.53942819     7.38808232
406    -9.10466680     3.70870177    -9.73696426
407   -10.32457814     2.71776664   -10.84610624
408    -9.57614620     3.17194963    -7.97129329
409    -2.55843644    14.65634874     9.58593046
410    -3.79715195    13.50837282     8.62624657
411    -3.16219019    14.76212307    11.36340453
412     3.76087693     3.51529566   -16.48622820
413     2.96250280     5.25354816   -16.74122427
414     3.33202608     3.17368607   -14.62479316
415    -2.10913236    -5.79383718    13.41772164
416    -0.41555459    -5.99969355    12.57055241
417    -3.30947238    -7.01497145    12.54723184

 Atomic and electronic forces:
  1     0.01360800     0.00394733     0.00195478     0.00148409     0.00020379     0.00282330
  2    -0.00789271    -0.00463558     0.00242099    -0.00085005    -0.00021989    -0.00131098
  3    -0.00432080     0.00285301    -0.00457147    -0.00083145    -0.00014248    -0.00182862
  4     0.00954838    -0.00346345     0.00075152    -0.00218118     0.00247276     0.00285750
  5    -0.00468801     0.00076498     0.00465462     0.00114641    -0.00127772    -0.00191012
  6    -0.00362441     0.00228275    -0.00510467     0.00137203    -0.00166371    -0.00147586
  7    -0.01234249     0.00714975     0.00485882     0.00019265     0.00129119     0.00381550
  8     0.00353209     0.00198733    -0.00192712     0.00000500    -0.00041448    -0.00164859
  9     0.00489070    -0.00869645    -0.00063191    -0.00033750    -0.00057440    -0.00224197
 10    -0.01326445    -0.00952761     0.01431789    -0.00546135     0.00286558    -0.00377955
 11    -0.00033981     0.00342673    -0.00195246     0.00247619    -0.00078445     0.00185820
 12     0.01128363     0.00772443    -0.01464464     0.00240112    -0.00177244     0.00238550
 13    -0.00531107     0.00744803     0.00651661    -0.00082318    -0.00193865    -0.00109169
 14     0.00312967    -0.00519779    -0.00235891     0.00052485     0.00098351     0.00066288
 15     0.00149287    -0.00297417    -0.00545574     0.00047446     0.00102265     0.00044991
 16     0.00365179     0.00206424    -0.03042091    -0.00254212    -0.00023593     0.00208209
 17     0.00503557    -0.01221297    -0.00231173     0.00120775    -0.00005153    -0.00091295
 18    -0.00825911     0.01108380     0.02753870     0.00161646     0.00022518    -0.00109769
 19     0.00329938     0.00827887     0.00571796     0.00016486     0.00121507    -0.00378291
 20    -0.00428621     0.00173804    -0.00866256    -0.00024940    -0.00088381     0.00243737
 21    -0.00079311    -0.00747133    -0.00025169    -0.00009310    -0.00068945     0.00156804
 22    -0.00134314     0.00011357     0.00669091     0.00746580     0.00470035    -0.00721337
 23     0.00424789     0.00674190    -0.00671840    -0.00347594    -0.00166253     0.00230141
 24     0.00090021    -0.00162141    -0.00232351    -0.00556128    -0.00203048     0.00490882
 25    -0.01082026    -0.01404929     0.00510963     0.00041160    -0.00252426    -0.00255337
 26     0.00116258     0.00308242    -0.00130160    -0.00015497     0.00163737     0.00167814
 27     0.00761881     0.01020988    -0.00703451    -0.00007594     0.00124153     0.00104552
 28     0.01231326    -0.00715142    -0.01888161    -0.01371671     0.00564318     0.00769685
 29    -0.00666728     0.00104348     0.01037508     0.00825014    -0.00347386    -0.00180985
 30    -0.00331638     0.00765523     0.00657113     0.00643223    -0.00055600    -0.00378220
 31     0.01967389    -0.01416775     0.01204086     0.00137757    -0.00062029     0.00227112
 32    -0.01523909    -0.00591673    -0.01039784    -0.00074996     0.00047588    -0.00134184
 33    -0.00292926     0.01806028    -0.00308477    -0.00072447     0.00017769    -0.00123678
 34     0.01320044     0.00134292     0.00524546    -0.00228457     0.02160088    -0.00277991
 35     0.00208001    -0.00832436     0.00095726     0.00047363    -0.01235385     0.00155154
 36    -0.00860957     0.00326136    -0.00319574    -0.00142061    -0.00806047     0.00030993
 37     0.00294779     0.00767021    -0.00488364    -0.00137904     0.00026147     0.00322044
 38     0.00441687    -0.00540702     0.00290254     0.00064061     0.00004553    -0.00184812
 39    -0.00798912    -0.00134955     0.00174687     0.00083746    -0.00004810    -0.00146896
 40    -0.00640823    -0.01073999    -0.00562972     0.00136620    -0.00152498     0.00166734
 41     0.00080716     0.00448532     0.00200489    -0.00074177     0.00086461    -0.00107665
 42     0.00114401     0.00765917     0.00580189    -0.00072692     0.00062302    -0.00078423
 43     0.00172002    -0.01171225    -0.01691405    -0.00133058    -0.00083018     0.00099908
 44    -0.00734263    -0.00039832     0.01060821     0.00056094     0.00034148    -0.00044128
 45     0.00751464     0.01192559     0.00567554     0.00072876     0.00040546    -0.00061229
 46     0.00260438    -0.00540345     0.01486145     0.00100625    -0.00173349     0.00048591
 47    -0.00429151     0.00858370    -0.01718304    -0.00058574     0.00098961    -0.00018855
 48     0.00145889    -0.00392924     0.00168809    -0.00043259     0.00073907    -0.00017602
 49    -0.00059103     0.00937538     0.02321199     0.00430443    -0.00982940    -0.01810796
 50    -0.00069331    -0.00427354    -0.01066379    -0.00546853     0.00401895     0.00780921
 51     0.00237051    -0.00614169    -0.00953974     0.00101106     0.00482440     0.01056602
 52    -0.00249793    -0.00999718    -0.02132940     0.00549217    -0.00923145     0.01963393
 53     0.00488896    -0.00164365     0.01519983    -0.00223729     0.00755023    -0.00740912
 54    -0.00464744     0.01046378     0.00709019    -0.00129051     0.00204324    -0.01164851
 55     0.00600338     0.00886228     0.00013948    -0.00594583    -0.01370177    -0.00340734
 56    -0.00426497    -0.00483515     0.00132156     0.00113375     0.00836913     0.00126053
 57    -0.00485512    -0.00434044     0.00052229     0.00451158     0.00660695     0.00354794
 58    -0.01082052    -0.01886965    -0.01535874     0.00052190    -0.00254959     0.00702461
 59     0.00301704    -0.00024655     0.00627778    -0.00057428     0.00193984    -0.00506684
 60     0.01144639     0.01863852     0.00486389     0.00013208     0.00160516    -0.00300374
 61     0.00857400     0.00946255    -0.00876066    -0.00584674    -0.00745303     0.00304776
 62    -0.00214302    -0.01094563    -0.00242393     0.00397364     0.00338597    -0.00235117
 63    -0.00473563    -0.00277432     0.00858106     0.00337650     0.00491469    -0.00071937
 64     0.00838414    -0.01502486    -0.00626566    -0.00109617     0.00625486     0.00350907
 65    -0.00379073     0.00870316     0.00294906     0.00055127    -0.00375486    -0.00284414
 66    -0.00203945     0.00218316     0.00144133    -0.00002652    -0.00305174    -0.00142444
 67     0.02237404     0.00767989    -0.01233157     0.00014218    -0.00279597    -0.00095303
 68    -0.02264948     0.00353027     0.01076342     0.00008212     0.00157931     0.00047738
 69     0.00029762    -0.01338004     0.00515055    -0.00006937     0.00119800     0.00032417
 70     0.00727995     0.00103378     0.00284132    -0.00131857     0.00416071    -0.00043412
 71     0.00054710    -0.00401421    -0.00500578     0.00055028    -0.00178396    -0.00001138
 72    -0.00786194    -0.00067069     0.00204164     0.00104991    -0.00221322     0.00023189
 73     0.01767992    -0.00609021     0.00498409    -0.00281383    -0.00210851     0.00372127
 74    -0.00289391    -0.00029201    -0.00115672     0.00107397     0.00070883    -0.00158964
 75    -0.01348896     0.00621868    -0.00232159     0.00112861     0.00134293    -0.00203570
 76    -0.00336030     0.00254422    -0.00333791    -0.00033509     0.00038302     0.00254734
 77     0.00148579     0.00058571     0.00194284     0.00016662    -0.00017914    -0.00104609
 78     0.00114804    -0.00271835     0.00113065     0.00032887    -0.00020208    -0.00139764
 79     0.00460891     0.00950314    -0.00541096    -0.00279597    -0.00090696     0.00038823
 80    -0.00236825    -0.00504739     0.00167060     0.00122267     0.00047793    -0.00028458
 81    -0.00098425    -0.00281384     0.00226481     0.00134264     0.00053167    -0.00005281
 82     0.00643239     0.00073030     0.00526492    -0.00439708    -0.00049427    -0.00682996
 83    -0.00959141    -0.00446514     0.00443571     0.00212888     0.00014592     0.00248195
 84     0.00660458     0.00254935    -0.00578329     0.00149278    -0.00014650     0.00303800
 85     0.00463797    -0.01192176     0.00756190     0.00074589    -0.00124620     0.00101542
 86    -0.00664599     0.00357332    -0.00861447    -0.00033820     0.00051441    -0.00045971
 87     0.00335835     0.00986824     0.00057479    -0.00045460     0.00067514    -0.00061988
 88     0.00165012    -0.00359409     0.00323693    -0.00167426    -0.00115777    -0.00143812
 89    -0.00021572    -0.00202863     0.00137117     0.00079548     0.00067417     0.00084329
 90    -0.00159367     0.00147028    -0.00575152     0.00093028     0.00068464     0.00065551
 91    -0.00145949     0.00231403     0.00067468     0.00251943     0.00207982     0.00166356
 92     0.00198494     0.00035039     0.00211177    -0.00119679    -0.00127366    -0.00102395
 93    -0.00080599    -0.00283915    -0.00083795    -0.00098033    -0.00085314    -0.00065846
 94     0.00377242    -0.01110317     0.00706278    -0.00141802    -0.00226852    -0.00058749
 95    -0.00664722     0.01914501    -0.01189011     0.00088144     0.00115657     0.00039428
 96     0.00181711    -0.00682650     0.00224360     0.00073691     0.00109089     0.00015017
 97    -0.01114240     0.00111080     0.00921209     0.00522778     0.00109005    -0.00208682
 98     0.00248967    -0.00675221    -0.00088780    -0.00291222    -0.00010391     0.00114134
 99     0.00764620     0.00253445    -0.00809589    -0.00196952    -0.00041746     0.00093468
100    -0.01187492     0.01969791     0.00025831    -0.00151476    -0.00262744     0.00161863
101     0.00958299    -0.01697580     0.00116847     0.00100071     0.00126772    -0.00086316
102     0.00351593    -0.00204147    -0.00003029     0.00081832     0.00172990    -0.00099856
103     0.00690885     0.00258132     0.02467615    -0.00159535    -0.00220938    -0.00208187
104     0.00420262    -0.00352537    -0.01345516     0.00060330     0.00099888     0.00108348
105    -0.00997680    -0.00097174    -0.00797214     0.00090332     0.00149947     0.00122190
106     0.01218066     0.00644446     0.00485233     0.00232102    -0.00374333     0.00114677
107    -0.00838703    -0.00370039    -0.00503095    -0.00110276     0.00145317    -0.00058716
108    -0.00101147    -0.00378499     0.00114847    -0.00102470     0.00205621    -0.00088406
109     0.00367500    -0.00193794    -0.00594354     0.00267672    -0.00098473     0.00163956
110    -0.00514274     0.00254887     0.00231856    -0.00162548     0.00061208    -0.00113647
111     0.00014162     0.00182410     0.00141389    -0.00140454     0.00032774    -0.00072992
112     0.00318831    -0.01437110     0.01530255    -0.00058866    -0.00166323    -0.00198401
113    -0.00923465     0.01192892    -0.00769180     0.00021132     0.00091432     0.00090385
114     0.00542068     0.00248234    -0.00684322     0.00019943     0.00075402     0.00106521
115     0.00557178     0.00338173    -0.00345569    -0.00022255    -0.00220360    -0.00149702
116    -0.01089909    -0.00181877     0.00000097     0.00022707     0.00104550     0.00066208
117     0.00448590    -0.00072649     0.00318705     0.00003636     0.00119315     0.00065505
118     0.00686047    -0.00633889     0.01695233    -0.00179942     0.00202170     0.00522934
119    -0.00409777     0.00259226    -0.00834024     0.00041671    -0.00091650    -0.00241716
120    -0.00081745     0.00566343    -0.00837279     0.00089910    -0.00056324    -0.00224683
121     0.01625869    -0.00841404     0.02331241     0.00130149     0.00355537    -0.00799913
122    -0.01189781     0.00533521    -0.01206907    -0.00168912    -0.00214105     0.00412437
123    -0.00108642    -0.00002896    -0.00927628    -0.00058521    -0.00102175     0.00474796
124     0.01352297     0.01614229     0.01185420    -0.00337378    -0.00004637     0.00002002
125    -0.00950347    -0.00817919    -0.01049993     0.00177296    -0.00011001    -0.00018754
126    -0.00540651    -0.00686580     0.00444281     0.00159801     0.00019736    -0.00008305
127     0.01004637     0.02843482    -0.00059582    -0.01365208    -0.00616572    -0.01080474
128    -0.00559248    -0.01292421     0.00665085     0.00841866     0.00053732     0.00514482
129    -0.00257413    -0.01303613    -0.00514176     0.00429594     0.00151569     0.00482210
130     0.01190348    -0.00729337    -0.00530772    -0.00021890    -0.00155398     0.00115512
131    -0.00701525     0.00157419     0.00201359     0.00019242     0.00081179    -0.00067076
132    -0.00312647     0.00040598     0.00200492     0.00009688     0.00064438    -0.00050289
133     0.01182123    -0.00092656    -0.00064244     0.00510610     0.00133564     0.00570988
134    -0.00340291     0.00580670    -0.00658562    -0.00308256    -0.00158822    -0.00359662
135    -0.00623285    -0.00324402     0.00664480    -0.00248171    -0.00066323    -0.00203735
136    -0.00460009     0.00488731     0.00606728     0.00253169    -0.00307106    -0.00033674
137    -0.00124823    -0.00250939     0.00203770    -0.00102916     0.00155828     0.00030381
138     0.00525854    -0.00145675    -0.00693942    -0.00128803     0.00173507    -0.00008147
139    -0.00501343     0.00460018    -0.00102060     0.00641987    -0.00587277     0.00344416
140     0.00347681    -0.00626382     0.00232898    -0.00403823     0.00471473    -0.00209786
141     0.00028617     0.00222225    -0.00069230    -0.00218580     0.00257295    -0.00112998
142    -0.00616252     0.02537897    -0.00782199     0.00304163    -0.00077731    -0.00045057
143     0.00933610    -0.00616737     0.00179189    -0.00188016     0.00046567     0.00040633
144    -0.00348178    -0.02070226     0.00256360    -0.00141397     0.00053515     0.00018036
145    -0.00781272     0.01648564     0.00168310    -0.00118543    -0.00538729     0.00261500
146     0.00894656    -0.01656937     0.00084701     0.00127954     0.00330027    -0.00155092
147    -0.00292766     0.00304352    -0.00135707     0.00045841     0.00253530    -0.00079312
148    -0.00586747    -0.00528478     0.00541148    -0.00452665     0.00223182    -0.00072220
149     0.00613595     0.00652072    -0.00201736     0.00210711    -0.00071620     0.00032990
150    -0.00003019    -0.00162324    -0.00721468     0.00259929    -0.00132228     0.00081629
151    -0.00704910    -0.00351697    -0.00294172     0.00256232    -0.00162683    -0.00021094
152     0.00877269     0.00186908     0.00106850    -0.00133527     0.00106101     0.00015425
153    -0.00119679     0.00008688     0.00060398    -0.00126654     0.00078640    -0.00006819
154    -0.00688502    -0.00241305     0.00609644    -0.00373526     0.00211997     0.00105109
155    -0.00687988    -0.00027530    -0.01192733     0.00202377    -0.00111955    -0.00023363
156     0.01502058     0.00478499     0.00772397     0.00213776    -0.00149392    -0.00078543
157    -0.00005326    -0.00964398    -0.01162129     0.00168665    -0.00186310     0.00102958
158    -0.00160685     0.00439695     0.01025677    -0.00078833     0.00088380    -0.00064380
159     0.00098095     0.00681894    -0.00154559    -0.00067634     0.00087087    -0.00040924
160    -0.01222385    -0.00524285     0.00771049     0.01614745    -0.00240337    -0.00788157
161     0.00195755    -0.00087348    -0.00039365    -0.00510097     0.00107988     0.00232028
162     0.00622529     0.00213965    -0.00196447    -0.00921129     0.00111571     0.00142492
163    -0.00424788    -0.00322677     0.01253028     0.00151038    -0.00081918     0.00148891
164     0.00172961    -0.00303355     0.00001119    -0.00074104     0.00035729    -0.00086114
165     0.00394126     0.00511907    -0.01054183    -0.00092707     0.00042584    -0.00076699
166    -0.00613636     0.01358950    -0.02691419     0.00402623     0.00118709     0.00214413
167     0.00332454    -0.01084280    -0.00161335    -0.00173916    -0.00082433    -0.00101794
168     0.00201391     0.00045924     0.02428311    -0.00242653    -0.00069307    -0.00086782
169     0.03049600    -0.00074237     0.00712737    -0.00826943    -0.00273800     0.00569173
170    -0.00282049     0.00276227    -0.00503829     0.00278313     0.00130317    -0.00268603
171    -0.02727514     0.00112416    -0.00106446     0.00341177     0.00090484    -0.00173224
172    -0.00898843    -0.01675237    -0.00069626     0.00263446    -0.00164394     0.00078335
173     0.00315463     0.00723909     0.00969153    -0.00136455     0.00070716    -0.00054161
174     0.00511475     0.01192475    -0.00590222    -0.00112281     0.00087908    -0.00043296
175     0.03085497    -0.01216978     0.00664207    -0.00253349    -0.00144179    -0.00037423
176    -0.01412265     0.00620597    -0.00892967     0.00138360     0.00089524     0.00006066
177    -0.01382684     0.00597367     0.00323691     0.00125433     0.00084248     0.00033499
178     0.01563396     0.02035056    -0.00044238    -0.00327638    -0.00276355     0.00039426
179    -0.00303351    -0.00603583    -0.01010806     0.00166690     0.00136894    -0.00051384
180    -0.01222079    -0.01126728     0.00755938     0.00218442     0.00182601    -0.00007466
181     0.00248743    -0.00894602     0.02044142     0.00003041    -0.00132519    -0.00236306
182     0.00564808     0.00363302    -0.00166818    -0.00012012     0.00056453     0.00121591
183    -0.00701754     0.00752998    -0.01644565    -0.00008716     0.00085331     0.00123558
184     0.00385413     0.00291663    -0.00651760    -0.00093400    -0.00316714     0.00398043
185    -0.00210813    -0.00326907    -0.00595553     0.00051116     0.00201424    -0.00185039
186    -0.00234592     0.00093593     0.00631403     0.00015494     0.00131632    -0.00167101
187     0.00082143    -0.00917913    -0.00513687     0.00432895    -0.00176798     0.00417931
188    -0.00006220     0.00329473     0.00035282    -0.00253685     0.00045419    -0.00252490
189     0.00077110     0.00155229     0.00370913    -0.00279063     0.00151154    -0.00222916
190    -0.01119147     0.01321034    -0.00400276     0.00122213     0.00495852     0.00157471
191     0.00777903    -0.00885195    -0.00721249    -0.00106547    -0.00307772    -0.00071533
192     0.00404358    -0.00709668     0.01251946    -0.00037309    -0.00221694    -0.00043459
193    -0.01525975    -0.00350833    -0.00894535     0.00852051     0.00942722     0.00955496
194     0.00895504     0.00338515     0.00180491    -0.00224071    -0.00512361    -0.00580560
195     0.00463576     0.00240187     0.00700557    -0.00373718    -0.00539893    -0.00281616
196    -0.01918605    -0.00358099     0.00240511     0.00313238    -0.00003582     0.00018056
197     0.00274059     0.00246118     0.00341117    -0.00160250     0.00017180     0.00002683
198     0.01906736     0.00323954    -0.00339450    -0.00128431    -0.00002893    -0.00005030
199     0.00703671     0.00028352     0.00012623    -0.00110228    -0.00252165     0.00058676
200    -0.00373477    -0.00172810     0.00409205     0.00048828     0.00149448    -0.00027952
201     0.00056022    -0.00150307    -0.00368235     0.00059546     0.00127226    -0.00046519
202    -0.00870264     0.01182508     0.01497366     0.00498330     0.00123648     0.00028461
203     0.00649594    -0.00687381    -0.00189562    -0.00211144    -0.00029310    -0.00013531
204    -0.00125829    -0.00209953    -0.01138511    -0.00275958    -0.00067067     0.00025932
205    -0.01299506     0.00560179    -0.00080999    -0.00271777    -0.00212435     0.00166135
206     0.01485574    -0.00351128     0.00186527     0.00125258     0.00079461    -0.00065460
207    -0.00105232    -0.00169349     0.00159336     0.00148629     0.00104720    -0.00115345
208    -0.00522358     0.00963155     0.02086632    -0.00019405    -0.00179816     0.00069848
209    -0.00300830    -0.01098558    -0.01212736     0.00010741     0.00088268    -0.00044305
210     0.00712674     0.00145697    -0.00818284     0.00002948     0.00102271    -0.00036478
211    -0.00527275     0.00152819     0.00144828     0.00126216    -0.00316216    -0.00089360
212     0.00010517    -0.00243280    -0.00168119    -0.00040973     0.00157851     0.00048419
213     0.00436240     0.00095485    -0.00492698    -0.00068190     0.00142751     0.00059576
214    -0.01074128     0.00315341    -0.00392743     0.00136447    -0.00184783    -0.00259441
215     0.01220975     0.00726293    -0.00066985    -0.00051020     0.00107679     0.00132744
216     0.00128026    -0.00730697     0.00721837    -0.00059732     0.00072764     0.00135413
217     0.00273808    -0.00901558    -0.00282088    -0.00001729    -0.00028221     0.00246511
218    -0.00482775     0.00768711     0.00084421     0.00005213     0.00001760    -0.00126164
219     0.00364405    -0.00255734     0.00094797    -0.00011970     0.00012902    -0.00120412
220    -0.00088090     0.02030122     0.00027026     0.00555745    -0.00157837    -0.00209055
221    -0.00149489    -0.01117988    -0.00715476    -0.00236910     0.00103529     0.00123166
222     0.00236546    -0.00321811     0.00505742    -0.00300584     0.00107751     0.00062502
223     0.02151995    -0.00182165     0.00510948    -0.01670939     0.00879712    -0.00569127
224    -0.00963778     0.00030434    -0.00130616     0.00512027    -0.00291417     0.00266231
225    -0.00861181     0.00355419    -0.00102266     0.00670142    -0.00715833     0.00287635
226     0.01147229     0.00251531    -0.01770042    -0.00226061     0.00136169     0.00159700
227    -0.00125104     0.00188999     0.01596354     0.00134272    -0.00080135    -0.00072282
228    -0.01000641    -0.00341172     0.00182152     0.00112453    -0.00085521    -0.00098438
229    -0.00255466    -0.01416959    -0.00609814     0.00136998    -0.00209469    -0.00146907
230     0.00291814     0.00383138     0.01014076    -0.00051711     0.00087691     0.00062764
231    -0.00207421     0.01016714    -0.00264241    -0.00071554     0.00105963     0.00094638
232    -0.00082907     0.00590061     0.01781848    -0.00147209     0.00716811    -0.00327311
233    -0.00388333     0.00461079    -0.00663086     0.00093299    -0.00528129     0.00181518
234     0.00491762    -0.00246914    -0.00850329     0.00078725    -0.00299075     0.00093312
235    -0.00072342     0.01486734     0.02048309    -0.00024115    -0.00153140     0.00024708
236     0.00426739    -0.00273499    -0.00236885     0.00018870     0.00076528    -0.00011652
237    -0.00406687    -0.00991354    -0.01524471     0.00011396     0.00080523    -0.00019755
238     0.01754869     0.00286526    -0.00124301    -0.00122060    -0.00079901     0.00245349
239    -0.00317552     0.00264439    -0.00250768     0.00044678     0.00035582    -0.00104504
240    -0.01530562    -0.00495072     0.00128005     0.00057618     0.00043083    -0.00150506
241    -0.00570298     0.00065745    -0.00002848    -0.00073451    -0.00161895     0.00157177
242    -0.00127715    -0.00189098     0.00279783     0.00048694     0.00099702    -0.00084760
243     0.00242134     0.00142669    -0.00447308     0.00040242     0.00068457    -0.00068695
244    -0.01230491     0.00440206    -0.00082993    -0.00063880    -0.00153298    -0.00435256
245     0.00398124    -0.00347478    -0.00203933     0.00018995     0.00071402     0.00170116
246     0.00577383    -0.00207542     0.00275728     0.00051498     0.00051399     0.00199703
247    -0.00723397    -0.00712322    -0.01106549    -0.00355367     0.00431968    -0.00030782
248     0.00206648     0.00241266     0.00523715     0.00210403    -0.00245698    -0.00029044
249     0.00570177     0.00778499     0.00292499     0.00197727    -0.00179480     0.00030770
250    -0.00900765    -0.00755987    -0.00401008     0.00158825     0.00293205     0.00231298
251     0.00082145     0.00285202     0.00749816    -0.00080126    -0.00184956    -0.00110834
252     0.00728603     0.00486765    -0.00604288    -0.00060287    -0.00143638    -0.00136525
253     0.00145841     0.00525301     0.00531172    -0.00152052    -0.00121255     0.00029659
254    -0.00844651    -0.00173147    -0.00512745     0.00070627     0.00053923    -0.00007143
255     0.01092498    -0.00344131    -0.00091603     0.00078251     0.00073465    -0.00013633
256     0.00288426     0.00571604     0.00509352     0.00008591    -0.00185422     0.00013862
257    -0.00074971    -0.00339561    -0.00356255    -0.00008172     0.00102312    -0.00015060
258    -0.00494740    -0.00471075    -0.00237602     0.00002686     0.00086317    -0.00009159
259    -0.00843907    -0.00609166    -0.01756355     0.00323125    -0.00250465    -0.00259507
260    -0.00398625     0.00504055    -0.00017678    -0.00130225     0.00112442     0.00092890
261     0.00986162     0.00013408     0.01628739    -0.00130087     0.00114980     0.00146728
262     0.00227554    -0.00725113    -0.00125362    -0.00071236     0.00274558     0.00049286
263    -0.00114303     0.01066212    -0.00760174     0.00038448    -0.00145527    -0.00043840
264     0.00024085    -0.00102591     0.00412262     0.00033853    -0.00111736    -0.00020710
265    -0.00344695    -0.00954063    -0.00843240    -0.00041710    -0.00057857     0.00190270
266    -0.00335939    -0.00300607     0.00298202     0.00020445     0.00040457    -0.00099189
267     0.00776655     0.01024583     0.00473458     0.00013896     0.00025367    -0.00102949
268    -0.00317381    -0.00693723     0.00098852    -0.00267694     0.00444768    -0.00579714
269     0.00275507     0.00108946    -0.00409647     0.00079844    -0.00238166     0.00368077
270     0.00087166     0.00278213    -0.00086333     0.00120930    -0.00277336     0.00242080
271    -0.00595462     0.00683035    -0.02996933     0.00510617     0.00881973     0.00051087
272     0.00395123    -0.00754766     0.02844888    -0.00205813    -0.00389281     0.00066847
273    -0.00142284    -0.00104965    -0.00242599    -0.00254017    -0.00307761    -0.00038151
274    -0.00569993     0.00107587     0.00573304     0.00102829    -0.00111836    -0.00816084
275     0.00359584     0.00556221    -0.00349224     0.00001511     0.00081156     0.00337114
276     0.00052477    -0.00353239    -0.00318464    -0.00096787     0.00135055     0.00557620
277     0.00566113     0.01589682     0.00979515    -0.00192524    -0.00102728     0.00075076
278    -0.00077167     0.00042172    -0.00049787     0.00083691     0.00047189    -0.00042469
279    -0.00279380    -0.01710631    -0.00865491     0.00089152     0.00056664    -0.00029089
280     0.01151887     0.02283641     0.00760398     0.00087069    -0.00382308     0.00027576
281     0.00301747    -0.00330153    -0.00357429    -0.00049315     0.00184650     0.00010348
282    -0.00993574    -0.02048382    -0.00621487    -0.00073448     0.00214519    -0.00030455
283    -0.01081533    -0.01237052     0.00678173     0.00029670    -0.00240023     0.00068649
284     0.00799254     0.00404805     0.00291015    -0.00022993     0.00110995    -0.00040548
285     0.00594387     0.00986650    -0.00738881    -0.00022327     0.00143044    -0.00030482
286     0.00058864     0.01185305     0.00733899    -0.00218762    -0.00058682    -0.00158540
287    -0.00201899     0.00152893    -0.00235236     0.00113953     0.00032210     0.00065012
288     0.00095282    -0.00625523    -0.00211370     0.00097533     0.00039824     0.00079418
289     0.00072685    -0.00520746    -0.00565240    -0.00073259     0.00297606     0.00153435
290    -0.00339736     0.00563380     0.00204297     0.00042738    -0.00195714    -0.00101532
291    -0.00116201     0.00111822     0.01018638     0.00032893    -0.00129608    -0.00087233
292    -0.01647255     0.00353825     0.00093600     0.00040379     0.00257831     0.00313729
293     0.00360897    -0.00267161     0.00090831    -0.00019152    -0.00106796    -0.00173103
294     0.01252025     0.00038149    -0.00262852     0.00004939    -0.00125243    -0.00141803
295     0.01160192     0.01268082     0.00091811    -0.00092050    -0.00337654    -0.00081548
296    -0.01072204    -0.00956532     0.00223290     0.00058681     0.00147202     0.00034415
297     0.00413532     0.00014709    -0.00079621     0.00060213     0.00199055     0.00068649
298     0.00902069    -0.00382878    -0.00008084    -0.00076674    -0.00078012     0.00400288
299    -0.00453707     0.00345652    -0.00127729     0.00017199     0.00031298    -0.00166669
300    -0.00643083     0.00241493     0.00447241     0.00026001     0.00061975    -0.00252088
301     0.00181432     0.01576101     0.00743593    -0.00125798    -0.00034476    -0.00313384
302    -0.00053784    -0.00307342    -0.00234275     0.00072023     0.00015635     0.00135053
303    -0.00027265    -0.01114664    -0.00332484     0.00066647    -0.00003361     0.00173142
304    -0.00813502     0.01004389    -0.00586942    -0.00163061    -0.00209722     0.00015669
305     0.00540730    -0.00598103     0.00467726     0.00073203     0.00114876    -0.00016132
306    -0.00611995    -0.00570367     0.00210919     0.00107679     0.00122368    -0.00010117
307    -0.00800489    -0.00383140     0.00293408     0.00064982    -0.00021322     0.00227868
308     0.00247587    -0.00679312     0.00381381    -0.00037691     0.00018933    -0.00106193
309     0.00246657     0.01051744    -0.00230596    -0.00044214     0.00003048    -0.00126217
310    -0.00416857     0.00715559     0.00250803     0.00543524    -0.00667969    -0.00236552
311     0.00174563    -0.00230646    -0.00383524    -0.00253577     0.00262777     0.00170408
312    -0.00012922    -0.00259107     0.00163925    -0.00210344     0.00244877     0.00058912
313     0.00218820    -0.01042021    -0.00378522    -0.00153857     0.00109436    -0.00432497
314     0.00116807     0.00610420     0.00082409     0.00099649    -0.00097004     0.00239643
315    -0.00358632     0.00292054     0.00070357     0.00041830    -0.00054972     0.00212285
316     0.00148414     0.00591779     0.00719616    -0.00099905    -0.00117957     0.00109585
317    -0.00145201    -0.00637122    -0.00711923     0.00050216     0.00063381    -0.00047474
318    -0.00182154     0.00073269    -0.00002672     0.00058095     0.00054692    -0.00055897
319    -0.00240244     0.00946370     0.02127765     0.00014365     0.00363728     0.00015693
320    -0.00926418    -0.00425261    -0.01261565     0.00004713    -0.00206608     0.00011060
321     0.00950415    -0.00519150    -0.00800922     0.00008354    -0.00161046    -0.00016924
322     0.00475645    -0.00367777    -0.00834737     0.00302315    -0.00010067     0.00121507
323     0.00032251    -0.00386990     0.00480171    -0.00158613     0.00003515    -0.00042419
324    -0.00439264     0.00529174     0.00353129    -0.00168256    -0.00012221    -0.00076955
325     0.00224406    -0.01458209     0.00491535     0.00073551    -0.00084928    -0.00264771
326    -0.00357090     0.00739325    -0.00243364    -0.00039930     0.00033994     0.00157346
327     0.00157014     0.00218958    -0.00370540    -0.00032744     0.00030405     0.00110211
328     0.00419807     0.00831079    -0.00721839    -0.00162964    -0.00073144     0.00169321
329    -0.00120295    -0.01168844     0.01322641     0.00099518     0.00030818    -0.00094131
330    -0.00459655     0.00195986    -0.00230745     0.00074399     0.00038169    -0.00096866
331     0.02571299     0.01069310     0.00942786    -0.00449572    -0.00068339    -0.00127142
332    -0.00688520    -0.00078919    -0.00169801     0.00215347     0.00017175     0.00033492
333    -0.01833981    -0.00994448    -0.00896669     0.00175648     0.00036632     0.00058546
334     0.00538298     0.01155227     0.00698240    -0.00591847    -0.00362694    -0.00209594
335    -0.00571797    -0.00582257    -0.00470806     0.00414408     0.00253149     0.00180877
336    -0.00205097    -0.00662808    -0.00278271     0.00295549     0.00115143     0.00088614
337     0.02329151    -0.00587139     0.00903489    -0.00230208    -0.00070975    -0.00080565
338    -0.00930925     0.00680670    -0.01078373     0.00121937     0.00048193     0.00033073
339    -0.01280584    -0.00072272     0.00364123     0.00100818     0.00025740     0.00030644
340    -0.00881727     0.00485213     0.00948472     0.00069863    -0.00185545     0.00095381
341    -0.00196397    -0.00560718    -0.00062950    -0.00037106     0.00081002    -0.00050651
342     0.01039150    -0.00362289    -0.00907932    -0.00041283     0.00093101    -0.00039009
343    -0.01311643     0.01319168     0.00264539     0.00429753     0.00341843     0.00081815
344    -0.00087317    -0.00281796    -0.00045924    -0.00172490    -0.00139337    -0.00058776
345     0.01258578    -0.01192443    -0.00274041    -0.00237427    -0.00136614    -0.00026626
346    -0.01142984     0.00179609    -0.00827724    -0.00058782    -0.00417097     0.00041914
347    -0.00040242    -0.00022485     0.00532027     0.00037316     0.00198509     0.00005740
348     0.00715048    -0.00394114     0.00198573    -0.00000022     0.00212362    -0.00018356
349     0.00940167    -0.00729746     0.00098193    -0.00435969    -0.00080166     0.00168506
350    -0.00693735     0.00174115     0.00042732     0.00215895     0.00006907    -0.00074807
351    -0.00255057     0.00428578     0.00155132     0.00191250     0.00049013    -0.00053469
352     0.00199481    -0.00223155    -0.00790094    -0.00343469     0.00058884     0.00109380
353     0.00019565     0.00211948     0.00108106     0.00141840    -0.00025742    -0.00060429
354    -0.00323991    -0.00174113     0.00341499     0.00183893    -0.00056546    -0.00055926
355    -0.02075076    -0.01318686    -0.00663565     0.01855675    -0.00071786     0.00700051
356     0.00760075     0.01006134     0.00739494    -0.00834757    -0.00241366    -0.00411906
357     0.01215211     0.00149349     0.00262313    -0.00789141     0.00216314    -0.00552061
358     0.00363328     0.00506448     0.00447006    -0.00202485    -0.00502145    -0.00288373
359    -0.00457075    -0.00674163    -0.00940644     0.00147561     0.00353503     0.00156845
360    -0.00259970    -0.00256379     0.00306545     0.00076211     0.00254961     0.00196885
361     0.00504834     0.00299179     0.00276131    -0.00063253    -0.00154666     0.00023629
362    -0.00316369    -0.00638798    -0.00256833     0.00038489     0.00091490    -0.00016825
363    -0.00075137     0.00286284    -0.00042425     0.00035186     0.00070624    -0.00008862
364     0.00019254     0.01876446     0.01096848     0.00010797    -0.00188482    -0.00031171
365    -0.00209855    -0.01173493     0.00250545    -0.00003273     0.00079780     0.00014785
366     0.00340738    -0.00665524    -0.01636300    -0.00004702     0.00096864     0.00006703
367     0.01592470    -0.00506789    -0.00316024     0.00172484    -0.00195213     0.00359844
368    -0.00393665    -0.00066990     0.00380319    -0.00128243     0.00101764    -0.00191182
369    -0.01076802     0.00421341     0.00106752    -0.00080014     0.00113915    -0.00234226
370    -0.00316090    -0.02193166     0.00220465    -0.00039198    -0.00468189    -0.00561071
371    -0.00451386     0.00598792    -0.01189382     0.00035015     0.00168241     0.00280129
372     0.00853987     0.01579386     0.00961538    -0.00012424     0.00325906     0.00398249
373    -0.00240849     0.00463561     0.00099271    -0.00470652     0.00533227     0.00274211
374     0.00613810     0.00939792     0.00173806     0.00183326    -0.00318187    -0.00157117
375    -0.00251469    -0.01497480     0.00140350     0.00356921    -0.00320467    -0.00202803
376    -0.01711078    -0.01855588    -0.00692795     0.00170491     0.00041207     0.00567951
377     0.00473119    -0.00068343    -0.00082515    -0.00149216    -0.00041402    -0.00324392
378     0.01276440     0.01584368     0.00707988    -0.00071424     0.00023596    -0.00332799
379     0.00299865     0.00577880     0.00294136     0.00028111    -0.00217644     0.00155909
380    -0.00383748    -0.00130793    -0.00036225    -0.00022463     0.00100731    -0.00064746
381     0.00198770     0.00020538    -0.00442013    -0.00003050     0.00094445    -0.00068330
382     0.00064709    -0.01548487     0.00457230     0.00260550     0.00593171    -0.00306188
383    -0.00542667     0.01311190     0.00287084    -0.00188599    -0.00299845     0.00223250
384     0.00227507    -0.00010800    -0.00519405    -0.00069307    -0.00326958     0.00171509
385    -0.00352663    -0.00181646     0.00446939     0.00568357    -0.00244838     0.00037497
386     0.00588747    -0.00382399     0.00264295    -0.00355410     0.00181368    -0.00064691
387    -0.00312516     0.00263217    -0.00251115    -0.00214410     0.00104842    -0.00030543
388    -0.00428898     0.00723671     0.00162933     0.00027038    -0.00193842     0.00252982
389     0.00192043    -0.01113140    -0.00446916    -0.00014928     0.00102831    -0.00107151
390     0.00557304     0.00403873     0.00123511    -0.00033135     0.00096278    -0.00137291
391     0.00941992     0.00869238    -0.00368106    -0.00250686    -0.00227446    -0.00128067
392    -0.00259062    -0.00099520     0.00225054     0.00111018     0.00115385     0.00081923
393    -0.00631864    -0.00815712    -0.00011363     0.00171517     0.00139944     0.00080356
394    -0.00057552     0.00114897     0.00427914     0.00118837    -0.00426958     0.00253370
395    -0.00632373    -0.00026865    -0.00233084    -0.00031065     0.00264132    -0.00146457
396     0.00195553    -0.00348656     0.00169991    -0.00035837     0.00164961    -0.00107080
397    -0.00731980     0.04805527    -0.00982761     0.00814718    -0.02094159     0.00178002
398     0.00645558    -0.03291411     0.00829252    -0.00585471     0.01127231     0.00031310
399     0.00797678    -0.01309433    -0.00350294    -0.00385364     0.00685298     0.00092808
400     0.00700044    -0.00338986    -0.01322417    -0.00250145     0.00830299     0.01206674
401    -0.00395582     0.00164986     0.00345985     0.00112729    -0.00226486    -0.00449567
402    -0.00669664     0.00030653     0.00683623     0.00362411    -0.00456196    -0.00642351
403     0.01546494    -0.00346459    -0.01226036    -0.00210371     0.00046999     0.00135511
404    -0.01153409     0.00477289     0.01267342     0.00085568    -0.00020030    -0.00058737
405    -0.00520221    -0.00199218     0.00026054     0.00109959    -0.00039053    -0.00075314
406     0.00566347     0.00384875    -0.00744676    -0.00393937    -0.00002833    -0.00294362
407    -0.00266464    -0.00170272    -0.00471308     0.00153996     0.00014253     0.00118046
408    -0.00642968    -0.00313220     0.01003816     0.00235809     0.00012830     0.00130846
409     0.00186104    -0.00853682    -0.01597535    -0.00068157     0.00205493     0.00217829
410     0.00216303     0.00645304     0.00610478     0.00056808    -0.00113895    -0.00123476
411    -0.00429044     0.00155946     0.00933310     0.00030628    -0.00080062    -0.00096932
412    -0.00480310     0.00996932     0.00797268     0.00070402    -0.00009605    -0.00374001
413     0.00430784    -0.00275346    -0.00717823    -0.00023907    -0.00017378     0.00184724
414     0.00383237    -0.00512954    -0.00419928    -0.00045289     0.00014565     0.00248486
415    -0.00684285     0.00564160     0.01108760    -0.00040698    -0.00126280     0.00203473
416     0.00789872    -0.00012518    -0.00277476     0.00010344     0.00074100    -0.00110416
417     0.00060746    -0.00033091    -0.00366192     0.00027544     0.00069146    -0.00093138
