 Number of water molecules:
         190

 Atomic and electronic energies:
    -3.06677060    -0.11010762

 Atomic coordinates:
  1    -9.22059032    14.85714133    -8.23950532
  2    -8.48230260    15.06489282    -6.43130292
  3   -10.07243773    13.11989959    -8.37138703
  4     8.45439107     6.97366469    12.30695633
  5    10.14831681     6.35870873    11.53121007
  6     7.58775372     8.00055835    11.02362768
  7    -6.33231234     8.04253779     7.98558346
  8    -5.24839758     6.47532101     8.33178989
  9    -6.12134639     8.30412032     6.04373740
 10    15.04299767    -7.06889086    -9.28209627
 11    16.42021609    -8.42172230    -9.28045662
 12    14.93558353    -6.57477606    -7.39359209
 13     1.53353950     6.23036454    10.59374531
 14     2.25321802     5.89823933    12.30950663
 15     2.98913539     5.60432254     9.43780339
 16   -10.38695923     9.25937114    -8.21019283
 17   -11.63031913     8.09142489    -9.14353389
 18    -8.72214091     8.69864914    -8.85930911
 19     4.07641266     3.47205187   -20.44619798
 20     5.14370070     2.00803602   -21.03639666
 21     2.39068500     3.31098502   -21.37565237
 22   -18.07641257    11.27512337     1.31771738
 23   -16.56503008    12.06595676     2.23673744
 24   -18.35749127     9.49334023     2.09378643
 25     8.80598925     6.87020094   -13.23289706
 26     7.49369055     5.97124381   -14.33642067
 27     8.03575805     6.68298588   -11.43397206
 28    -6.66820537   -11.36064718    -9.85736488
 29    -6.18911700    -9.48810346    -9.46677132
 30    -8.32877380   -11.84712227    -8.92749414
 31   -12.61369523     2.67848914     6.51643164
 32   -13.49624635     4.33897691     7.02701660
 33   -12.62702765     2.53985102     4.62512889
 34    -2.07441863     8.50391522   -14.10238286
 35    -0.52309831     7.77586124   -13.27261713
 36    -2.09307758    10.37397205   -13.78482374
 37     6.95082697     6.31008658    -8.38956137
 38     8.47610454     6.77851710    -7.28089028
 39     6.18470725     4.78887326    -7.51401992
 40     3.63579288    -4.92438060   -11.47227667
 41     2.04855029    -3.94691944   -11.03315087
 42     2.94114767    -6.52230467   -12.18575271
 43    -3.73513363     4.25044102     0.18766574
 44    -3.92757674     4.87162377    -1.66907418
 45    -5.15571903     2.99653919     0.48173021
 46     6.67973076    -0.38101137    11.71414539
 47     6.88825402    -1.13604050     9.88653915
 48     6.39355403     1.47382805    11.41424194
 49     2.11853211     7.77632235    -2.59545284
 50     3.15676917     6.34402708    -1.86743063
 51     3.33511375     9.22831296    -3.02832087
 52     5.67214739    -7.51624341    15.75537553
 53     7.44288668    -7.58438711    15.13027686
 54     4.72767360    -6.30266008    14.73622988
 55   -15.31639417    -8.81470126    -4.58368672
 56   -16.45334887    -9.59386044    -3.21329858
 57   -14.28484171   -10.25286229    -5.36194161
 58    -9.78674923     6.63713453    14.08013606
 59    -9.19245771     5.48261136    15.51295307
 60    -9.98314425     5.42707410    12.63029332
 61    11.39742498    -4.60459527     8.87778068
 62     9.68148713    -4.06705238     8.15236368
 63    12.54964699    -3.09865063     9.15347704
 64   -14.46580091    -5.53768340     9.70776886
 65   -15.50809563    -5.30312352     8.11922933
 66   -13.60333768    -3.85821217     9.87494365
 67    11.36280888   -15.48682644     3.16220895
 68     9.68838173   -16.17616286     2.50604055
 69    12.42406409   -15.26824351     1.61206698
 70     0.97092337     1.64263807    -8.94227463
 71     2.55256021     1.61934678    -7.92022029
 72    -0.49435093     1.73465634    -7.66950957
 73     0.40713905     1.97713005     2.07402431
 74     0.93900548     0.46960711     1.04603656
 75    -1.41530029     2.37243275     1.46899573
 76    -2.07356890   -12.72690129   -11.98328865
 77    -3.90688072   -12.59245276   -11.51714361
 78    -1.58442250   -14.50925064   -11.49154744
 79    -2.21394674    -3.24493626    -4.79006815
 80    -0.78616170    -3.00088507    -3.53072202
 81    -2.56772873    -1.47539568    -5.33725283
 82     1.82766207     0.08268463     6.69234194
 83     1.12599818     0.58015669     4.92009276
 84     0.54531828    -1.11618965     7.39458800
 85    -4.20066036    -3.86071333     0.20316417
 86    -5.02882016    -2.19660740     0.73550985
 87    -3.28420839    -3.49892643    -1.48345760
 88    -1.60004550    11.69238204     2.66085568
 89    -1.00531867    10.15410508     3.75609039
 90     0.02589059    12.46208691     1.87700219
 91   -15.55438877    10.17185188    -3.27352700
 92   -16.63753390    10.98681581    -1.86921178
 93   -16.45435520    10.36160701    -4.93063003
 94     2.88243968   -12.51917218    -8.48884852
 95     1.62195856   -11.22908972    -9.13109390
 96     1.76927300   -14.06668511    -8.13871122
 97    -1.50707499    14.64921783    -4.69351772
 98    -0.55347265    13.00645845    -4.67191551
 99    -3.36947379    14.26543884    -4.24283276
100    -6.06233863    -2.15421162     6.39319268
101    -6.69463268    -1.38953780     8.07602967
102    -4.28520359    -2.99756940     6.62820858
103    -2.03538217     7.06257994    16.31475054
104    -0.62458141     8.33604974    16.44644450
105    -3.50815767     7.92186230    15.58216991
106    -7.54544891     3.83888563    17.44823829
107    -5.80986502     4.42284451    17.87204922
108    -7.52104931     1.90529867    17.54742408
109   -15.64842157    -2.15713551     1.83245389
110   -16.00052102    -3.70099456     2.87778716
111   -15.16416879    -2.84437831     0.10632271
112     2.19064897   -17.15642243    11.16208278
113     1.54651552   -16.45291964     9.49449065
114     1.53610288   -18.83606448    11.41785770
115    -6.63815719     1.96697788    -9.36950992
116    -7.45550359     1.16636158   -10.90613296
117    -6.76600609     3.90192158    -9.57252033
118     9.21500864   -12.28454892    11.55244524
119     7.84935859   -13.22745923    12.66764356
120     9.78817217   -10.79802049    12.56710848
121   -11.90899050    -6.45697013   -11.46147714
122   -12.83144993    -8.11170875   -11.62093918
123   -10.93434436    -6.52479106    -9.79334167
124   -18.86113305     0.33669404    -2.04351367
125   -18.26730402    -0.69010304    -0.55924272
126   -18.53942397     2.23392921    -1.89513799
127    10.54822370    13.25760503     2.95890583
128    10.34331055    13.02900523     4.84412726
129    10.83183407    15.13686622     2.71529624
130   -10.95844816   -11.23583831    -6.32066204
131   -10.47178529    -9.41157111    -6.66688159
132   -10.51241310   -11.32257597    -4.46827807
133    12.53107209     5.97315688    -7.10804290
134    12.12513145     4.17485645    -6.71015102
135    13.18848058     6.00900646    -8.87058878
136    -6.43825012    -8.85030239     5.11760824
137    -7.68823708    -7.73298623     4.17521121
138    -4.68152653    -8.29851449     4.50303714
139    -4.84904220    -6.44698304   -10.27571080
140    -4.86149193    -7.07897239   -12.06516930
141    -3.31279627    -5.28468205   -10.25917056
142    -6.31036578    10.03101488    15.18374779
143    -7.70247282     8.80336863    14.74834755
144    -6.97987649    10.97854316    16.68009959
145    -5.94833506   -12.72322090    14.06372102
146    -6.92348808   -14.32244057    13.68148105
147    -6.04282189   -11.57701711    12.51508894
148    -6.37209602    15.68383993   -12.38943918
149    -6.94070479    17.32460372   -13.10871371
150    -7.39725440    15.31263978   -10.81767358
151    -9.59288947     6.73191061   -14.90124709
152   -10.48331475     7.61158510   -16.33523298
153   -10.64781788     6.69453422   -13.28894675
154     2.38850059    10.23398327    16.50285130
155     2.08953480    10.90741701    14.66389260
156     3.64666331    11.50221082    17.30771160
157     7.62945955    -8.35801021     1.51191440
158     9.31010909    -8.23847703     2.42891265
159     6.37477186    -7.38625277     2.59852486
160    13.16624728     0.10899317     7.61415066
161    11.56428766    -0.05648335     6.57578366
162    14.51662574     1.00247762     6.55263895
163    -4.74639118    -7.69613309   -15.42144550
164    -3.11447555    -7.28982217   -16.36561598
165    -4.98692629    -9.53493163   -15.53688658
166    10.63831839    -2.19051270    14.79124567
167     9.87149069    -1.93729157    16.46635853
168     9.29682344    -1.69696451    13.50548961
169   -15.28474619    -1.50876608   -11.23221417
170   -15.09152538    -3.34469934   -11.63368414
171   -15.35513149    -1.32469099    -9.34049455
172    -2.06746280    13.12673581   -11.63262565
173    -0.70055003    14.21185777   -10.96460561
174    -3.72572115    14.14672491   -11.68036283
175   -18.22019523     1.54110733     4.45288805
176   -17.32724742    -0.04620014     3.66945378
177   -18.07178709     1.42806787     6.37845133
178   -17.07412642     6.45103378     3.40544541
179   -16.40555942     7.07449943     5.08551379
180   -17.94527097     4.85693831     3.84215174
181     1.88397186    -9.21994325   -13.99326624
182     1.06020541    -8.35808156   -15.49506184
183     0.44812849   -10.34785242   -13.31342084
184    -2.82029803     4.50196555     9.02121316
185    -1.16195382     5.14390321     9.72094548
186    -2.89735040     2.62206476     9.62533060
187     2.87176346     7.76787358   -11.83906315
188     4.23137069     7.09678876   -10.65262316
189     3.78343505     8.19761614   -13.49026618
190   -14.92316162     5.60054346    -1.00450418
191   -14.69319585     7.30790832    -1.87833292
192   -15.82341910     6.00577019     0.72222152
193    -2.87790715     1.80226800    -5.82917452
194    -2.70937407     3.46480593    -4.96188403
195    -4.37390663     1.94820771    -7.04249179
196    11.03293850    11.37766000   -10.71582515
197    10.33673367     9.86122217   -11.54506994
198    10.68895266    12.74567526   -12.00903340
199    14.80552600     6.41517923    13.38983111
200    14.55412060     4.51184073    13.19724600
201    14.92085250     6.82281085    15.23830353
202    -0.47986690   -10.64766575    10.19899238
203    -2.05495043    -9.90727084    10.90590552
204     0.54712209   -11.19644205    11.69116973
205     8.11691950     5.87972971     3.73745483
206     7.04472968     7.46029359     3.92571046
207     9.92421373     6.45714800     4.15835165
208     9.63307564    -7.28158821    -3.26615207
209     8.36028386    -8.38921571    -4.24909245
210     9.16939480    -7.58712721    -1.45360911
211    14.48635748     9.27044031     9.13251310
212    14.59398454     8.26307868    10.77909118
213    16.04496434    10.30388008     8.90885221
214     7.00484937    -2.02331660     0.81530277
215     5.67881708    -0.85274455     0.08306177
216     6.01019383    -3.43724653     1.81150579
217    16.18644457     0.87405690    -1.91581544
218    15.05459589     1.28315470    -3.47959005
219    15.19645318    -0.43026975    -0.91287791
220    10.17526730    12.26309779     7.75366452
221    11.52866542    10.97191950     8.34090309
222     8.49225789    11.71407513     8.50422083
223    -1.98429264    -7.51380421     3.04752997
224    -2.57483759    -5.99119677     2.02638526
225    -1.36921378    -8.74883472     1.66483919
226     9.81744488   -13.88493052    -6.29688421
227     8.86680058   -12.26179616    -6.03294562
228    11.03039732   -13.37150858    -7.67783068
229   -10.25268358    11.18707881    -3.51533468
230   -12.20474350    11.24486860    -3.35109247
231    -9.98812672    10.31574428    -5.23832785
232    14.69305611    -6.41701119    -4.27632649
233    12.89187573    -6.70860698    -3.85382155
234    15.39393137    -6.28542260    -2.51213858
235    -9.75772947    10.70981283     1.41564114
236    -9.93357707    10.71234950    -0.46611061
237    -8.13330424     9.81441346     1.81241377
238    11.85288271    -7.83180780     4.80759375
239    11.80030750    -6.69145833     6.42157031
240    12.43591045    -9.51066282     5.51427415
241    10.07911400    12.87010899    -5.80673145
242    10.95499947    11.96449354    -4.34176828
243    10.49550709    11.86692380    -7.36886945
244    15.36981802     9.56270321    -4.74935509
245    15.54900275    10.40040886    -6.47982644
246    14.26500777     8.06357622    -5.23595810
247     5.26185432     2.31646098    -5.79344891
248     6.25461595     0.62571896    -5.80398045
249     5.21356444     2.83738021    -3.93331192
250     7.04895258   -17.20886157     0.91386253
251     7.13832201   -16.91843719    -0.97025030
252     6.23528004   -18.91115197     1.01207078
253    -7.40406191    -1.36640229    17.41102593
254    -7.99856271    -2.87124932    18.43527882
255    -5.48959451    -1.27842551    17.77096227
256    13.74661251     1.59049396    12.47386771
257    12.93263527     0.12485924    13.43410568
258    13.48281508     1.17937619    10.55972430
259    13.19623347     6.87154089     4.67647099
260    13.69126214     8.01543949     6.11507433
261    14.02468791     7.65571589     3.10619885
262    -6.97121131     0.57274552     2.15358873
263    -6.59424201    -0.08620588     3.93112913
264    -8.87175142     0.55648167     1.96921344
265     2.11325741   -10.94596553    14.66431653
266     3.28977563    -9.59082693    15.49371902
267     3.22966188   -12.47107060    14.48201000
268    -0.58999973    -6.54349290   -17.76161194
269    -0.38813256    -6.99787835   -19.56765921
270     0.30452285    -4.86990329   -17.65456596
271    14.90909306    -4.93535220     1.59376405
272    16.34637463    -3.96348483     2.48967372
273    14.31762954    -6.27186130     2.70829960
274   -14.06131365    -4.28934920    -2.74043098
275   -12.20071809    -4.42947824    -2.34155030
276   -14.60566096    -6.10234016    -3.35578045
277    -8.59387960    -4.41361580    -2.22527235
278    -7.11968565    -4.40102591    -0.97985262
279    -8.53768194    -2.62788897    -2.93826054
280     1.68850607    -2.19843171   -18.02891399
281     3.53284166    -1.97704712   -18.56975227
282     1.44233945    -0.99183500   -16.50343863
283    -1.41726465    -4.08165114     7.02912619
284    -1.18357793    -5.40975014     5.62735771
285    -1.21286187    -5.07246048     8.65669701
286     9.21017966     0.96533591     4.58199956
287     9.23571094     2.88140126     4.39119095
288     8.60546683     0.21813780     2.89969654
289     3.41693353    13.02455934     1.67014749
290     4.58310958    12.46041924     0.26112518
291     3.32642364    14.97587633     1.64076697
292     4.45647526     9.21137725     4.85878560
293     2.75369359     8.22393081     4.80567465
294     4.28455769    10.62268562     3.55358570
295    18.75831551     4.55111291     0.32683710
296    17.73474974     3.21900899    -0.67307151
297    20.51399006     4.68011227    -0.47873464
298    -6.20293975   -11.77127763     0.74659543
299    -4.41721685   -11.54429181    -0.00749800
300    -5.99844851   -11.24208892     2.60456822
301    13.53757087     6.05510527   -12.11758870
302    14.61286651     7.40986205   -12.95782806
303    11.66128331     6.25695912   -12.66400065
304    -8.25478732    -4.03892798   -14.59243599
305    -7.00807092    -5.40812383   -15.05576654
306    -9.39695350    -5.02699000   -13.41436930
307    15.38368571     8.96616460     0.30184193
308    16.57506775     7.51846847    -0.10655936
309    15.32994221     9.98670091    -1.29861429
310    -1.12553499   -16.15262913    -7.58843414
311    -0.51998324   -17.38142534    -6.26879927
312    -2.01440016   -14.82373784    -6.62534849
313   -10.32838677    -5.58259676     4.15263950
314   -11.96361815    -4.75150521     4.77148386
315    -8.91506396    -4.47371169     4.77311599
316     0.24802634   -15.01023762     6.94325038
317    -0.28420562   -13.42107051     7.74426940
318     1.39701469   -14.58896410     5.51661288
319     6.78639172    -9.62310282    -6.80682592
320     5.29375800   -10.84426836    -7.12871891
321     7.54779194    -9.27366685    -8.52593372
322   -13.08712353   -14.30586259     4.59281894
323   -12.52173787   -13.71293574     6.34030550
324   -11.58784883   -15.30376134     3.93390136
325     8.09110464    -3.51353000   -12.72170508
326     6.19193609    -3.74052035   -12.17571788
327     8.13849433    -1.91920480   -13.81340629
328    -2.49138486    -8.95454527    14.98959287
329    -0.77107452    -9.65295598    15.43729323
330    -3.77143050   -10.43065149    15.14956799
331   -10.20088025   -12.91025808     9.07533437
332    -8.80015765   -12.50718215     7.77867738
333   -10.26016191   -11.31597381    10.17237895
334    12.61788192   -12.28842434     6.93397326
335    12.15209715   -12.92924329     8.65988545
336    12.13187279   -13.63749781     5.65322022
337    -0.09221542     2.34996419    15.98908677
338    -0.75764806     4.12343040    16.10066273
339     1.81609800     2.52460239    15.98074462
340    12.32182554     0.93816051    -6.06106376
341    12.31495760    -0.31019422    -7.52908158
342    11.70469279    -0.01751765    -4.58237191
343    -2.45732950     6.49023806    -4.23171695
344    -2.07742848     7.68322239    -5.67407613
345    -0.95866438     6.75755035    -3.01794642
346   -11.00552054    10.06536227     8.99828763
347   -10.50464084    11.25281526    10.38388052
348    -9.39022591     9.22574093     8.30414642
349     7.88700642    -8.87226498   -12.03242654
350     6.23505963    -9.62490393   -12.60362148
351     7.97403614    -7.08102122   -12.64007799
352     1.29535165    15.73851926    -8.82619655
353     3.09568768    15.95052271    -8.30495324
354     0.14403349    15.86867898    -7.36076160
355    -3.22948725   -17.66981713     3.88123978
356    -2.24253745   -17.48464271     2.22966448
357    -2.16856792   -17.10291289     5.33989018
358    -7.69679617     0.21407011    12.27114019
359    -8.00105026    -0.35931931    14.05492307
360    -5.91835750     0.81128571    12.08435877
361    -5.73808283    -9.33474609    10.17285690
362    -5.76794160    -9.34553175     8.21914445
363    -7.28176197    -8.33038637    10.71783973
364    -3.78792795    -0.38322393   -14.61083038
365    -5.28203881    -1.56870652   -15.05534852
366    -4.46082181     1.46029500   -14.95873387
367    -6.33837675    14.28464841    -3.14390899
368    -6.18855346    14.74293943    -1.28358232
369    -7.78257997    12.95379691    -3.23739055
370     5.86064424    10.25348504     9.49979512
371     5.44227783     9.86116525     7.63553832
372     4.12264721    10.81169579    10.21266564
373   -14.12389420    -9.77776843     2.10135367
374   -13.73435900   -11.38022112     3.05893212
375   -12.68287950    -9.56641145     0.86058127
376     0.29319418   -15.45296725     0.27667413
377     1.74089481   -15.27632946     1.54318600
378    -0.05872148   -13.67820884    -0.23761495
379    12.62068361    -2.47689169   -10.26847508
380    13.83246794    -3.95402770   -10.07324785
381    11.21410396    -3.17415701   -11.40105900
382    -1.82569869    18.87153783    -0.95435602
383    -3.10927094    18.39648277     0.28621311
384    -2.05733468    17.51817947    -2.25568365
385    -2.55835961    -1.69863209    17.79416361
386    -2.33037022    -2.96743147    16.38523451
387    -1.46599315    -0.15764367    17.43448039
388    18.36821952    -2.29665420     4.48797919
389    17.87789964    -0.47324770     4.63255001
390    19.45981658    -2.77714139     5.90483358
391    -1.18519772     9.56116627    -8.22695454
392     0.45815285     8.85131788    -8.81375279
393    -1.41196383    10.99291467    -9.46756887
394     5.61104378    11.46898837    -2.65760227
395     6.21994672    12.28750430    -4.31720084
396     7.22474264    10.87134381    -1.78859367
397     1.22731798     1.59544284   -14.08963798
398    -0.60423044     1.29017403   -14.47294540
399     1.41215488     1.76281165   -12.15469672
400   -16.64733064    -6.29759714     4.69572809
401   -18.25568674    -7.31841987     4.90603964
402   -15.38441218    -7.60666147     3.82322900
403     3.66083815    -9.75510279    -1.42224434
404     3.80271777    -8.36728115    -2.74193217
405     5.23649242    -9.82259294    -0.45082804
406     3.81097089   -14.10994978     3.60890583
407     4.77052130   -13.13079411     4.94450352
408     5.24359872   -15.16578296     2.76356174
409    10.71498543    18.57253647     1.51753255
410    11.30229803    20.27204551     1.06626294
411     9.48729213    17.85330347     0.21332037
412   -10.61771728     0.23986827   -12.50867637
413   -12.33670014    -0.55739195   -12.15254070
414    -9.64125439    -1.06823615   -13.47670589
415     7.30510725   -17.73853776    -4.35967131
416     8.43133471   -16.21924921    -4.68708642
417     7.86994117   -19.05192234    -5.67421463
418    -4.68891734    16.21976861     2.85029976
419    -3.58500374    14.62488598     2.67570906
420    -4.29924021    16.70489146     4.65326251
421     0.98956378    11.18803314    11.28425281
422     0.77097506     9.38966892    10.78856519
423    -0.78149118    11.89876950    11.23247225
424    -2.89505815    15.91253405     7.87392935
425    -1.04185810    15.78508076     7.73815730
426    -3.40980550    14.50256177     9.06249742
427    -3.05757405   -11.69254365    -5.79704308
428    -4.78248648   -11.27179336    -6.57533361
429    -1.96262084   -10.29287732    -6.46900078
430    -2.51569728     0.21973827    12.05374598
431    -1.63535149     1.29462037    13.40791105
432    -1.98062158    -1.66223958    12.38179293
433    -5.18364201     4.22384305   -15.44305462
434    -4.10840592     5.78849635   -15.05885174
435    -6.95653795     5.00256621   -15.63828991
436   -10.04517198    -9.40271600    -1.20281429
437    -8.52675228   -10.27203481    -0.40449361
438    -9.58910253    -7.60136133    -1.39441059
439     4.37700251     5.24033201    15.31942506
440     3.71316968     6.69492838    16.35138262
441     6.09723206     5.68679494    14.55920594
442    12.12624575   -11.07625457   -10.02498244
443    10.63184018   -10.71609857   -11.19118685
444    13.07616542    -9.41333351   -10.01858562
445     7.70996364    -2.59273735    -5.97182878
446     7.68414370    -3.49115486    -7.64742732
447     8.57495078    -3.85241913    -4.72626591
448    -5.90135799     7.33761395    -9.66979091
449    -4.61069558     8.18290729    -8.55611733
450    -5.14192004     7.34210967   -11.38357080
451   -10.59780193    -8.35765194    11.78018208
452   -11.26965430    -8.51828048    13.54041509
453   -11.84939358    -7.25888923    10.84639117
454     2.84333150    18.07874385     1.24770145
455     3.14913371    19.31137937     2.64097769
456     1.15063372    18.57673362     0.40664573
457    16.78796728     2.68760517     4.88686993
458    17.63607096     3.20693926     3.27832960
459    15.70676072     4.23432293     5.27763464
460     8.28142854     0.35088552   -16.34798495
461     7.17721753     1.89620729   -16.04986003
462    10.08653978     0.75464140   -15.62598765
463   -11.82565944    -1.16486531     9.62785529
464   -11.98577079     0.30067848     8.36759045
465   -10.34537257    -0.65925644    10.79408920
466   -13.01307647     3.16177895    -5.76060210
467   -13.54954360     3.97214143    -4.03843380
468   -14.34979314     1.71177927    -6.00858576
469    -8.96362410    -0.20294553    -5.06806880
470   -10.62248925     0.80462521    -5.25985825
471    -7.92305653     0.24554298    -6.66114223
472   -17.98104293     3.40614435   -11.43002990
473   -17.59000427     1.70044347   -10.79949306
474   -16.31584702     4.32153885   -11.77503199
475   -15.96814758    -0.86321944    -6.02516165
476   -15.43401804    -2.53343466    -5.19274366
477   -17.44093094    -0.33476760    -4.80125714
478     6.51385697    -0.99620459   -20.73406010
479     7.51098409    -0.58664604   -19.09537730
480     7.68280855    -2.02020959   -21.86662832
481     7.04135154   -11.70544477     7.02446744
482     7.63027447   -12.25981505     8.83572371
483     8.70636769   -11.38052374     6.11698863
484    10.52748485    10.63332999    -1.27596692
485    10.94406464    11.52865162     0.42226133
486    11.62863871     9.04599241    -1.19635331
487    -1.38568074   -10.54665335    -1.03086274
488    -2.07494071   -11.00642644    -2.81554784
489     0.51949176   -10.25336108    -1.29914440
490   -12.13856117     1.58526555     1.12167615
491   -12.85801222     3.18544168     0.30642706
492   -13.43196710     0.24865259     0.98647675
493    10.72820669    -7.26281116    13.46549929
494    10.89543542    -5.54240057    14.41214620
495    11.26656381    -6.78460959    11.68995889
496   -13.34987816    12.17893908     4.81134059
497   -12.50990162    11.73225177     6.48428241
498   -11.94664439    11.93005783     3.49029074
499     4.69647179     3.90089454    -0.46102071
500     5.92715458     4.40860122     0.81968007
501     3.08855544     3.45644633     0.47981394
502    -0.49771951    -7.69446726    -6.75739569
503    -1.49169145    -6.08400997    -6.44225577
504     1.25827958    -7.16946495    -6.29448473
505    -8.17095367   -15.82650117     2.87345993
506    -7.46838121   -14.63390175     1.43075109
507    -6.64147208   -16.95046145     3.30092877
508     5.50221616   -14.80358224    13.96917262
509     4.43081678   -15.88884890    12.78280352
510     6.03841711   -16.03524856    15.31960831
511     1.47998177   -18.41175955    -3.70069517
512     1.01370331   -17.50502714    -1.98871712
513     3.37338343   -18.32528063    -3.96514433
514     7.06002457    -2.51022115     7.30496666
515     7.82070834    -1.04572004     6.31185307
516     5.65266894    -3.17352590     6.07749372
517    -1.00973096    -2.86022339   -10.82487514
518    -1.87344417    -1.98943555   -12.30470713
519    -0.51687198    -1.50799353    -9.59154616
520    -5.38074455     8.39263460     2.55853585
521    -4.01202473     9.73366609     2.37651873
522    -4.88774926     6.76744647     1.79193705
523     5.07934827     3.49283619     7.93949877
524     6.07497956     3.95851013     6.38201176
525     3.85754515     2.02732265     7.48421326
526     3.23783857    -8.23747301     7.49175489
527     4.60443033    -9.54720429     7.48121229
528     1.76909467    -9.10511256     8.35668502
529     6.57091505    16.45714146    -7.14681908
530     7.58212150    17.93394736    -7.73731888
531     7.85989338    15.08215810    -6.77600347
532    11.63531728    -2.07657171    -1.56069226
533     9.98573629    -2.09442845    -0.49063985
534    12.81194716    -3.50158956    -0.83181801
535     3.49941899    -4.63021755    11.91094023
536     3.87200793    -5.65836765    10.33941992
537     4.14256827    -2.86595965    11.53170604
538    -9.08475637    -6.57896109    -7.28779915
539    -7.55051937    -5.91042728    -8.13566056
540    -9.37973338    -5.36599825    -5.84836874
541     4.02013897    -5.26700537     3.57590954
542     2.44946622    -5.02834612     2.46800776
543     3.42192036    -6.34874209     5.11300300
544     3.55455004    -5.60847756    -4.36999599
545     2.82935104    -4.70903349    -2.86253874
546     4.77540925    -4.39348617    -5.20591459
547    -0.22287709     6.70781601     4.88383907
548    -1.22907725     6.13886778     6.42962507
549    -0.17067694     5.10907756     3.79493567
550   -15.23614663     6.88087874     8.27277539
551   -16.33652699     7.42572189     9.73588251
552   -13.61157030     7.90632156     8.34733998
553     6.73579859    18.24576845    -1.93527655
554     6.28948654    17.43438407    -3.62575712
555     5.15290780    18.07846392    -0.79709858
556   -12.06308892     4.73355360   -10.42038070
557   -11.28896952     3.17296360   -11.27548248
558   -12.54273872     4.11325167    -8.63588184
559    -4.15159426    11.76218443    10.85508567
560    -4.86586048    10.49814327     9.53285217
561    -5.00257942    11.18525840    12.51539861
562     5.25927085     4.35616639   -15.70844607
563     4.94643039     4.24555767   -17.64143305
564     3.61416051     3.67897340   -15.06267110
565    -1.22429840    -4.46238753    13.40646464
566     0.64020304    -4.79539020    12.91631026
567    -1.69548273    -6.12578038    14.23129886
568    12.87875469     1.12438039   -13.75185874
569    13.00534812    -0.03701542   -12.22001565
570    13.72571801     2.73168644   -13.16098605

 Atomic and electronic forces:
  1     0.00617923    -0.01027171     0.02223169    -0.00089567     0.00140694    -0.00063653
  2    -0.01219964    -0.00594191    -0.02690513     0.00046686    -0.00079731     0.00027175
  3     0.00830164     0.01327412     0.00585948     0.00054495    -0.00071148     0.00036510
  4     0.04626848    -0.04122543     0.01541780     0.00111502     0.00144915     0.00207881
  5    -0.02851936     0.01255966     0.01519911    -0.00071153    -0.00069095    -0.00100082
  6    -0.01710254     0.02463596    -0.02203040    -0.00055301    -0.00091711    -0.00106314
  7     0.00780991     0.00318067    -0.03648477    -0.00175116     0.00225342     0.00191513
  8    -0.00166635     0.00131776     0.00706228     0.00099262    -0.00125362    -0.00131025
  9    -0.00627125    -0.00154411     0.02245386     0.00102982    -0.00139755    -0.00089661
 10     0.01651662    -0.00464706     0.01245426     0.00229252    -0.00086312    -0.00147067
 11    -0.00904043     0.01047330    -0.00536627    -0.00097488     0.00042107     0.00056790
 12    -0.00299331    -0.00081794    -0.00584865    -0.00140601     0.00048207     0.00071175
 13     0.01862732    -0.00822732    -0.02057273    -0.00000481     0.00249909     0.00337720
 14     0.00265617    -0.00195433     0.01950370    -0.00008362    -0.00093386    -0.00151694
 15    -0.01393747     0.00325745     0.00525777    -0.00028458    -0.00153072    -0.00200894
 16    -0.03721716     0.00510619    -0.00146617    -0.00164756     0.00155985    -0.00105284
 17     0.00826655     0.00623459     0.01087509     0.00083088    -0.00063823     0.00054002
 18     0.03039727    -0.00995542    -0.00827759     0.00086066    -0.00089984     0.00069373
 19    -0.02165883     0.01010661    -0.00981596     0.00023486     0.00049935    -0.00181844
 20     0.00449224    -0.01134881    -0.00046463    -0.00015764    -0.00017285     0.00088685
 21     0.01475442     0.00212030     0.00921330    -0.00003635    -0.00021942     0.00086173
 22     0.00930858    -0.01680262     0.00882415    -0.00119637     0.00081224     0.00011679
 23    -0.01125119    -0.00812651    -0.00059524     0.00060165    -0.00046901    -0.00009429
 24     0.00842040     0.02525074    -0.00804040     0.00065891    -0.00038198    -0.00008910
 25    -0.01502153     0.00261793     0.02799620     0.00119888     0.00145497    -0.00207565
 26     0.00229136    -0.00141643    -0.00722294    -0.00050287    -0.00066846     0.00115425
 27     0.01090822     0.00135236    -0.01427082    -0.00074278    -0.00098708     0.00123297
 28    -0.01235945     0.01375392     0.01768693    -0.00178198    -0.00203850    -0.00202890
 29    -0.01365141    -0.02593043    -0.00820834     0.00116070     0.00112814     0.00134432
 30     0.02182396     0.01291365    -0.01116556     0.00094212     0.00094169     0.00080234
 31    -0.00243940     0.01172978     0.01276101    -0.00256607     0.00085705     0.00129026
 32     0.00413436    -0.01435852    -0.00607140     0.00105569    -0.00044864    -0.00053566
 33    -0.00089996     0.00231729    -0.00930710     0.00148420    -0.00048027    -0.00054743
 34    -0.01126754    -0.02260863    -0.00538343    -0.00055081     0.00160676    -0.00206531
 35     0.00688652     0.00466688     0.00212557     0.00020035    -0.00095542     0.00123834
 36     0.00183494     0.01256828     0.00598919     0.00023673    -0.00080975     0.00086237
 37     0.01759624     0.01379702     0.00167740     0.00220088     0.00336342    -0.00315186
 38    -0.01074490    -0.00266226    -0.01243430    -0.00128772    -0.00162417     0.00123693
 39    -0.00523355    -0.00875958     0.00318690    -0.00153808    -0.00223393     0.00227263
 40    -0.00257006     0.01744568     0.01387812     0.00114441    -0.00161091    -0.00582775
 41    -0.00507099     0.00356480    -0.00110242    -0.00017963     0.00068885     0.00354144
 42    -0.00207917    -0.02327072    -0.01206299    -0.00029847     0.00094990     0.00240292
 43     0.00058864    -0.00477893    -0.02344037    -0.00739802     0.00903071     0.00124559
 44     0.00315356    -0.00138450     0.02224390     0.00312865    -0.00400098     0.00057588
 45    -0.00889092    -0.00221685     0.00407734     0.00440178    -0.00337382    -0.00075517
 46     0.00573582    -0.01317397    -0.02430710     0.00173184     0.00054922     0.00412313
 47    -0.00215904     0.00722814     0.02715144    -0.00134082    -0.00021666    -0.00260938
 48    -0.00197141     0.00765583     0.00155843    -0.00082637    -0.00059375    -0.00204012
 49    -0.00205897     0.00302268    -0.00257162     0.00046574     0.00787441    -0.00156163
 50     0.00634686     0.00326579    -0.00072246    -0.00100274    -0.00520917     0.00075550
 51    -0.00353610    -0.00606858     0.00767962    -0.00046360    -0.00291509     0.00062086
 52     0.00176025    -0.02613715     0.02897113     0.00061448    -0.00080468     0.00239645
 53     0.01634303     0.00100438    -0.00672406    -0.00044190     0.00041190    -0.00116387
 54    -0.01459756     0.02747025    -0.02383950    -0.00031169     0.00041015    -0.00147249
 55    -0.01113812    -0.01331840     0.01483461    -0.00214011    -0.00086425    -0.00051110
 56     0.01394164     0.00587620    -0.01646514     0.00096683     0.00040748     0.00014256
 57    -0.00365245     0.00765358     0.00410367     0.00103111     0.00053738     0.00031335
 58    -0.00260048    -0.00425377    -0.00605075    -0.00108115     0.00083056     0.00140281
 59     0.00212322     0.00142002     0.00762317     0.00049182    -0.00034579    -0.00073926
 60    -0.00336058     0.00359196    -0.00551562     0.00068266    -0.00044382    -0.00078462
 61    -0.00194562    -0.02169818     0.00048606     0.00297964    -0.00078491     0.00283430
 62     0.01006438     0.00904791     0.00755073    -0.00187427     0.00047510    -0.00198910
 63    -0.00760352     0.00571240    -0.00752677    -0.00140850     0.00014194    -0.00123690
 64    -0.00776592    -0.00628826    -0.00983414    -0.00181155    -0.00039637     0.00116469
 65    -0.00225151    -0.01178761     0.00105879     0.00095741     0.00018366    -0.00048858
 66     0.01329001     0.01730909     0.00753104     0.00098444     0.00011826    -0.00068004
 67    -0.00574572     0.00208274    -0.00054627     0.00161037    -0.00218932     0.00060298
 68    -0.00099873    -0.00201593     0.00228033    -0.00073079     0.00125607    -0.00027058
 69     0.00619703     0.00049030    -0.00167597    -0.00086281     0.00104294    -0.00017001
 70    -0.01351945    -0.00846059    -0.00367567    -0.00061897     0.00390710    -0.00894502
 71     0.01773153     0.00654559     0.00935485    -0.00074632    -0.00260381     0.00524250
 72     0.00299759     0.00570693    -0.00645601     0.00146774    -0.00265295     0.00502200
 73    -0.00883843    -0.00971773    -0.00917073    -0.00592901     0.02105266     0.01400525
 74    -0.00220487     0.00216844     0.00145147     0.00276112    -0.01137492    -0.00747139
 75     0.01173229     0.00927407     0.00531415     0.00491726    -0.00774539    -0.00373728
 76     0.01471447    -0.00304366    -0.00895943    -0.00070065    -0.00210547    -0.00224271
 77    -0.01325375     0.00603496     0.00707663     0.00052384     0.00102597     0.00106224
 78     0.00200756     0.00256186     0.00278373     0.00026140     0.00106232     0.00092941
 79     0.02510375    -0.00473540     0.03270616    -0.01446246    -0.00491391    -0.01624028
 80    -0.00824745    -0.00915032    -0.01590120     0.00825295     0.00347706     0.01043559
 81    -0.01550049     0.02075081    -0.01589121     0.00586848    -0.00065353     0.00677371
 82    -0.00386981     0.00922167    -0.03851746     0.00048711     0.00392801     0.01310393
 83     0.00938646    -0.00017045     0.02782527     0.00066109    -0.00405220    -0.00816416
 84    -0.01067931    -0.01203294     0.00815199     0.00071004    -0.00073838    -0.00591216
 85     0.02100828     0.01823114    -0.01271475    -0.01909323    -0.00614274     0.00265879
 86    -0.00122716    -0.00403783     0.00226413     0.00798558     0.00029162    -0.00162821
 87    -0.02150076    -0.00835687     0.01303808     0.01075920     0.00330588     0.00193121
 88     0.02534755    -0.01487386     0.01001012    -0.00084559     0.00369592     0.00088326
 89    -0.00660181     0.02665636    -0.01958312     0.00045418    -0.00216847    -0.00077798
 90    -0.01301574    -0.01165907     0.01105643     0.00019287    -0.00183828    -0.00031650
 91     0.00294330     0.00861560     0.01237446    -0.00147686     0.00105494    -0.00023145
 92     0.00427648    -0.00751982    -0.01067480     0.00066508    -0.00047665     0.00004660
 93    -0.00536154     0.00193504     0.00042483     0.00066921    -0.00046102     0.00016140
 94    -0.01824448    -0.00281820     0.00427195     0.00049104    -0.00366493    -0.00276962
 95     0.00592791    -0.00087807    -0.00103101    -0.00002898     0.00188561     0.00175303
 96     0.01001897     0.00381317    -0.00177081    -0.00004152     0.00170501     0.00107540
 97    -0.01040233     0.00139197     0.00874622    -0.00046855     0.00257210    -0.00062877
 98    -0.00337847    -0.00273637    -0.00035982     0.00022083    -0.00159159     0.00042875
 99     0.01071889     0.00307207    -0.00498747     0.00038184    -0.00127018     0.00028259
100     0.00813942     0.00004790     0.00957580    -0.00561881    -0.00007677     0.00514992
101     0.01445199    -0.01482075    -0.01579325     0.00197317    -0.00016012    -0.00207696
102    -0.02669316     0.01619749     0.00869020     0.00292536     0.00046687    -0.00361887
103     0.02397558    -0.02312075     0.00874648    -0.00039104     0.00100063     0.00185691
104     0.00391190     0.00585942     0.00302414     0.00010929    -0.00052724    -0.00086544
105    -0.02629953     0.01911927    -0.00997828     0.00027204    -0.00053894    -0.00087426
106    -0.00573262    -0.01345957    -0.00000627    -0.00079843     0.00051860     0.00158863
107     0.01171522     0.00406731     0.00378095     0.00033001    -0.00029139    -0.00083119
108    -0.00356451     0.00609640     0.00047822     0.00042172    -0.00018450    -0.00084598
109    -0.00008320     0.01459486    -0.01303345    -0.00269137    -0.00002111     0.00037794
110    -0.00537928    -0.01604338     0.01334982     0.00124559     0.00011911    -0.00024543
111     0.00184029    -0.00486480    -0.00498696     0.00146467     0.00007261    -0.00005996
112     0.02263271     0.03406335    -0.00125522     0.00008283    -0.00176234     0.00136584
113    -0.00578440    -0.00241280    -0.00195181    -0.00000512     0.00109002    -0.00075987
114    -0.01904152    -0.03666877     0.00097554    -0.00000246     0.00078455    -0.00055910
115     0.00508479     0.01161976     0.01052294    -0.00329490     0.00159476    -0.00354372
116    -0.00399024     0.00506234    -0.00154432     0.00133127    -0.00046680     0.00152949
117    -0.00063762    -0.01405164    -0.00276610     0.00136119    -0.00096763     0.00147387
118    -0.02967373    -0.02974524     0.01108664     0.00114899    -0.00152099     0.00179562
119     0.02441830     0.01700256    -0.01948202    -0.00041547     0.00072920    -0.00086136
120     0.00600505     0.01346967     0.00878561    -0.00060018     0.00063310    -0.00094715
121     0.00091651     0.00042553    -0.00073114    -0.00192703    -0.00064015    -0.00156368
122     0.00027665     0.00070611    -0.00002389     0.00084252     0.00035885     0.00064925
123    -0.00224406     0.00011217    -0.00213880     0.00121318     0.00044109     0.00089925
124    -0.00041772     0.01156250    -0.01662211    -0.00191679     0.00022136    -0.00013750
125     0.00113114     0.01178859     0.00718681     0.00104083    -0.00006989    -0.00000111
126    -0.00084795    -0.01946284     0.01190684     0.00094881    -0.00020113     0.00006197
127     0.00342333     0.00586058    -0.01834749     0.00124531     0.00211079     0.00049110
128    -0.00055199    -0.00371276     0.01535663    -0.00059331    -0.00101390    -0.00036648
129     0.00007635     0.00261241    -0.00134685    -0.00049226    -0.00090814    -0.00017529
130     0.00755004     0.00762820     0.00520933    -0.00224696    -0.00166016    -0.00103908
131    -0.00088322     0.00443290    -0.01212155     0.00135771     0.00083761     0.00069233
132    -0.00369734    -0.01180661     0.00808026     0.00127470     0.00098497     0.00041517
133    -0.00981106     0.02603452     0.02467248     0.00262565     0.00189322    -0.00155249
134     0.00164964    -0.02407176     0.00316842    -0.00169141    -0.00097734     0.00097466
135     0.00676552    -0.00270897    -0.02417121    -0.00108781    -0.00074332     0.00077078
136     0.01713530    -0.00027735    -0.00520328    -0.00383006    -0.00325902     0.00271842
137    -0.00927712    -0.00270676     0.00655599     0.00228685     0.00140702    -0.00117039
138    -0.00601186    -0.00257628     0.00284314     0.00242640     0.00242333    -0.00196250
139     0.00401553     0.00698145     0.00964580    -0.00268154    -0.00188051    -0.00408853
140    -0.00277759    -0.00575424    -0.01447907     0.00093246     0.00074537     0.00168051
141    -0.00071834     0.00162505     0.00379592     0.00136374     0.00093520     0.00272584
142     0.01403156     0.01201021     0.00222186    -0.00065854     0.00101527     0.00132625
143    -0.01326751    -0.01436017    -0.00818525     0.00041279    -0.00048560    -0.00068649
144     0.00110279     0.00403605     0.00401026     0.00027794    -0.00042566    -0.00056460
145    -0.00145003    -0.00527216     0.00150899    -0.00081171    -0.00116227     0.00159228
146     0.00287711     0.00837783    -0.00128227     0.00039501     0.00057522    -0.00066726
147    -0.00031186    -0.00246004     0.00028267     0.00054425     0.00068631    -0.00094207
148     0.01221541    -0.00719137    -0.00357238    -0.00055401     0.00124168    -0.00082709
149    -0.00497639     0.00633393    -0.00050007     0.00023502    -0.00053695     0.00034734
150    -0.00955431     0.00306007     0.00669826     0.00034350    -0.00066720     0.00039331
151     0.00288353    -0.00067864     0.00150904    -0.00111756     0.00087773    -0.00143856
152    -0.00432846    -0.00107375     0.01008421     0.00046189    -0.00036978     0.00060572
153     0.00034321    -0.00010150    -0.01282052     0.00066100    -0.00047226     0.00068958
154     0.01430532     0.03035124    -0.02256815     0.00007526     0.00107543     0.00149830
155     0.00360153    -0.01188514     0.02827716    -0.00002842    -0.00066236    -0.00078071
156    -0.02054438    -0.02085994    -0.01070980    -0.00007589    -0.00048496    -0.00064134
157     0.00313510     0.00410160    -0.00086156     0.00662790    -0.00673617     0.00220123
158     0.00416573    -0.00090109     0.00542310    -0.00279516     0.00220738    -0.00105755
159     0.00160755    -0.00268679    -0.00102195    -0.00389118     0.00416221    -0.00247660
160     0.00959470    -0.00028251     0.01224731     0.00317943     0.00056568     0.00222964
161     0.00367724     0.00923504    -0.00919122    -0.00211682    -0.00039867    -0.00150129
162    -0.00638059    -0.00407182    -0.00021174    -0.00153993    -0.00035084    -0.00084271
163    -0.00888080     0.01818648     0.01246062    -0.00102267    -0.00093376    -0.00242563
164     0.00446265     0.00434518    -0.00332362     0.00036717     0.00042168     0.00125271
165    -0.00234420    -0.02438946    -0.00242818     0.00045847     0.00053273     0.00105624
166     0.00831043    -0.00428704    -0.02171548     0.00130675    -0.00002556     0.00219661
167    -0.00853646     0.00434872     0.02103903    -0.00050164    -0.00000481    -0.00102123
168    -0.00363795     0.00280412     0.00067169    -0.00076662    -0.00003096    -0.00138451
169     0.00438584     0.00710259    -0.00567368    -0.00174339     0.00005093    -0.00110553
170     0.00041507    -0.00839959    -0.00042686     0.00085164     0.00006898     0.00056708
171    -0.00442659    -0.00140414     0.01119327     0.00100505    -0.00004029     0.00052200
172    -0.02664909    -0.02409702    -0.01423019    -0.00042376     0.00178526    -0.00130031
173     0.01902991     0.02584535     0.01239187     0.00012555    -0.00091491     0.00058403
174     0.00963597     0.00030459    -0.00471425     0.00025820    -0.00079457     0.00054458
175     0.01314544    -0.02387952     0.00628694    -0.00182602     0.00033027     0.00046597
176    -0.01331672     0.02748611     0.01433425     0.00105549    -0.00011096    -0.00023811
177     0.00062044    -0.00325692    -0.01993898     0.00085842    -0.00015161    -0.00030505
178     0.00735537     0.02854373    -0.00689418    -0.00168547     0.00076896     0.00036245
179     0.00447591     0.00321715     0.00494016     0.00080651    -0.00040989    -0.00025553
180    -0.01397260    -0.03149610     0.00222753     0.00084812    -0.00030010    -0.00019311
181    -0.02057500    -0.00880900     0.01001572     0.00008834    -0.00166436    -0.00307865
182     0.00397380     0.00470311    -0.00422348     0.00004257     0.00061262     0.00142961
183     0.01512400     0.00267719    -0.00108414     0.00012060     0.00096110     0.00146321
184    -0.01410938    -0.03653678    -0.00607544    -0.00183347     0.00278174     0.00406426
185     0.01238777     0.00665423     0.00949873     0.00051791    -0.00138648    -0.00198271
186     0.00002886     0.02783284    -0.00402305     0.00102506    -0.00109334    -0.00237505
187     0.01123594     0.00206718    -0.00682207     0.00032987     0.00238600    -0.00274355
188    -0.00501561     0.00267605    -0.00092760    -0.00042207    -0.00141483     0.00156196
189    -0.00949832    -0.00427709     0.01312880    -0.00020363    -0.00091665     0.00115879
190    -0.00250598    -0.00454759     0.01527722    -0.00225648     0.00104654    -0.00005608
191    -0.00598385     0.00057076     0.00264507     0.00100926    -0.00058105     0.00007971
192     0.01191473    -0.00284811    -0.02271447     0.00101213    -0.00046889    -0.00007688
193     0.00160728    -0.03934770    -0.00436723    -0.00738008     0.00630955    -0.00873477
194    -0.00238348     0.02964852     0.00490507     0.00307500    -0.00396360     0.00315200
195    -0.00188327     0.00308518    -0.00270962     0.00271478    -0.00180790     0.00296621
196     0.00124332     0.02240819    -0.00566476     0.00108561     0.00152538    -0.00115421
197    -0.00794680    -0.02694938    -0.00638152    -0.00058195    -0.00078181     0.00072205
198     0.00530142     0.00163759     0.01048460    -0.00041943    -0.00067409     0.00052180
199     0.00055774     0.01157390    -0.00335799     0.00116729     0.00073935     0.00122729
200    -0.00090550    -0.00427899     0.00065836    -0.00066278    -0.00033092    -0.00070023
201    -0.00052306    -0.00421710    -0.00004309    -0.00048020    -0.00031626    -0.00056673
202     0.01771855    -0.00316558    -0.03375883    -0.00059660    -0.00260017     0.00325729
203    -0.02297111     0.00618824     0.00894998     0.00049464     0.00109097    -0.00159432
204     0.00592784    -0.00233185     0.01823869     0.00010710     0.00104373    -0.00139865
205     0.01043560    -0.00710330    -0.00157912     0.00386143     0.00465159     0.00254235
206    -0.00574703     0.00450003     0.00420687    -0.00134907    -0.00234048    -0.00111294
207    -0.00241215    -0.00138530    -0.00266496    -0.00163420    -0.00164918    -0.00092473
208    -0.01226586    -0.00401190    -0.01030071     0.00637363    -0.00413360    -0.00210802
209     0.01224043     0.00916321    -0.00514837    -0.00271211     0.00251728     0.00145483
210    -0.00131003    -0.00174653     0.01368101    -0.00356573     0.00257748     0.00041327
211    -0.01737115    -0.00386633    -0.00864314     0.00137894     0.00119891     0.00103384
212     0.00631891     0.00134463     0.00133390    -0.00065685    -0.00051569    -0.00057099
213     0.00878897     0.00276051     0.00620275    -0.00061884    -0.00052421    -0.00040454
214    -0.03104048    -0.01751794     0.01713586     0.02153774    -0.00060823     0.00538750
215     0.01017140    -0.00298716     0.00071684    -0.01213366    -0.00299593    -0.00198755
216     0.02309160     0.02434713    -0.01656903    -0.00928747     0.00293004    -0.00480770
217    -0.02440787     0.00841253    -0.02212809     0.00353157     0.00067740    -0.00032075
218     0.01999315    -0.00937188     0.02308066    -0.00192660    -0.00045785     0.00041122
219     0.00308183     0.00319978    -0.00568514    -0.00213943    -0.00023499     0.00005212
220     0.01981782    -0.01762196     0.00822316     0.00108702     0.00179728     0.00105057
221    -0.01574251     0.01855406    -0.00389707    -0.00063100    -0.00081968    -0.00056392
222     0.00054457    -0.00115747     0.00461155    -0.00049868    -0.00098584    -0.00065307
223     0.01646860     0.00270256    -0.01208938    -0.00704042    -0.01063332     0.00704769
224    -0.01151956     0.00043389     0.00023249     0.00608071     0.00562612    -0.00371847
225    -0.00845159     0.00007884     0.01123460     0.00260989     0.00592451    -0.00196545
226     0.00549345     0.00051210     0.00634231     0.00178540    -0.00254160    -0.00122880
227    -0.01070506     0.00441462     0.00328229    -0.00115557     0.00160266     0.00085641
228     0.00865007    -0.00252398    -0.00838763    -0.00087556     0.00104258     0.00065217
229    -0.02103212    -0.00544796    -0.01168337    -0.00166797     0.00187261    -0.00041177
230     0.01709799    -0.00169338     0.00060084     0.00078478    -0.00075895     0.00015705
231    -0.00300544     0.00165893     0.00541757     0.00088155    -0.00094534     0.00035476
232     0.01726883     0.00275605     0.01308840     0.00357993    -0.00120609    -0.00100188
233    -0.03397352    -0.00613351    -0.01025527    -0.00223280     0.00092721     0.00064079
234     0.01611076     0.00320028    -0.00262320    -0.00179501     0.00055693     0.00025001
235    -0.01181229     0.00690636     0.02206741    -0.00182933     0.00206887     0.00032898
236    -0.00170632     0.00177975    -0.01876565     0.00093371    -0.00103964    -0.00001195
237     0.01199835    -0.00694193     0.00395139     0.00106703    -0.00131178    -0.00026871
238    -0.00737725     0.02662892     0.01962454     0.00378090    -0.00212106     0.00194880
239     0.00089001    -0.01020294    -0.02302907    -0.00178965     0.00081316    -0.00120726
240     0.00499380    -0.01503729     0.00262626    -0.00144108     0.00098495    -0.00079628
241    -0.00419734     0.00113662     0.00344628     0.00121220     0.00210847    -0.00073810
242    -0.00682133     0.00624752     0.00117995    -0.00075177    -0.00111398     0.00029867
243     0.00453206    -0.00050604    -0.01198656    -0.00064710    -0.00100010     0.00048826
244    -0.00732888     0.00508540    -0.03212533     0.00178553     0.00148822    -0.00053607
245     0.00663948     0.00326647     0.01959839    -0.00076162    -0.00067220     0.00031956
246    -0.00050233    -0.00644083     0.00699712    -0.00108668    -0.00085602     0.00039598
247     0.00691689    -0.02540621     0.01736445     0.00653416     0.00753366    -0.00901784
248    -0.00490830     0.01588906    -0.00582799    -0.00435927    -0.00237353     0.00475250
249     0.00005537     0.00339165    -0.00847776    -0.00411626    -0.00544362     0.00370811
250    -0.00303550     0.00404829     0.00348165     0.00106443    -0.00288945     0.00027585
251     0.00370402     0.00384977    -0.01133093    -0.00057434     0.00150570     0.00004414
252    -0.00230481    -0.00929694     0.00698883    -0.00035804     0.00126671    -0.00011622
253    -0.00412940    -0.00122224     0.00716402    -0.00089982     0.00006891     0.00181494
254    -0.00084881     0.00585972    -0.00542310     0.00040521     0.00003510    -0.00080987
255    -0.00125541    -0.00428803    -0.00377957     0.00037833    -0.00004169    -0.00099126
256    -0.00983099    -0.01276836    -0.01918263     0.00164590     0.00048219     0.00175489
257     0.00341860     0.00585657    -0.00260020    -0.00077694    -0.00014444    -0.00095230
258     0.00591237     0.00343560     0.02415015    -0.00106272    -0.00028086    -0.00098789
259     0.00065640    -0.00358655    -0.01772715     0.00252337     0.00191485     0.00113722
260     0.00184651     0.00495426     0.01277421    -0.00099464    -0.00081821    -0.00054779
261    -0.00311322    -0.00047340     0.00351004    -0.00120327    -0.00092791    -0.00035520
262     0.01857640    -0.00606725    -0.00419467    -0.00852876     0.00261694     0.00278125
263    -0.00509344    -0.00142988    -0.00093230     0.00384291    -0.00092695    -0.00213886
264    -0.01061773     0.00595663    -0.00200833     0.00318427    -0.00079160    -0.00078904
265     0.00980692     0.02601083     0.01432033     0.00009316    -0.00132223     0.00226214
266    -0.01121218    -0.01705031    -0.01154940    -0.00013033     0.00054552    -0.00116061
267     0.00914050    -0.01323373    -0.00093102    -0.00011525     0.00068777    -0.00099204
268    -0.00379176    -0.02306984     0.00661336    -0.00029914    -0.00065121    -0.00244633
269    -0.00131715    -0.00700102    -0.01564948     0.00010126     0.00026818     0.00101353
270     0.00783863     0.02500722     0.00374275     0.00009478     0.00022779     0.00133887
271     0.02202245     0.03906976    -0.03451661     0.00404317    -0.00089355     0.00064967
272    -0.01040580    -0.00956557    -0.00086007    -0.00169851     0.00022841    -0.00034916
273    -0.01370724    -0.02702784     0.02951972    -0.00194492     0.00064994    -0.00049470
274    -0.01110168    -0.02488171    -0.00403458    -0.00316512    -0.00046301    -0.00044059
275     0.00592937    -0.00047256     0.00013662     0.00203057     0.00035852     0.00026212
276     0.00775718     0.02413469     0.00573047     0.00137819     0.00034948     0.00023831
277     0.00155425    -0.00024473     0.00833792    -0.00698881    -0.00167349    -0.00114255
278    -0.00344717    -0.00820262    -0.00269437     0.00478184     0.00132954     0.00022034
279    -0.00866749     0.00567304    -0.01115562     0.00369707     0.00024045     0.00086961
280     0.01529210     0.01821987     0.02136578     0.00002691    -0.00003571    -0.00268468
281    -0.01183609     0.00074724    -0.00174004    -0.00014012     0.00000074     0.00124503
282     0.00329683    -0.01149615    -0.01997199     0.00000768    -0.00009857     0.00161150
283     0.00762809    -0.01557179    -0.00916979    -0.00400623    -0.00269060     0.01037211
284    -0.00629655     0.00620424     0.00976465     0.00247304     0.00300402    -0.00562972
285    -0.00301255     0.00406208     0.00215794     0.00108556     0.00118701    -0.00367586
286    -0.00702441    -0.00708484    -0.01096094     0.00681268     0.00253695     0.00454299
287    -0.00083533     0.00094873    -0.00449123    -0.00282291    -0.00176874    -0.00181823
288     0.00750661     0.00475059     0.00738571    -0.00510172    -0.00149673    -0.00246983
289    -0.00882873     0.00689350     0.01347686     0.00042124     0.00340127     0.00051500
290    -0.00037130     0.00671112    -0.01139349    -0.00038142    -0.00182334    -0.00010942
291     0.00378090    -0.01165339    -0.00477564    -0.00014252    -0.00136057    -0.00017995
292    -0.02028408    -0.01916286    -0.00478936     0.00110709     0.00433034     0.00210173
293     0.01772874     0.01371117     0.00209859    -0.00029863    -0.00264550    -0.00139453
294    -0.00435097     0.00657158     0.00114144    -0.00044298    -0.00206547    -0.00067841
295     0.00845410     0.00190322    -0.00827550     0.00223832     0.00084559     0.00011777
296     0.00932465     0.00180191     0.00250805    -0.00134514    -0.00042901     0.00000765
297    -0.01939345    -0.00437882     0.00646511    -0.00095393    -0.00033371    -0.00000515
298     0.03269408     0.01052761     0.00302108    -0.00322726    -0.00405448     0.00053670
299    -0.01486317    -0.00340928     0.00372693     0.00172961     0.00275865    -0.00015198
300    -0.00898887    -0.00476146    -0.00875744     0.00166473     0.00202828    -0.00069518
301     0.00525059     0.00390917    -0.00242905     0.00155429     0.00103727    -0.00148838
302    -0.01302640    -0.00766035     0.00243065    -0.00064075    -0.00045898     0.00060444
303     0.01604706     0.00315771    -0.00224659    -0.00073945    -0.00059963     0.00087863
304    -0.00108356    -0.00209828     0.00989305    -0.00156589    -0.00032930    -0.00224524
305     0.01333455    -0.00089208    -0.01204639     0.00069329     0.00027862     0.00117736
306    -0.01372201     0.00736061     0.00194242     0.00089131     0.00024820     0.00104861
307    -0.00015651    -0.01608954     0.01504849     0.00204566     0.00161591     0.00013104
308     0.00207065     0.00078797     0.00502828    -0.00109302    -0.00068908    -0.00003468
309     0.00171545     0.00656204    -0.01218389    -0.00092525    -0.00080231     0.00004760
310     0.01215229    -0.01259611    -0.01971105    -0.00051884    -0.00280825    -0.00140159
311     0.00781967    -0.00977588     0.00617705     0.00018221     0.00139728     0.00052188
312    -0.01581130     0.02363575     0.00977043     0.00046094     0.00168456     0.00080251
313    -0.01134258     0.01407709     0.00165737    -0.00414876    -0.00124078     0.00164953
314     0.01421518    -0.01146466    -0.00557781     0.00172061     0.00034667    -0.00068109
315     0.00168869     0.00501058     0.00500948     0.00248759     0.00057978    -0.00127014
316    -0.01243657    -0.03382688     0.01014311    -0.00029673    -0.00311787     0.00180141
317    -0.00991315     0.02743271     0.01499118     0.00025471     0.00163480    -0.00119293
318     0.01681026     0.00557576    -0.01816526     0.00001107     0.00190478    -0.00091996
319    -0.00655695    -0.00987674     0.00892474     0.00304194    -0.00437313    -0.00357825
320     0.00761328     0.00686726    -0.00363616    -0.00098294     0.00227160     0.00169057
321    -0.00161982     0.00018764    -0.00746811    -0.00130541     0.00157143     0.00171013
322     0.00764685     0.00857218     0.00947123    -0.00154857    -0.00130079     0.00054588
323    -0.00392558    -0.00506376    -0.00421070     0.00077430     0.00064373    -0.00038034
324     0.00173039    -0.00109691    -0.00363537     0.00076171     0.00077101    -0.00026076
325    -0.01150952     0.00713399     0.00652462     0.00200470    -0.00047710    -0.00367937
326     0.02308246    -0.00253616    -0.00964720    -0.00095897     0.00036889     0.00236012
327    -0.00246301    -0.00783273    -0.00168516    -0.00084259    -0.00000394     0.00167502
328    -0.02173441    -0.00662097     0.00974935    -0.00061065    -0.00105518     0.00237833
329     0.00550176    -0.01005982    -0.00146680     0.00016320     0.00054706    -0.00115150
330     0.01213175     0.01301521    -0.00351055     0.00033759     0.00053623    -0.00100553
331     0.02307073     0.02070667    -0.01649938    -0.00147419    -0.00136673     0.00121170
332    -0.01930787    -0.01132095     0.01493207     0.00087815     0.00088980    -0.00070894
333    -0.00647738    -0.00814056    -0.00120926     0.00077102     0.00060673    -0.00070246
334    -0.00102081     0.00674045    -0.00155475     0.00188223    -0.00173303     0.00126297
335    -0.00134929    -0.00253049     0.00498640    -0.00077223     0.00078823    -0.00066563
336     0.00241521    -0.00725004    -0.00265771    -0.00089815     0.00097766    -0.00052198
337     0.00952375    -0.01743954    -0.00395179    -0.00025772     0.00070356     0.00265027
338    -0.00892284     0.01895602     0.00440750     0.00016208    -0.00043883    -0.00118640
339     0.00113292     0.00357547     0.00014324    -0.00002384    -0.00036930    -0.00133880
340     0.00783201     0.01424653    -0.02073379     0.00453572     0.00120261    -0.00229032
341     0.00179285     0.00059415     0.00039208    -0.00203852    -0.00030628     0.00130498
342    -0.00879147    -0.01859932     0.02230989    -0.00302725    -0.00056248     0.00118152
343     0.00178283    -0.00868239     0.01643751    -0.00315953     0.00675353    -0.00284257
344     0.00100299     0.00861333    -0.00901752     0.00096770    -0.00260265     0.00135095
345    -0.00317136     0.00620104    -0.01007240     0.00119888    -0.00423357     0.00113155
346     0.00088329    -0.00899697    -0.01401689    -0.00130269     0.00125965     0.00099802
347     0.00447283     0.00010092     0.00360523     0.00053112    -0.00058730    -0.00048497
348    -0.00598559     0.00640676     0.01147478     0.00076276    -0.00078843    -0.00062252
349     0.00422981    -0.01629002     0.00861529     0.00159891    -0.00172662    -0.00285932
350    -0.00402865     0.00246340    -0.00395076    -0.00057341     0.00092529     0.00145204
351    -0.00190302     0.01325280    -0.00477591    -0.00085176     0.00067381     0.00158200
352     0.00683991    -0.00421504    -0.03725281    -0.00002532     0.00193913    -0.00089749
353     0.01037824     0.00424412     0.00966397    -0.00008534    -0.00097771     0.00041887
354    -0.01109427     0.00169191     0.02656573     0.00008065    -0.00104195     0.00039315
355    -0.01011017    -0.00605500    -0.02193040    -0.00079718    -0.00263561     0.00074556
356    -0.00183239     0.00248040     0.01590236     0.00036510     0.00150958    -0.00027012
357     0.01040924     0.00618267     0.00392977     0.00032972     0.00135566    -0.00052946
358    -0.02502648     0.00078695    -0.01797105    -0.00184456     0.00045445     0.00257287
359     0.00681846    -0.00312890     0.01202887     0.00072378    -0.00012884    -0.00111288
360     0.01746468    -0.00156081     0.00715329     0.00091012    -0.00035168    -0.00155087
361     0.00506179    -0.00013580    -0.01809956    -0.00180304    -0.00180754     0.00266583
362    -0.00446020     0.00232604     0.01504144     0.00120629     0.00120439    -0.00145030
363    -0.00306420    -0.00190412     0.00161914     0.00094685     0.00067492    -0.00121317
364    -0.02106266    -0.00004400    -0.00296667    -0.00126445     0.00037789    -0.00333362
365     0.01706109     0.01504104     0.00449310     0.00068224    -0.00004069     0.00144993
366     0.00754317    -0.02096859     0.00138990     0.00060658    -0.00034832     0.00145486
367    -0.00757789    -0.01207568     0.00726134    -0.00105143     0.00218153    -0.00033817
368    -0.00387617     0.00058716    -0.00559674     0.00050189    -0.00109145     0.00004350
369     0.00992776     0.01293138     0.00198846     0.00067337    -0.00108441     0.00018983
370    -0.02562820     0.00572534    -0.00373544     0.00078703     0.00224371     0.00184440
371     0.00292524     0.00023367     0.00401438    -0.00047393    -0.00145300    -0.00100599
372     0.01816568    -0.00265237    -0.00102034    -0.00021544    -0.00107577    -0.00090531
373    -0.00476057     0.01044036    -0.00164752    -0.00232049    -0.00114874     0.00039478
374    -0.00036113    -0.01319687     0.00451268     0.00102889     0.00063022    -0.00024393
375     0.00437680    -0.00077391    -0.00357979     0.00138487     0.00073437    -0.00013831
376     0.00828418    -0.01768925     0.00719683    -0.00039196    -0.00444679     0.00026361
377    -0.00258070     0.00118892     0.00059435    -0.00004731     0.00225737    -0.00035207
378    -0.00962779     0.01463726    -0.00713946     0.00038952     0.00294963    -0.00006861
379    -0.00419821    -0.00377527    -0.00084949     0.00282082    -0.00013411    -0.00244979
380     0.00217716    -0.00317844     0.00255771    -0.00130891     0.00021223     0.00100499
381    -0.00086507     0.00438451     0.00498485    -0.00128439     0.00016209     0.00142584
382     0.02033855    -0.00021020    -0.01259138    -0.00028964     0.00180340    -0.00002981
383    -0.02563618    -0.00019177     0.03233239     0.00020660    -0.00090954    -0.00003987
384     0.00807084    -0.00218491    -0.01845558     0.00018571    -0.00101161     0.00008509
385    -0.00367696    -0.00089162     0.01081835    -0.00049913     0.00004312     0.00225312
386     0.00711783     0.00188142    -0.00439928     0.00029828     0.00007095    -0.00131740
387     0.00290095    -0.00169543    -0.00547701     0.00019759    -0.00012550    -0.00119468
388    -0.01455199    -0.01317536    -0.02484530     0.00251794    -0.00004874     0.00075434
389    -0.00066055     0.01388841     0.00536575    -0.00130724    -0.00011908    -0.00041515
390     0.01345567    -0.00130223     0.01849861    -0.00105451     0.00004696    -0.00037986
391    -0.00170794    -0.00859739     0.01255624    -0.00078642     0.00335287    -0.00220282
392     0.01398516    -0.01172427    -0.00226758     0.00017284    -0.00175317     0.00132229
393    -0.01329618     0.01486528    -0.00706270     0.00029420    -0.00130148     0.00088586
394     0.00606859     0.00335906    -0.01900636     0.00114711     0.00380641    -0.00057753
395    -0.00383431    -0.00659769     0.01883978    -0.00051574    -0.00157554     0.00040837
396     0.00697809     0.00459118    -0.00392673    -0.00082448    -0.00187233     0.00017224
397     0.01792024     0.00206200     0.00909018    -0.00008944     0.00106933    -0.00404122
398    -0.01419665    -0.00150981     0.00146904     0.00029246    -0.00044725     0.00190158
399    -0.00886344    -0.00168411    -0.01210093     0.00002715    -0.00085775     0.00264842
400     0.02113698    -0.02766293    -0.01569171    -0.00203773    -0.00047861     0.00059055
401     0.00468900     0.00516575     0.00086906     0.00085251     0.00022799    -0.00023603
402    -0.02483971     0.02347117     0.01433875     0.00112503     0.00037102    -0.00029208
403    -0.04451451    -0.00024006    -0.01600642     0.00344305    -0.01174613    -0.00145401
404     0.00689139    -0.00331833    -0.00364232    -0.00251936     0.00667237     0.00239849
405     0.03230708     0.00098951     0.01749336    -0.00236025     0.00479627    -0.00003428
406     0.02727051    -0.01510891    -0.01278665     0.00088126    -0.00449326     0.00154157
407     0.00334103     0.00669085     0.00610797    -0.00065084     0.00216365    -0.00107071
408    -0.01882890     0.00937247     0.00423142    -0.00056059     0.00193791    -0.00048634
409    -0.00511646    -0.03544695     0.01165356     0.00064786     0.00145215     0.00014912
410     0.00041772     0.01709120    -0.01154807    -0.00027627    -0.00062990    -0.00004698
411     0.00280000     0.01700607    -0.00027187    -0.00033216    -0.00082963    -0.00003389
412     0.00071388     0.00747457     0.00903963    -0.00196083     0.00036019    -0.00192653
413    -0.00272342     0.00290100    -0.00194904     0.00095677    -0.00009915     0.00079912
414     0.00401505    -0.01070391    -0.00957316     0.00091874    -0.00007555     0.00106135
415    -0.00033205    -0.02681692    -0.00222859     0.00093641    -0.00252159    -0.00061272
416     0.00255862     0.00937194    -0.01057890    -0.00065250     0.00133062     0.00038831
417    -0.00835427     0.01542016     0.01429266    -0.00038791     0.00103303     0.00031099
418     0.02414541    -0.02147248    -0.00614306    -0.00067650     0.00198593     0.00037645
419    -0.01396746     0.00893134    -0.00484507     0.00037628    -0.00122520    -0.00024188
420    -0.00781384     0.00745029     0.00896230     0.00028519    -0.00091677    -0.00025734
421     0.00881200     0.02570731     0.00923323    -0.00008013     0.00192072     0.00172510
422     0.00196219    -0.02772392    -0.00528879     0.00007531    -0.00111288    -0.00110809
423    -0.00857715     0.00358629     0.00037275     0.00015198    -0.00091386    -0.00077547
424    -0.01069607    -0.00109914    -0.00101769    -0.00043078     0.00174631     0.00082470
425     0.01801295     0.00240443    -0.00235120     0.00013540    -0.00093579    -0.00043799
426    -0.00796308    -0.00095805     0.00260114     0.00026183    -0.00087649    -0.00051202
427    -0.03422089    -0.01101332     0.00784366    -0.00218257    -0.00463148    -0.00253152
428     0.01222256    -0.01363873     0.00484272     0.00125431     0.00184465     0.00120651
429     0.01809958     0.01674877    -0.00548960     0.00113331     0.00271223     0.00195440
430     0.00707986    -0.01312483    -0.00677001    -0.00134441     0.00076341     0.00421714
431    -0.00006065    -0.01053622     0.00077810     0.00040465    -0.00043085    -0.00179609
432    -0.00803319     0.02529689     0.00169190     0.00059139    -0.00006879    -0.00219493
433    -0.00411683     0.02317474     0.00317006    -0.00103359     0.00095684    -0.00228715
434     0.00305895    -0.00812066    -0.00469491     0.00044173    -0.00060984     0.00113356
435     0.00335997    -0.00744724     0.00331715     0.00053767    -0.00044340     0.00095376
436    -0.01654914    -0.01777040    -0.00455572    -0.00363394    -0.00231316    -0.00020388
437     0.00339023    -0.00732120     0.00244748     0.00187886     0.00153649    -0.00002685
438     0.00681086     0.02554985    -0.00369967     0.00235166     0.00117806     0.00017696
439    -0.00073473    -0.01152772    -0.00901687     0.00041805     0.00106801     0.00233543
440     0.00604818     0.00903825    -0.00012942    -0.00012699    -0.00050748    -0.00098473
441    -0.00557837     0.00600775     0.00412982    -0.00034344    -0.00058036    -0.00113959
442    -0.01000029    -0.00462719    -0.00860934     0.00180091    -0.00153938    -0.00159888
443     0.00058104    -0.00240120     0.00409185    -0.00083204     0.00079511     0.00096529
444     0.00636616     0.00300258     0.00538457    -0.00102002     0.00065486     0.00083044
445    -0.00281154    -0.01970590     0.02655920     0.00890835    -0.00098729    -0.00762907
446     0.00499699    -0.00000057    -0.00764814    -0.00292264     0.00074101     0.00330254
447    -0.00476198     0.01822769    -0.01850655    -0.00470877     0.00127628     0.00273372
448    -0.00863821    -0.00647241     0.01376386    -0.00179849     0.00226227    -0.00219494
449     0.00576091     0.00377195     0.00206027     0.00085986    -0.00142806     0.00111281
450     0.00646332     0.00229743    -0.01984120     0.00070066    -0.00098147     0.00113240
451     0.01043908    -0.00457859    -0.00077246    -0.00158626    -0.00082607     0.00161609
452    -0.00167403    -0.00063197     0.00447451     0.00064480     0.00032640    -0.00071139
453    -0.01120607     0.00497481    -0.00541819     0.00088963     0.00034690    -0.00075937
454    -0.01387045    -0.00547200    -0.00993544     0.00012909     0.00198656     0.00018316
455     0.00012031     0.00791217     0.00595747    -0.00006531    -0.00086361    -0.00013132
456     0.00835980    -0.00144159     0.00406700     0.00001794    -0.00096260    -0.00004738
457    -0.01589660     0.00577893     0.01140642     0.00259076     0.00078879     0.00092584
458     0.01340233     0.00235368    -0.01723103    -0.00126089    -0.00040419    -0.00030133
459     0.00000295    -0.00525558     0.00265533    -0.00128094    -0.00055979    -0.00052831
460     0.03616209    -0.00237140     0.01596720     0.00106866     0.00036499    -0.00248238
461     0.00144498     0.00535207     0.00341464    -0.00048136    -0.00032806     0.00131115
462    -0.02624806    -0.00265966    -0.00956588    -0.00065468    -0.00020727     0.00114559
463     0.01093454     0.00103745     0.00488423    -0.00228900     0.00015092     0.00175036
464    -0.00420352     0.00000939     0.00222359     0.00126326    -0.00021926    -0.00083708
465    -0.00850058    -0.00292556    -0.00698052     0.00108501    -0.00012712    -0.00103998
466    -0.03087906    -0.01013893     0.03203572    -0.00275579     0.00098025    -0.00098104
467     0.01029519    -0.00763552    -0.02762897     0.00135781    -0.00053943     0.00031061
468     0.01877559     0.01597896     0.00100076     0.00128459    -0.00030093     0.00043918
469     0.00076634     0.00752165    -0.01717198    -0.00553037     0.00093916    -0.00237376
470     0.01409610    -0.00339955     0.00206076     0.00211311    -0.00048723     0.00081472
471    -0.01274442    -0.00053218     0.01411837     0.00257328    -0.00060673     0.00166002
472     0.01106410     0.03327548    -0.00808717    -0.00131902     0.00036608    -0.00073367
473     0.00640266    -0.02162824     0.00264258     0.00073776    -0.00014305     0.00039450
474    -0.01551770    -0.01152970     0.00398293     0.00068848    -0.00024420     0.00043194
475    -0.02413961    -0.00416121     0.02035923    -0.00231305     0.00015119    -0.00072049
476     0.00673911     0.00627201    -0.00381637     0.00128039     0.00003982     0.00034876
477     0.01704202    -0.00202527    -0.01915173     0.00104960    -0.00009277     0.00023370
478     0.01280016    -0.00816889    -0.00477379     0.00045659     0.00008890    -0.00183628
479    -0.00722863    -0.00330978    -0.00817383    -0.00033209    -0.00007638     0.00102280
480    -0.00733234     0.00680021     0.00928137    -0.00023293     0.00000180     0.00080204
481     0.01029731    -0.00699717     0.01758044     0.00185262    -0.00319714     0.00250551
482    -0.00660867     0.00975812    -0.02128244    -0.00072220     0.00119539    -0.00109758
483    -0.00604870    -0.00066434     0.00190763    -0.00118726     0.00152767    -0.00108914
484     0.01309645    -0.02170158     0.01489080     0.00195942     0.00275509    -0.00014874
485    -0.01032473     0.00340655    -0.01036348    -0.00085668    -0.00123291    -0.00009244
486    -0.00579281     0.01263729    -0.00182736    -0.00123344    -0.00134932     0.00007417
487     0.00185052    -0.00235226    -0.01557075    -0.00323633    -0.00948510    -0.00059496
488     0.00587986     0.00275699     0.01237154     0.00149472     0.00374396     0.00096661
489    -0.00207256    -0.00311077    -0.00099045     0.00066013     0.00574960     0.00057382
490     0.02414641     0.02849141     0.00169765    -0.00386250     0.00102081     0.00048584
491    -0.00079200    -0.00696178     0.00203343     0.00164194    -0.00059516    -0.00010328
492    -0.02181193    -0.01849257     0.00121045     0.00174566    -0.00026489    -0.00018384
493    -0.00206834     0.02518094     0.01256389     0.00138485    -0.00078558     0.00210065
494    -0.00117819    -0.02327605    -0.00990805    -0.00065754     0.00024655    -0.00104679
495    -0.00022974    -0.00231972    -0.00442672    -0.00091130     0.00044441    -0.00114036
496     0.00842274    -0.00178318    -0.00340428    -0.00126484     0.00120934     0.00046035
497    -0.00515486    -0.00006978    -0.00355359     0.00063092    -0.00061939    -0.00031858
498    -0.00746669    -0.00102158     0.00239907     0.00070874    -0.00073524    -0.00021550
499    -0.02528354    -0.02112993    -0.02429880     0.00785147     0.01517803     0.00031625
500     0.02817637     0.01484117     0.02525254    -0.00341609    -0.00511035    -0.00108249
501    -0.00128857     0.00433894     0.00315668    -0.00244799    -0.00925853    -0.00186817
502    -0.00402777     0.00693036    -0.00385709    -0.00244874    -0.00700765    -0.00767602
503    -0.00865398    -0.00107773    -0.00250615     0.00251049     0.00339316     0.00490550
504     0.01912638    -0.00283608     0.00170042     0.00017150     0.00436323     0.00484388
505     0.02549398     0.00820927    -0.02780208    -0.00155672    -0.00221533     0.00054946
506    -0.01927304    -0.01935388     0.03379876     0.00097203     0.00136168    -0.00021336
507    -0.01095739     0.00651988     0.00180393     0.00063217     0.00115621    -0.00029813
508     0.00978789    -0.00466950     0.00827585     0.00042678    -0.00135384     0.00154041
509    -0.00936175     0.00321023    -0.00702020    -0.00016445     0.00077110    -0.00074258
510     0.00165237     0.00435584     0.00268464    -0.00018399     0.00056522    -0.00064096
511    -0.00638724     0.01186440     0.02678506     0.00000080    -0.00287605    -0.00055650
512     0.01074173    -0.01375233    -0.03290856     0.00005019     0.00168742     0.00015963
513    -0.00311576     0.00309292     0.00332487    -0.00016547     0.00141751     0.00029856
514    -0.03532798    -0.02070266    -0.02994929     0.00498857    -0.00048518     0.00704382
515     0.00842500     0.00778964    -0.00087998    -0.00309023    -0.00043793    -0.00335986
516     0.02365713     0.00582666     0.02681615    -0.00327218     0.00094034    -0.00518769
517    -0.00224192    -0.01361891     0.00068659    -0.00175102    -0.00063246    -0.00698675
518    -0.00357398     0.00339898    -0.00258168     0.00077128     0.00000808     0.00264531
519     0.00099586     0.01167923    -0.00149093     0.00107211    -0.00022212     0.00462455
520    -0.02594642     0.02858606     0.02701572    -0.00259794     0.00393784     0.00119950
521     0.00384304    -0.00450641    -0.00523332     0.00095151    -0.00202463    -0.00051614
522     0.01821702    -0.02127310    -0.01626176     0.00187217    -0.00258814    -0.00071146
523    -0.00319455    -0.00043045     0.00263828     0.00227074     0.00359032     0.00557087
524    -0.00005468     0.00026259     0.00020801    -0.00170910    -0.00227724    -0.00266484
525     0.00693089     0.00953603     0.00168772    -0.00111945    -0.00201557    -0.00401688
526    -0.01121498     0.01857592    -0.00041079     0.00133856    -0.00455883     0.00594830
527     0.01855601    -0.01310481    -0.00216495    -0.00086790     0.00204924    -0.00219929
528    -0.00965309    -0.00427991     0.00621214    -0.00008670     0.00196336    -0.00248786
529    -0.00607499    -0.00647023     0.00346216     0.00049819     0.00182438    -0.00064629
530     0.00189455     0.00833900    -0.00286919    -0.00023232    -0.00076500     0.00027371
531     0.00419815    -0.00352786     0.00255800    -0.00036446    -0.00098378     0.00035529
532     0.00060214    -0.02034243     0.02430317     0.00768892    -0.00012563    -0.00073183
533     0.02137354    -0.00376305    -0.01331980    -0.00546416     0.00012415    -0.00007123
534    -0.02300312     0.02622954    -0.00759034    -0.00308572     0.00042420     0.00006882
535    -0.00047802    -0.00497276    -0.00904598     0.00076113    -0.00097606     0.00472250
536     0.00015657    -0.00245889     0.00144939    -0.00060852     0.00091455    -0.00276284
537     0.00480125     0.00274390     0.00686235    -0.00056569     0.00017556    -0.00259011
538    -0.02082977    -0.00303789     0.01226060    -0.00360881    -0.00155786    -0.00229113
539     0.02461095     0.00306075    -0.01650695     0.00192411     0.00083116     0.00160814
540    -0.00169552     0.00052400     0.00823381     0.00224618     0.00069402     0.00108997
541    -0.02116255     0.00773118    -0.00698861     0.00983784    -0.01165878     0.01523016
542     0.01280026    -0.00952428     0.01619310    -0.00318128     0.00852996    -0.00900609
543     0.00813679     0.00330697    -0.00870440    -0.00195036     0.00404542    -0.00538719
544    -0.00785263     0.01366696     0.01087804     0.00851926    -0.01472793    -0.01548186
545     0.00567360    -0.00423122    -0.00494391    -0.00510098     0.00978035     0.00848777
546     0.00518838    -0.00300519    -0.00393209    -0.00491198     0.00373391     0.00685037
547     0.00039805    -0.01417500    -0.00333703    -0.00124456     0.00609097     0.00381712
548     0.00124510     0.00520317    -0.00147417     0.00081265    -0.00241033    -0.00206274
549     0.00120447     0.01212651     0.00253576     0.00107612    -0.00444489    -0.00273445
550    -0.00117304    -0.00233326    -0.00191714    -0.00149185     0.00079430     0.00078931
551     0.00578851     0.00035612    -0.00327581     0.00062686    -0.00033227    -0.00036253
552    -0.00065501     0.00650130     0.00549018     0.00075387    -0.00049572    -0.00044553
553    -0.01041345    -0.01073637    -0.00138057     0.00046221     0.00180014    -0.00011840
554     0.00201969     0.00586331     0.00709159    -0.00023498    -0.00096078     0.00014925
555     0.01279623     0.00391128    -0.00912957    -0.00017422    -0.00096797     0.00000928
556    -0.00091376    -0.00304052    -0.00113723    -0.00188141     0.00093287    -0.00136169
557    -0.00456628     0.00349461    -0.00042386     0.00098613    -0.00039794     0.00082284
558     0.00350326     0.00481000    -0.00390446     0.00111066    -0.00048311     0.00063564
559    -0.00977423    -0.01756446    -0.00575040    -0.00069732     0.00169504     0.00140592
560     0.00464442     0.01164407     0.01227668     0.00050238    -0.00098620    -0.00079628
561     0.00552927     0.00651671    -0.00593464     0.00034844    -0.00070618    -0.00069972
562     0.00925043     0.00774193    -0.02068056     0.00064450     0.00108985    -0.00259860
563     0.00470311     0.00434099     0.00502456    -0.00022360    -0.00040534     0.00110979
564    -0.01739320    -0.01014100     0.01523319    -0.00022367    -0.00060335     0.00154185
565     0.02048550     0.00687341    -0.00805537    -0.00073806    -0.00064847     0.00377876
566    -0.00818227     0.01186960     0.00147421     0.00013435     0.00042752    -0.00210982
567    -0.01675153    -0.01366949     0.00384919     0.00034044     0.00043268    -0.00157478
568    -0.00232070     0.00213893     0.00032867     0.00168538     0.00045710    -0.00194782
569    -0.00209940    -0.00734277    -0.00326600    -0.00105614    -0.00017608     0.00106619
570    -0.00175008     0.00705282    -0.00346766    -0.00083830    -0.00032207     0.00086148
