 Number of water molecules:
         190

 Atomic and electronic energies:
    -3.06340507    -0.11529749

 Atomic coordinates:
  1    -8.88239233    14.54296422    -7.95168866
  2    -8.12572884    14.51552235    -6.20155775
  3    -9.46112609    12.83853463    -8.59643001
  4     8.30477943     6.14013638    12.66830324
  5    10.19189116     6.50739336    12.84357598
  6     7.69307168     7.50147381    11.43500086
  7    -6.24856338     8.34901515     7.63174507
  8    -4.99910912     7.03138024     8.12127516
  9    -6.36370389     8.03728654     5.72235788
 10    15.31871433    -6.45411603    -9.38148126
 11    16.93113814    -7.39141984    -9.75464357
 12    15.00127864    -6.53000285    -7.49169327
 13     1.63413608     5.96521508    11.15755190
 14     2.67579156     5.74394510    12.78769872
 15     2.68418262     5.27963601     9.71443356
 16   -10.40867346     9.46340778    -8.62466420
 17   -11.60108065     8.08401897    -9.34399921
 18    -8.66921626     8.72696777    -9.02936190
 19     3.50025689     3.18474655   -20.51634226
 20     4.73002271     1.90706944   -21.19507087
 21     1.84895235     2.24408926   -20.76955630
 22   -17.46309655    11.25288117     1.41941238
 23   -16.29432599    11.96213346     2.83074434
 24   -17.85367182     9.49630917     2.07813173
 25     8.62845689     7.25712610   -12.67745452
 26     7.65476701     6.13614671   -14.01080061
 27     7.95250010     6.62172904   -10.96316604
 28    -6.57650367   -11.09518114    -9.76465808
 29    -6.14731324    -9.33532184   -10.20132148
 30    -8.25351718   -11.15676247    -8.78963960
 31   -12.66866952     2.56389676     6.52313470
 32   -13.32642423     4.36509639     6.80741033
 33   -12.50562422     2.35081570     4.63008807
 34    -2.17924397     8.40755902   -14.05313878
 35    -0.48273441     7.92134404   -13.39134739
 36    -2.34375650    10.25677380   -13.91673298
 37     7.09783524     6.20389114    -8.11706342
 38     8.73120582     6.48917467    -7.11398456
 39     6.22567659     4.70321410    -7.31099386
 40     3.80641604    -5.11288164   -11.15680411
 41     2.02206065    -4.54020737   -10.84251748
 42     3.57420718    -6.88463782   -11.90898570
 43    -3.98172333     4.04112302     0.19485109
 44    -4.04867071     4.73604788    -1.56907325
 45    -5.42035746     2.87798869     0.50525127
 46     6.92982097    -0.34560447    11.47687457
 47     6.86888001    -1.22809450     9.76813415
 48     6.93597186     1.50061832    11.10588865
 49     1.88253411     7.49940282    -1.93304474
 50     3.02999719     6.00909013    -1.45501274
 51     3.09439993     9.03008651    -2.25921699
 52     5.52255399    -7.82563682    15.64364595
 53     7.39330066    -8.13282864    15.33815361
 54     5.02613744    -6.53018615    14.32787001
 55   -15.45599004    -9.54372889    -3.87427351
 56   -16.51823755   -10.90452991    -3.22083580
 57   -13.99498290   -10.42616132    -4.92312026
 58    -9.94814075     6.78122012    14.05667299
 59    -9.00346629     5.71568864    15.37606322
 60   -11.05255781     5.45836629    13.26050420
 61    11.29868047    -5.03295684     8.86472765
 62     9.54467999    -4.41071635     8.35596471
 63    12.40762572    -3.42586397     8.90933964
 64   -14.54123236    -5.45427773    10.05552362
 65   -15.47959535    -5.33771655     8.38604940
 66   -13.95546391    -3.61373139    10.29580423
 67    11.59641378   -15.38894946     3.27751356
 68     9.93874581   -16.22043741     2.84476155
 69    12.62765638   -15.38285336     1.71485011
 70     1.64351063     1.57478474    -8.78680749
 71     3.10832737     1.39599570    -7.50514887
 72     0.06519856     1.72784888    -7.69940066
 73     0.12086929     1.84462128     2.19612279
 74     0.33478634     0.10708667     1.44149914
 75    -1.65108750     2.49255667     1.45865912
 76    -1.68520065   -12.77036642   -11.89212278
 77    -3.39416239   -12.40548892   -11.21558503
 78    -1.03739118   -14.27438559   -10.93575969
 79    -2.64798363    -3.28683405    -4.09545957
 80    -1.07386524    -3.24291030    -3.04933342
 81    -2.83137434    -1.49541148    -4.73837716
 82     1.46299072     0.14011120     6.74693619
 83     0.66657346     0.87445801     5.13177167
 84     0.17508443    -1.17124891     7.37362722
 85    -4.59496265    -3.65295319     0.52168269
 86    -5.43999046    -2.01645314     1.04492790
 87    -4.23443152    -3.64298147    -1.31993910
 88    -1.59364236    11.20426673     2.40128334
 89    -1.29449973     9.37712935     2.91987684
 90     0.02886010    11.99866369     1.76912697
 91   -15.53385127     9.99543004    -3.08795737
 92   -16.35569616    10.52292225    -1.31637590
 93   -16.58280659    10.77697712    -4.42271943
 94     2.53553216   -11.78092859    -7.77025753
 95     1.09400733   -10.41438444    -7.90823163
 96     1.65120544   -13.48590835    -7.74178210
 97    -1.94498135    14.50200153    -4.27277389
 98    -1.54782342    12.86188731    -5.27750189
 99    -3.83813366    14.49387676    -3.72356722
100    -6.78094896    -1.39635336     6.68355945
101    -7.47807163    -1.25023688     8.46243999
102    -5.02499821    -2.10745358     6.92457399
103    -2.16166520     7.12578462    16.13703865
104    -0.55269845     8.18382041    16.47290165
105    -3.48199236     8.28482509    15.45411383
106    -7.27996559     3.83109942    17.49125014
107    -5.58052026     4.22142755    18.32287448
108    -7.64091346     1.94657184    17.88907781
109   -15.83983019    -2.24539204     1.55246886
110   -16.35584202    -3.58278877     2.80754689
111   -15.27971590    -3.37221585    -0.06211930
112     2.37338654   -17.29160940    11.51689686
113     1.57447474   -16.50610594     9.93847334
114     0.98866174   -18.25953844    12.40691341
115    -6.78560479     2.19397124    -9.54689693
116    -7.90714351     1.63501539   -11.05190516
117    -6.81422533     4.15267926    -9.56916506
118     9.39129704   -11.64351004    10.98678892
119     8.25858110   -12.89911634    11.89048543
120     9.51729650   -10.18468056    12.26963190
121   -12.22790624    -6.43838384   -11.82516130
122   -12.20455777    -8.33280070   -12.00346545
123   -11.52578697    -5.84338176   -10.11915349
124   -18.59393513     0.99728197    -2.03961812
125   -17.87552216    -0.21737360    -0.68440544
126   -18.35514990     2.79747886    -1.42416916
127    10.24020296    13.39129370     3.35348091
128    10.26239358    13.34684986     5.32700289
129    10.42795126    15.26045655     2.95821272
130   -10.87633063   -10.41521940    -6.45991139
131   -10.54730649    -8.54654585    -6.95213179
132   -10.51751488   -10.47363330    -4.52181086
133    12.84918368     5.82775692    -7.26516170
134    12.71048792     4.03838354    -6.57918579
135    13.56297239     5.58745979    -9.00619008
136    -6.01302473    -8.90792212     5.43550546
137    -7.54775874    -7.82723393     4.82153638
138    -4.33998386    -8.13500503     4.77572689
139    -4.81271640    -6.03286675   -10.54277121
140    -4.29623063    -6.56811094   -12.31198247
141    -3.38719772    -4.84588786    -9.98745928
142    -6.31880926    10.59004078    14.91540261
143    -7.32683354     8.93574726    14.84955344
144    -7.37584368    11.74891891    16.01966130
145    -6.22364799   -12.99761096    13.51733319
146    -7.54746427   -14.16117588    12.96882358
147    -6.20211874   -11.50112161    12.39416196
148    -6.37320643    16.27309489   -12.00459591
149    -7.68263320    17.33746455   -12.88326182
150    -7.21076933    15.91335385   -10.30138077
151    -9.67237428     6.42544708   -14.78972959
152   -10.54407541     7.32740468   -16.18911003
153   -10.96530958     5.85778171   -13.55703950
154     2.16034785    10.05188758    16.37364852
155     1.72507194    10.53667796    14.57285828
156     3.39444474    11.42454289    16.75581037
157     8.06377101    -8.27695724     1.58031214
158     9.74828447    -7.67134332     2.44967382
159     6.69648130    -7.19138333     2.32744783
160    13.02796172    -0.46360116     7.44155960
161    11.47085695    -0.06057969     6.29898725
162    14.50697729     0.50543960     6.66703282
163    -4.64859187    -7.36077244   -15.54521500
164    -3.07473089    -7.14460438   -16.60064437
165    -5.06158221    -9.20989546   -15.71362094
166    10.21155044    -1.54301429    14.91192893
167     9.82404738    -0.77079474    16.49452469
168     8.99192009    -1.18929421    13.46850483
169   -15.17469878    -1.64849852   -10.94361971
170   -14.67640079    -3.45949701   -11.22248349
171   -15.75983517    -1.48867111    -9.07710872
172    -1.99895209    13.43768660   -11.71203292
173    -0.70267302    14.49592659   -10.85616252
174    -3.52601107    14.56793817   -11.68691932
175   -17.90589674     1.67849198     4.31370330
176   -17.11476927     0.46214553     3.08952151
177   -17.07613896     1.37627906     6.01389469
178   -17.34863827     6.59144080     3.53819010
179   -16.35744466     6.94953907     5.13607258
180   -17.77433309     4.71085540     3.70911905
181     2.44418422    -9.53521712   -13.46219020
182     1.75951188    -8.81711306   -15.06646679
183     1.17148600   -10.58698669   -12.63295706
184    -2.75474682     4.84320171     8.81639141
185    -1.36207953     5.41598853    10.05227334
186    -3.24056300     3.14230810     9.38553152
187     2.72960865     8.28628264   -11.46773510
188     3.76674958     7.43400496   -10.09393376
189     4.00270487     9.43497357   -12.30112692
190   -14.95211942     5.33165690    -1.09856980
191   -15.01122993     6.94513801    -2.13798548
192   -15.60245998     5.83613501     0.63509274
193    -2.76319265     1.85306984    -6.05607994
194    -2.73358326     3.74884764    -5.69527298
195    -3.95493202     1.62394546    -7.59140426
196    11.44501688    11.12451003   -10.94131028
197    10.29401822     9.97005304   -11.92976964
198    11.01020343    12.82591248   -11.50302030
199    15.39298359     6.76142181    13.28977238
200    15.02104047     4.91058685    12.97022797
201    16.10249717     6.98868655    15.06971869
202    -0.51100690   -10.51913416    10.38965145
203    -2.35180799   -10.06654590    10.79972924
204     0.27694268   -11.19711371    12.06574330
205     7.70670207     5.56498857     3.64870853
206     6.74744802     7.22992483     3.95547435
207     9.52824032     6.01716066     4.31391414
208     9.36519621    -7.15737831    -3.28426812
209     8.15252523    -7.77865870    -4.61205546
210     8.77841895    -7.79789365    -1.58290374
211    14.40192178     9.42853574     9.00224974
212    14.69366745     8.68650698    10.75948005
213    15.96761867    10.43908356     8.59422468
214     7.44877178    -1.71041394     0.40269533
215     6.10954257    -0.60270300    -0.45987128
216     6.41884243    -3.09952151     1.24294733
217    16.52829501     0.96029980    -2.82325125
218    15.59950348     1.06089041    -4.53975378
219    15.42341714    -0.19182571    -1.74825198
220    10.44133234    12.47087437     8.30609728
221    11.97803988    11.37531772     8.76136580
222     9.00981081    11.40417791     9.05590009
223    -1.71112768    -6.99258519     3.05582073
224    -2.40894941    -5.65389040     1.84205237
225    -1.44188653    -8.47313774     1.90504607
226     9.73945692   -13.87099885    -6.24055901
227     8.45655374   -12.43886792    -6.18406609
228    11.07467437   -13.25554971    -7.44650956
229   -10.57048405    11.04782429    -3.79915261
230   -12.43378237    10.94510222    -3.42435590
231   -10.35250881    10.32179773    -5.61650358
232    14.32223136    -6.89297151    -4.50552440
233    12.40984268    -7.10627983    -4.05180865
234    15.15749266    -6.08543997    -3.01088654
235   -10.25679963    10.64543357     1.43894109
236   -10.42378531    10.84215332    -0.44575562
237    -8.65427232     9.68660796     1.79935032
238    12.42969584    -7.66597725     4.40892395
239    12.19401648    -6.51575966     6.00307735
240    12.86002207    -9.33729162     5.19735946
241     9.95518259    12.30852505    -6.24893333
242    10.44893710    11.38766395    -4.63447341
243    10.95207713    11.38376753    -7.65220770
244    15.40134841     9.31375131    -4.78618478
245    15.76282999    10.61667550    -6.04898815
246    14.39869430     7.81850786    -5.45194643
247     5.60565547     1.72931222    -5.51520193
248     6.57367381     0.13813066    -5.56376598
249     5.17532193     1.96327592    -3.66323486
250     7.04758330   -17.92536079     1.27166207
251     6.95743500   -17.98830535    -0.61036376
252     6.61877867   -19.70746549     1.80664759
253    -7.72705667    -1.32327524    17.69664326
254    -8.37338661    -2.98536097    18.27845819
255    -5.80663349    -1.36760819    17.90436514
256    13.37163723     1.86406404    12.13631887
257    12.51526069     0.34277471    12.98257824
258    13.42087579     1.32758525    10.32102020
259    12.89514509     6.56685805     4.96918436
260    13.28036382     7.65221952     6.50911164
261    12.97635867     7.78277820     3.45258373
262    -7.31031232     0.33852600     1.90696831
263    -7.35091307    -0.31842645     3.74546532
264    -9.06232984     1.03468324     1.53057464
265     1.99161841   -11.25952169    14.71361941
266     3.28646665    -9.98571193    15.35933308
267     3.04274127   -12.86907940    14.53828304
268     0.15357756    -7.00621858   -17.57450781
269     0.85164338    -7.88110861   -19.12932807
270     0.43782819    -5.07611847   -17.87161186
271    14.80170190    -5.00457051     0.64162089
272    16.48284477    -4.52728406     1.45100511
273    13.81618152    -6.12393861     1.91043141
274   -14.26127090    -4.55528890    -2.39575072
275   -12.34830573    -4.56195965    -2.43325666
276   -14.92287021    -6.25847327    -2.86477574
277    -9.06808073    -4.23511285    -2.36230070
278    -7.91146727    -4.11446040    -0.81165996
279    -8.53691629    -2.77233311    -3.46822656
280     2.10054779    -2.45826381   -18.57133319
281     3.53926939    -2.50268540   -19.88467216
282     2.56503349    -1.49118478   -16.93938805
283    -1.69205372    -4.11070671     7.73598652
284    -1.41723667    -5.17490569     6.11216596
285    -1.47235576    -5.33421157     9.22324596
286     9.54534339     0.94328894     4.19969445
287     8.94065594     2.70031525     3.67652545
288     9.28339780    -0.08752809     2.56874659
289     3.15631033    13.16310970     1.29388773
290     4.08672390    12.48049447    -0.32671060
291     3.42281248    15.09526262     1.22438285
292     4.53665608     9.47683416     4.85961437
293     2.91109666     8.34636334     4.80233127
294     4.13292025    10.94678058     3.64470754
295    18.22676211     4.71670145     0.59545884
296    17.57883853     3.43202820    -0.64626289
297    20.04059948     4.99793739     0.08641613
298    -6.14018695   -11.90508354     1.10216407
299    -4.34107321   -12.10581532     0.54157378
300    -6.03048929   -10.88320714     2.73654529
301    13.90235184     5.97997218   -12.29411002
302    14.97078332     7.38720984   -12.93346020
303    12.07941189     6.53798289   -12.50290193
304    -8.47781779    -3.67885800   -14.62555669
305    -7.03600262    -4.90407750   -14.76716506
306    -9.95428696    -4.76615541   -14.17373191
307    14.83221838     8.53596093     0.21387467
308    16.09666285     7.19914318     0.55610055
309    15.03461299     8.99438115    -1.68391235
310    -0.79760853   -15.99623915    -7.81235951
311    -0.13351798   -17.37037404    -6.67341884
312    -2.23894613   -15.13216792    -6.82964496
313    -9.53787027    -5.74461118     4.38457407
314   -11.34625995    -6.21617715     4.97590729
315    -8.81768677    -4.19109643     5.28004006
316     0.13249411   -15.09597537     7.33331917
317    -0.06902342   -13.41576222     8.29262975
318     1.45506800   -14.78821989     5.89680156
319     6.87328046    -9.27319312    -7.23781045
320     5.30227973   -10.36732127    -7.53962381
321     7.45195289    -8.66084670    -8.92822403
322   -13.06249735   -14.23746966     4.82158739
323   -12.38338509   -13.69385837     6.60711695
324   -11.54246795   -15.26874932     4.14176630
325     8.65243562    -3.78669950   -12.55988588
326     6.93296623    -4.06859321   -11.66941671
327     8.27843520    -2.62304940   -14.01760061
328    -3.02317469    -9.26758235    15.71530779
329    -1.33037434   -10.00784684    16.00814549
330    -4.05940344   -10.76446477    15.01491435
331   -10.41244332   -12.70122719     8.68574363
332    -8.77875060   -12.56419156     7.68657405
333   -10.58363538   -11.04000885     9.73819411
334    13.06503493   -11.95866716     6.89784526
335    11.82703665   -12.12622601     8.36555117
336    12.51268296   -13.36022688     5.69134166
337     0.03433621     2.40053158    16.08270227
338    -0.94279712     4.11707610    16.36082300
339     1.85752893     3.06923709    15.87737443
340    12.67691895     0.75559418    -6.16542998
341    12.33957314    -0.36350156    -7.68093319
342    11.95618141    -0.25797334    -4.64609613
343    -2.28805811     6.63619325    -4.33064703
344    -1.91109549     7.81421566    -5.76649221
345    -0.80911109     6.89788187    -3.15239065
346   -10.92151646    10.11074167     9.48465571
347   -10.19937423     9.40094554    11.13530421
348    -9.43190776     9.99472287     8.32506815
349     8.22360176    -9.01542567   -12.59564292
350     6.44110464    -9.43066793   -13.33345643
351     8.57828901    -7.25113708   -13.07429411
352     1.84046035    15.45453296    -8.17257522
353     3.67207967    15.79029622    -7.53209801
354     0.74573831    15.36401440    -6.50406722
355    -3.42513118   -17.14646385     3.74723238
356    -2.08409759   -17.29014861     2.31690674
357    -2.32906697   -16.55839847     5.21180866
358    -7.93043126    -0.16190781    12.43912014
359    -7.93262209    -0.48628145    14.28837439
360    -6.16602459     0.44896840    12.07307703
361    -5.75966853    -9.01209453    10.26549805
362    -5.79920706    -8.97496989     8.30097242
363    -7.51334257    -8.46711393    10.82843412
364    -3.26968406    -0.41036994   -14.72773742
365    -4.80158909    -1.55661480   -15.14549678
366    -3.79283278     1.40770810   -15.21974540
367    -6.86667144    14.35934485    -2.71296328
368    -6.68103970    14.47681211    -0.77855925
369    -8.05930320    12.88672054    -3.11557830
370     6.06349475    10.03832064    10.00284278
371     5.58512281     9.68515928     8.20075342
372     4.45549029    10.84711599    10.62803545
373   -13.96419047    -9.53184163     2.83950458
374   -13.94435282   -11.36214210     3.31800263
375   -12.85326398    -9.56885061     1.24287561
376     0.62729371   -15.86321089     0.20526538
377     1.95887893   -15.35414044     1.55646320
378    -0.46588174   -14.30874611    -0.12584613
379    12.73517241    -1.96130730   -10.27382426
380    13.88627150    -3.44245852    -9.92650836
381    11.28957411    -2.77445566   -11.26621903
382    -1.50615074    18.08949820    -0.53200225
383    -2.93146691    17.51789003     0.59441363
384    -1.67368269    16.86988606    -1.95632313
385    -2.84820376    -1.76900538    17.47030830
386    -2.36816101    -3.02079894    16.10741735
387    -1.72594853    -0.23365073    17.15090621
388    19.08520353    -2.55134766     3.78445168
389    18.15066187    -0.81850273     4.05175002
390    20.60338851    -2.59647828     4.91876393
391    -1.33897559     9.64174946    -8.20313526
392     0.37256067     9.05170938    -8.89715889
393    -1.97698895    10.90583407    -9.47041327
394     5.36264210    11.45058864    -2.84697703
395     5.89187323    11.92194079    -4.58554653
396     7.05458461    10.84572187    -2.09476998
397     2.05995422     0.92851202   -14.21765956
398     0.22857351     0.85649037   -14.70948498
399     2.09882357     1.31652209   -12.29573706
400   -16.71668216    -6.04007556     5.30249954
401   -18.35865507    -6.81447258     5.82555835
402   -15.81458843    -7.46593459     4.26963841
403     3.35768325    -9.74472039    -1.96607678
404     3.44295795    -8.18337194    -3.11289694
405     4.78055543    -9.51347454    -0.78077453
406     4.07490585   -14.47477602     3.75080663
407     5.14125786   -13.15706158     4.62462303
408     5.41234180   -15.62708011     2.93468868
409    10.43780467    18.51044827     1.99240160
410    10.15462291    20.23564006     2.63017584
411     9.42398003    18.37437880     0.36116682
412   -10.65482211     0.42191521   -12.20858373
413   -12.38118358    -0.35323244   -11.74824645
414    -9.85137285    -0.80338628   -13.42392179
415     7.51974342   -18.10222147    -3.80665951
416     8.40452525   -16.68572066    -4.68723699
417     7.92294825   -19.66205565    -4.73465962
418    -5.02085731    15.57520811     2.51584195
419    -3.98444123    13.95799395     2.59505977
420    -5.24598959    16.15502365     4.31783665
421     1.10076529    11.12615506    11.39740073
422     1.02708934     9.35678172    10.77726046
423    -0.58312192    11.90143059    10.86321253
424    -3.25987382    16.24650113     7.35689365
425    -1.47764583    16.11964931     6.86272709
426    -3.54687208    14.91765763     8.76427888
427    -3.29289958   -11.72890960    -5.73355373
428    -4.86119535   -11.67935455    -6.85053015
429    -2.16459890   -10.32328684    -6.32242349
430    -2.81277110     0.35365781    11.85037043
431    -1.67594629     1.24648702    13.18735683
432    -2.57860802    -1.57820038    12.10040260
433    -4.89284971     4.37431823   -15.77574840
434    -3.83240713     5.90541878   -15.32608499
435    -6.71877130     4.89295800   -15.47004086
436   -10.07078333    -9.31925573    -1.41624994
437    -8.65017031    -9.99700529    -0.40377642
438    -9.65805929    -7.46921751    -1.67836438
439     4.44166236     5.05419090    15.75455187
440     3.68041116     6.73146753    16.44906844
441     5.97167433     5.51113628    14.70983853
442    12.14237362   -11.18360111   -10.05331817
443    10.64028437   -10.66846499   -11.03180208
444    12.78743504    -9.49191755    -9.47837635
445     7.67159663    -2.94551773    -6.02417554
446     8.28692866    -3.64151468    -7.65678520
447     8.87251159    -3.75358128    -4.74734212
448    -5.97328982     7.37785899    -9.58718436
449    -4.55281606     8.31917683    -8.65210000
450    -5.27425432     6.93671285   -11.30999886
451   -10.81437313    -8.53921884    11.38663808
452   -10.47180616    -7.91263071    13.17534939
453   -12.44623571    -7.57906285    10.81318414
454     3.11242765    18.57236682     1.59453514
455     3.25924948    20.14039813     2.55854698
456     1.29154843    18.51669710     0.88880690
457    16.42579293     2.31626425     4.84827875
458    17.46099237     3.11853524     3.44363251
459    15.06207176     3.66375125     5.12672830
460     8.19005746    -0.26311985   -16.56551682
461     6.96159960     1.15580651   -16.26569890
462     9.85214679     0.51535513   -15.96291724
463   -12.38829743    -0.94383788    10.10203793
464   -12.45278668     0.35014536     8.67560481
465   -10.67060666    -0.61144311    10.90482117
466   -13.19170785     3.25781710    -5.51608524
467   -13.90182246     4.01726990    -3.87027186
468   -14.17269912     1.60946324    -5.87024139
469    -9.28078685    -0.15876690    -5.56336039
470   -10.51958221     1.27739503    -5.25791737
471    -8.13020136     0.70626375    -6.91578234
472   -17.21713773     3.24745297   -11.91411766
473   -16.78848695     1.40292129   -11.82265935
474   -15.57380101     4.03354609   -11.45712745
475   -15.88325070    -0.97080822    -6.07300534
476   -15.10105782    -2.47584379    -5.09072611
477   -17.44420454    -0.37024923    -5.02289995
478     6.50052944    -1.39211060   -21.50771932
479     7.31626035    -1.10403755   -19.80092293
480     7.75136994    -2.06276281   -22.69017803
481     6.94007416   -11.23552511     6.49278272
482     7.97138961   -11.39354223     8.09085373
483     7.88688339   -10.30531793     5.15074350
484    10.05909069    10.82146737    -1.12902373
485     9.59453242    11.75712411     0.49301477
486    11.77711059     9.98900192    -0.80279471
487    -1.33243256   -11.04814599    -1.16489856
488    -2.11809333   -11.33404655    -2.88625214
489     0.54854820   -10.63383081    -1.51532998
490   -12.15285708     1.50038302     1.26285698
491   -12.90076897     2.83804272     0.17409150
492   -13.28059933    -0.11342289     1.23174347
493    10.12915849    -6.75690704    13.55172847
494    10.55281269    -5.16411492    14.47480272
495    10.71769966    -6.41439301    11.79095317
496   -13.79079520    11.83629825     4.91808951
497   -12.97239187    12.25155507     6.57514605
498   -12.44660784    11.32931044     3.61824748
499     4.83546824     3.35526111    -0.29710967
500     5.90812498     4.04358822     1.15935636
501     3.23951136     2.57708833     0.46944119
502    -0.66170535    -7.62925467    -6.72255868
503    -1.83669169    -6.17454506    -6.30308590
504     1.05721629    -6.98062237    -6.12051780
505    -8.66494873   -15.87591098     3.49217323
506    -8.25826820   -14.23084306     2.50249080
507    -6.94333943   -16.75639813     3.64469101
508     6.50151360   -14.85538050    13.53901463
509     5.56529543   -16.31244908    12.57797455
510     7.19482866   -15.73484841    15.09581508
511     1.84851134   -18.32137498    -4.04750992
512     1.27614371   -17.25889740    -2.56498907
513     3.70198808   -18.51175827    -4.20347796
514     7.07053822    -2.68906955     6.85010215
515     7.39176473    -1.07627617     5.91832879
516     6.24622853    -3.86298411     5.49104704
517    -0.76456764    -2.68363470   -10.72559359
518    -1.70034461    -1.97344071   -12.26913701
519     0.27055916    -1.16738309   -10.12374774
520    -5.98944995     8.12581704     2.52166337
521    -4.75791023     9.48218897     2.30084416
522    -5.29375894     6.44588266     1.77424562
523     4.86975827     3.83765540     7.76136380
524     6.05633951     4.18646916     6.28219641
525     3.89530572     2.19928043     7.34404310
526     2.95202761    -7.74127312     7.64107024
527     4.40663960    -8.96132789     7.36203295
528     1.65508729    -8.71680196     8.73123413
529     7.00508014    16.33357612    -6.98218103
530     8.08710606    17.84190114    -7.50437922
531     8.24966516    14.84801915    -6.83554607
532    11.80656495    -2.10853354    -1.99180441
533    10.05694333    -2.06447440    -1.10184085
534    12.86959429    -3.30038149    -0.97027172
535     3.66262421    -4.54925889    11.89509899
536     3.65541069    -4.77720551    10.07037657
537     4.55630103    -2.84104822    12.17448975
538    -9.50169277    -5.49327706    -7.73908866
539    -7.70905657    -5.30268946    -8.41561229
540    -9.72850615    -3.95830205    -6.65936477
541     4.32413191    -5.28853451     3.22475477
542     2.80129083    -4.39930886     2.35295082
543     3.53751104    -6.16477641     4.77660662
544     3.19983312    -5.45320376    -4.78749367
545     2.96290317    -4.04215619    -3.50753695
546     4.53461996    -4.76690133    -6.01135569
547     0.39739479     6.49638262     4.55551800
548    -0.72971516     5.81822566     5.91438988
549     0.61635817     4.85866011     3.52355327
550   -15.04548722     6.95223084     8.30386378
551   -16.35020866     7.68642432     9.45384462
552   -13.52591930     8.20901994     8.30612258
553     6.82191048    18.75476696    -2.01119051
554     6.17851419    18.05032845    -3.65286724
555     5.35531720    18.56404625    -0.67122292
556   -12.38626343     4.86495369   -10.23857735
557   -11.70369145     3.23027350   -10.98461368
558   -12.55942781     4.56189113    -8.36671211
559    -3.96119500    12.24402294    10.50337393
560    -4.79506566    11.08720888     9.24182525
561    -4.40076290    11.68113722    12.25219940
562     5.53755947     4.47735643   -15.69613719
563     5.21369485     4.90436542   -17.52424141
564     4.16291067     3.31123301   -15.07776005
565    -1.56232720    -4.67354855    13.46857333
566     0.25574046    -4.79294877    12.84915324
567    -2.04661363    -6.46603416    14.04470816
568    12.75782686     1.31894323   -14.42713327
569    12.94791712     0.13106816   -12.88398238
570    13.50746797     2.98198190   -13.81507590

 Atomic and electronic forces:
  1     0.00550044     0.01447246    -0.01218234    -0.00094195     0.00143861    -0.00064799
  2    -0.00571218    -0.00717247     0.00038273     0.00050489    -0.00082795     0.00028551
  3    -0.00025735    -0.00373984     0.01292145     0.00055348    -0.00071952     0.00039271
  4     0.01765771     0.01541311    -0.00696193     0.00111587     0.00142887     0.00230677
  5    -0.01233044    -0.00980812     0.00207804    -0.00060012    -0.00061805    -0.00096815
  6    -0.00611260    -0.00464903     0.00480111    -0.00054724    -0.00090719    -0.00113575
  7    -0.01061222     0.01353327    -0.02114877    -0.00179253     0.00227344     0.00177552
  8     0.01628584    -0.01849476     0.01827477     0.00097609    -0.00127695    -0.00120910
  9    -0.00701516     0.01036659     0.00347464     0.00112927    -0.00137131    -0.00084462
 10    -0.00294793     0.00437158    -0.01513601     0.00233807    -0.00079391    -0.00155265
 11    -0.00197781     0.00038344     0.00323166    -0.00097453     0.00035594     0.00060219
 12     0.00265951    -0.00460528     0.01235168    -0.00142505     0.00050391     0.00076396
 13    -0.00274783     0.00744268     0.01943285    -0.00009772     0.00232245     0.00337679
 14    -0.00732500    -0.00317057    -0.01693455    -0.00008048    -0.00087812    -0.00149953
 15     0.01257271    -0.00639174    -0.00272443    -0.00014462    -0.00151973    -0.00211545
 16    -0.01290563    -0.01794251    -0.00794367    -0.00154782     0.00143406    -0.00101767
 17     0.00816502     0.01684690     0.00743178     0.00080495    -0.00059773     0.00052567
 18     0.00501831     0.00185073    -0.00057996     0.00083966    -0.00084706     0.00067414
 19    -0.01136201    -0.01683278    -0.00413488     0.00014516     0.00046996    -0.00184090
 20     0.01383241     0.00088322    -0.00191466    -0.00012033    -0.00016392     0.00088625
 21    -0.00016838     0.01420514     0.00616860     0.00000344    -0.00019280     0.00093784
 22     0.01404136     0.00698480     0.01118257    -0.00121503     0.00082929     0.00011929
 23    -0.00925210    -0.00328258    -0.01530877     0.00059964    -0.00045897    -0.00010907
 24    -0.00463185    -0.00569512     0.00200183     0.00066568    -0.00038627    -0.00008614
 25    -0.01488662    -0.02376854    -0.02579356     0.00118359     0.00162314    -0.00214597
 26     0.01333859     0.02013020     0.02005605    -0.00050133    -0.00070554     0.00117945
 27     0.00400397     0.00594281    -0.00212472    -0.00076401    -0.00108478     0.00132224
 28    -0.01194552    -0.03167539     0.01354476    -0.00182913    -0.00197746    -0.00200423
 29     0.00122228     0.02934685    -0.00288172     0.00104985     0.00096658     0.00126707
 30     0.00962336     0.00420972    -0.00787510     0.00100606     0.00091341     0.00082408
 31    -0.00371091     0.01108719    -0.00359114    -0.00250870     0.00078350     0.00120054
 32     0.00172623    -0.01062380     0.00537231     0.00106289    -0.00044327    -0.00050685
 33     0.00250593    -0.00141066    -0.00277412     0.00147021    -0.00044240    -0.00051913
 34    -0.01577852    -0.03096905    -0.00492628    -0.00062334     0.00156976    -0.00205031
 35     0.01647446     0.00212834     0.00516620     0.00022472    -0.00091825     0.00119656
 36     0.00101929     0.02965149     0.00360370     0.00027141    -0.00077483     0.00084981
 37     0.00435301     0.00254636     0.01080691     0.00226510     0.00356803    -0.00331833
 38    -0.00960135    -0.00290253    -0.00927923    -0.00136279    -0.00169161     0.00132100
 39     0.00300410    -0.00470768     0.00290205    -0.00154950    -0.00239086     0.00243054
 40     0.01344898    -0.01291295     0.00093164     0.00106742    -0.00183847    -0.00598260
 41    -0.01139850     0.00923841     0.00013884    -0.00003618     0.00090774     0.00347106
 42     0.00012876     0.00462327     0.00097623    -0.00034303     0.00103509     0.00234916
 43     0.02474427     0.00661395     0.01093645    -0.00762744     0.00795748     0.00098266
 44    -0.00269478     0.00376178    -0.01169801     0.00320627    -0.00364561     0.00053902
 45    -0.02271528    -0.01604135     0.00005383     0.00419280    -0.00282787    -0.00058838
 46    -0.00568103    -0.01543839    -0.00697137     0.00183660     0.00059583     0.00439592
 47     0.00185012     0.00018956    -0.00036057    -0.00137781    -0.00020070    -0.00285665
 48    -0.00113789     0.01781523    -0.00017495    -0.00091903    -0.00064204    -0.00213483
 49     0.03422446     0.00912353     0.00209910    -0.00006424     0.00861902    -0.00122927
 50    -0.00534799     0.01356435    -0.00341407    -0.00078600    -0.00582507     0.00063847
 51    -0.01905980    -0.02103721     0.00423739    -0.00032816    -0.00318551     0.00049398
 52     0.00465223    -0.00694601     0.00066126     0.00054969    -0.00089634     0.00245285
 53    -0.00201082     0.00596259     0.00172128    -0.00039774     0.00044951    -0.00114587
 54    -0.00528519     0.00431184    -0.00172536    -0.00032514     0.00047933    -0.00154539
 55     0.05031585     0.00102992    -0.03438308    -0.00198460    -0.00086768    -0.00038990
 56    -0.01731952    -0.02049877     0.01067589     0.00085410     0.00041491     0.00012796
 57    -0.03413234     0.02395583     0.02283543     0.00101734     0.00054227     0.00028532
 58     0.00940072    -0.01306195     0.00771352    -0.00109422     0.00080888     0.00133696
 59     0.00168769     0.00636378     0.00170123     0.00050348    -0.00035522    -0.00072890
 60    -0.00630764     0.00427640    -0.00732688     0.00063596    -0.00036533    -0.00067200
 61     0.00105681     0.00848678    -0.00193861     0.00305880    -0.00101331     0.00302853
 62     0.00489764     0.00112912     0.00081817    -0.00185685     0.00060647    -0.00213734
 63    -0.00758619    -0.01036806    -0.00518670    -0.00152773     0.00021825    -0.00135960
 64    -0.00189521     0.01148760    -0.00616914    -0.00172417    -0.00036473     0.00109949
 65    -0.00239659    -0.01013120    -0.00169157     0.00091825     0.00017771    -0.00046603
 66     0.00486403    -0.00522057     0.00596099     0.00091375     0.00009423    -0.00061803
 67    -0.00738194     0.00371921     0.01352446     0.00161068    -0.00223750     0.00061632
 68    -0.00369092    -0.00373523    -0.00277491    -0.00070471     0.00125344    -0.00028712
 69     0.00814140    -0.00018322    -0.01160988    -0.00084297     0.00105822    -0.00016894
 70     0.00913021    -0.01018832     0.01031537    -0.00031625     0.00395222    -0.00926824
 71    -0.00592575     0.00704375    -0.01494178    -0.00100052    -0.00276113     0.00573053
 72    -0.00324182     0.00344991    -0.00142128     0.00134064    -0.00259958     0.00505228
 73    -0.03335296     0.00289130    -0.02710872    -0.00902339     0.01995020     0.01339171
 74    -0.00523640     0.00338452     0.00318970     0.00653081    -0.00937842    -0.00794974
 75     0.03797788    -0.00445015     0.01696083     0.00524989    -0.00691102    -0.00301778
 76     0.01490965     0.01059865    -0.01359549    -0.00069274    -0.00209592    -0.00220365
 77    -0.01951059     0.00245932     0.00646268     0.00053730     0.00106394     0.00108959
 78     0.00233868    -0.00986591     0.00741260     0.00026984     0.00113452     0.00096108
 79     0.00715919     0.00618822     0.00345708    -0.01609153    -0.00482534    -0.01256043
 80     0.00037725    -0.00645877    -0.00233657     0.00966575     0.00414304     0.00814348
 81    -0.00720414     0.00592144    -0.01011736     0.00657906    -0.00053475     0.00578245
 82    -0.01229146    -0.00839464    -0.01322422    -0.00093580     0.00413780     0.01332625
 83     0.00619695    -0.00060603     0.01277170     0.00172830    -0.00402973    -0.00741311
 84     0.00830194     0.00551813     0.00348336     0.00130801    -0.00068047    -0.00590397
 85     0.01046151    -0.01210242     0.02687257    -0.01607209    -0.00419623     0.00234457
 86    -0.00813457     0.00804107    -0.00123570     0.00668486     0.00007346    -0.00134670
 87    -0.00016661     0.00415543    -0.02654021     0.00827577     0.00227095     0.00115143
 88    -0.02226128    -0.00498989     0.00368998    -0.00105361     0.00392738     0.00086366
 89     0.01369851     0.00948015    -0.00219286     0.00070817    -0.00248298    -0.00074578
 90     0.00882685    -0.00359846     0.00081703     0.00026941    -0.00195516    -0.00031759
 91    -0.00536855     0.00131519     0.05097622    -0.00147218     0.00100946    -0.00021871
 92     0.01556653    -0.00547904    -0.03870462     0.00068860    -0.00047089     0.00003112
 93    -0.01276473     0.00895861    -0.01123780     0.00063890    -0.00044010     0.00013562
 94    -0.02996480     0.02961801    -0.00473053     0.00027779    -0.00428779    -0.00317604
 95     0.03112446    -0.02972280     0.00370071     0.00022277     0.00238238     0.00208344
 96    -0.00043754    -0.00035492    -0.00029916     0.00003904     0.00184997     0.00116581
 97    -0.00400445    -0.02264375    -0.01095423    -0.00060749     0.00257762    -0.00058606
 98    -0.01537859     0.02430017     0.01846785     0.00035094    -0.00149354     0.00047712
 99     0.01891087    -0.00480494    -0.01083502     0.00042311    -0.00120725     0.00023460
100     0.00046148    -0.00750292     0.00381462    -0.00495055     0.00034305     0.00403933
101    -0.00267252     0.00357696    -0.00163025     0.00176868    -0.00014108    -0.00167322
102     0.00357932    -0.00146616     0.00107619     0.00274012     0.00004187    -0.00289635
103     0.02684264    -0.00705913     0.00916553    -0.00046152     0.00102633     0.00186527
104    -0.01719197    -0.00491314    -0.00255414     0.00012988    -0.00052917    -0.00087954
105    -0.00942056     0.01196048    -0.00236346     0.00029067    -0.00055141    -0.00085262
106     0.01047323    -0.01120003     0.01017772    -0.00081456     0.00051515     0.00158650
107    -0.01408234    -0.00158533    -0.00817914     0.00032549    -0.00026923    -0.00081314
108     0.00102977     0.01668773    -0.00646588     0.00042036    -0.00017294    -0.00080537
109     0.01416454    -0.01981036    -0.04591552    -0.00253772    -0.00004013     0.00028794
110    -0.00337954    -0.00588148     0.01430216     0.00115707     0.00010244    -0.00020671
111    -0.01208509     0.03287762     0.03637800     0.00136999     0.00011257    -0.00003201
112    -0.00546093    -0.00097853    -0.00052908     0.00005162    -0.00170323     0.00132575
113     0.00165448    -0.00529880     0.00349496     0.00002379     0.00104444    -0.00074348
114     0.00392364     0.00296450    -0.00450336     0.00004209     0.00074515    -0.00058638
115     0.00112045     0.01649951    -0.00318235    -0.00306829     0.00145408    -0.00317601
116     0.00515079     0.00191906     0.01491728     0.00122997    -0.00044615     0.00131725
117    -0.00022190    -0.01759164     0.00004327     0.00130993    -0.00091356     0.00135432
118     0.00392149     0.02376108     0.00675690     0.00129930    -0.00168644     0.00198225
119    -0.00570642    -0.01198342     0.00312200    -0.00047176     0.00081458    -0.00091532
120     0.00577360    -0.00796122    -0.01454202    -0.00064085     0.00069525    -0.00107011
121    -0.00667522     0.01081635    -0.00817141    -0.00177100    -0.00056436    -0.00141978
122     0.00182928     0.00386324     0.00957857     0.00080245     0.00036382     0.00065483
123     0.00355991    -0.01503004    -0.00610532     0.00112139     0.00032637     0.00080368
124     0.01266547    -0.01268011     0.01574409    -0.00186753     0.00026941    -0.00014230
125    -0.01090036     0.01775601    -0.01562140     0.00103350    -0.00009113     0.00001108
126    -0.00054064    -0.00841060    -0.00126479     0.00091687    -0.00021541     0.00004276
127    -0.00379529     0.00208102     0.02225056     0.00118432     0.00219816     0.00054702
128     0.00012512    -0.00656629    -0.02117352    -0.00054915    -0.00101379    -0.00038313
129     0.00146398     0.00407450    -0.00516507    -0.00046760    -0.00095131    -0.00018952
130     0.01055390     0.01971997     0.01797199    -0.00233197    -0.00154532    -0.00109366
131    -0.00330572    -0.01657867     0.00490531     0.00136381     0.00072327     0.00070964
132    -0.00321833     0.00074235    -0.02154961     0.00133751     0.00091759     0.00043748
133    -0.01008777    -0.00410410     0.01769218     0.00262892     0.00186908    -0.00162859
134     0.00002376    -0.00533462     0.00109997    -0.00170159    -0.00094136     0.00095944
135     0.00409266     0.00392414    -0.01701779    -0.00110955    -0.00071690     0.00081087
136     0.01186328    -0.00030853    -0.01697491    -0.00366027    -0.00320551     0.00270105
137     0.01776366    -0.00139086     0.00393651     0.00207567     0.00128513    -0.00114892
138    -0.02162951    -0.00117943     0.00303173     0.00238954     0.00235809    -0.00197994
139     0.00597182     0.00533464     0.01107565    -0.00261510    -0.00160543    -0.00390110
140    -0.00402535    -0.00131641    -0.00506937     0.00089967     0.00067597     0.00170988
141    -0.00496033    -0.00473267    -0.00493242     0.00151951     0.00084663     0.00270817
142    -0.00593531    -0.00831805     0.00812855    -0.00067810     0.00103404     0.00126274
143     0.00049235     0.00854763    -0.00488099     0.00041198    -0.00048650    -0.00068089
144     0.00640856    -0.00260049    -0.00605521     0.00029836    -0.00044036    -0.00052801
145     0.02597311     0.00112419     0.02816025    -0.00088828    -0.00120460     0.00152213
146    -0.02110888    -0.01608743    -0.01048634     0.00045359     0.00058488    -0.00064231
147    -0.00243275     0.01574612    -0.01936191     0.00057733     0.00067845    -0.00091187
148    -0.00750991     0.00625939     0.00401210    -0.00055123     0.00121036    -0.00076267
149     0.00647800    -0.00093887    -0.00515890     0.00025646    -0.00051482     0.00033007
150     0.00242866    -0.00644043     0.00191848     0.00033607    -0.00065722     0.00035976
151     0.02117527    -0.00332850    -0.00580778    -0.00114791     0.00082825    -0.00141275
152    -0.00546999     0.00506356    -0.00600654     0.00047482    -0.00035303     0.00059695
153    -0.01347262    -0.00297468     0.01319709     0.00066675    -0.00040360     0.00067473
154     0.00394730     0.00077608    -0.00982881     0.00001932     0.00111175     0.00155303
155    -0.01099562    -0.00630203    -0.01100826     0.00001254    -0.00068585    -0.00082223
156     0.00791919     0.00326547     0.01758146    -0.00005661    -0.00052601    -0.00067484
157     0.03467049     0.00993706     0.01077525     0.00659861    -0.00681157     0.00216384
158    -0.02308835    -0.01841208    -0.01483117    -0.00304958     0.00224125    -0.00111727
159    -0.01119448     0.00495086     0.00470426    -0.00413243     0.00454258    -0.00239851
160    -0.01401846     0.00474397    -0.00054910     0.00352292     0.00046570     0.00249464
161     0.02124578    -0.00001999     0.00813242    -0.00236631    -0.00046247    -0.00166247
162     0.00011770    -0.00278118    -0.00467486    -0.00164045    -0.00031792    -0.00092499
163    -0.00736255    -0.00397119     0.00443424    -0.00103409    -0.00085894    -0.00236989
164     0.01223111     0.00530507    -0.00255635     0.00037165     0.00039017     0.00119860
165    -0.00294564    -0.00117107     0.00169306     0.00046878     0.00049048     0.00102289
166     0.03922927    -0.03707145    -0.04109192     0.00127342     0.00006316     0.00236126
167    -0.02201447     0.02570574     0.03629627    -0.00049308    -0.00007427    -0.00105851
168    -0.01239335     0.00941405     0.01032793    -0.00076047    -0.00008246    -0.00149899
169    -0.00179529     0.00895256     0.00891324    -0.00173524     0.00002966    -0.00106113
170    -0.00074695    -0.00835358    -0.00202063     0.00087266     0.00008002     0.00056448
171     0.00573616    -0.00095152    -0.01292587     0.00095291    -0.00002455     0.00046301
172    -0.00354325    -0.01521272     0.00038160    -0.00043758     0.00171319    -0.00124451
173     0.02261583     0.00784085     0.00857136     0.00014329    -0.00089401     0.00056114
174    -0.01920196     0.00635791    -0.00913886     0.00025286    -0.00076561     0.00051712
175     0.00269496     0.00823126     0.01013779    -0.00182244     0.00033579     0.00043929
176     0.00212542    -0.01203458    -0.00266594     0.00104937    -0.00013418    -0.00019598
177    -0.00341358    -0.00057784    -0.00516390     0.00092404    -0.00016314    -0.00031496
178     0.00683357    -0.00672557    -0.00574265    -0.00159273     0.00070850     0.00033172
179    -0.00033565     0.00690882     0.00575731     0.00079712    -0.00038961    -0.00024459
180    -0.00707086    -0.00022889    -0.00018686     0.00084531    -0.00028709    -0.00017944
181     0.04582045     0.02280144     0.00055684     0.00012721    -0.00182029    -0.00308625
182    -0.01434818     0.00327421    -0.01143956     0.00001491     0.00067569     0.00142101
183    -0.03006835    -0.02438403     0.00973065     0.00009002     0.00106427     0.00148668
184     0.01577806     0.03266037    -0.00916744    -0.00196512     0.00288880     0.00388435
185    -0.00463851    -0.00514557    -0.00658445     0.00057758    -0.00129942    -0.00183133
186    -0.00677803    -0.02986721     0.01321022     0.00114850    -0.00115443    -0.00218647
187     0.00965570    -0.00129305     0.01413813     0.00019315     0.00247012    -0.00263730
188    -0.00375761    -0.00235505    -0.00450706    -0.00030531    -0.00155611     0.00158334
189    -0.00514406     0.00128785    -0.00607100    -0.00018886    -0.00103683     0.00107190
190     0.00343509    -0.01169400     0.00262893    -0.00221315     0.00095848    -0.00008018
191    -0.00170929     0.00938524    -0.00139998     0.00097912    -0.00051583     0.00009520
192    -0.00300397     0.00350308     0.00181700     0.00101172    -0.00045122    -0.00006454
193    -0.00463588    -0.01318545    -0.01580155    -0.00688921     0.00554325    -0.00801961
194    -0.00187817     0.00219661     0.00422560     0.00258151    -0.00315018     0.00282928
195     0.00464269     0.00583627     0.01337437     0.00249589    -0.00150643     0.00297988
196     0.01232913    -0.01565811     0.00551545     0.00109077     0.00149872    -0.00119616
197    -0.00517951    -0.01349794    -0.00050673    -0.00054116    -0.00077077     0.00073855
198    -0.00370950     0.02885324    -0.00700670    -0.00042963    -0.00069929     0.00052036
199     0.00419455     0.01328694     0.01228491     0.00116911     0.00075814     0.00119385
200    -0.00186106    -0.00617411     0.00321020    -0.00067481    -0.00035434    -0.00069194
201    -0.00703616    -0.00844798    -0.01673592    -0.00048754    -0.00030810    -0.00053418
202    -0.00083410    -0.00631583     0.00962491    -0.00071595    -0.00253608     0.00320047
203     0.00796588    -0.00282404    -0.00249895     0.00057445     0.00109264    -0.00151190
204    -0.00718180     0.01305632    -0.01441111     0.00017536     0.00099298    -0.00134151
205     0.02845265     0.01548693     0.01374791     0.00420320     0.00556130     0.00298031
206    -0.00330063    -0.00293786    -0.00156069    -0.00135235    -0.00262796    -0.00124889
207    -0.02434267    -0.00960314    -0.01295869    -0.00179624    -0.00190071    -0.00112665
208     0.00851121     0.01579392     0.00393646     0.00689460    -0.00485595    -0.00262162
209    -0.00630514    -0.01394485    -0.00963226    -0.00291628     0.00275324     0.00194689
210     0.00042349    -0.00680992     0.00503906    -0.00365449     0.00312691     0.00060591
211     0.00131763     0.00469421    -0.00002697     0.00140547     0.00128601     0.00106677
212     0.00254440    -0.00625259     0.00118123    -0.00064934    -0.00054260    -0.00057092
213    -0.00110709    -0.00177217     0.00025359    -0.00063945    -0.00056560    -0.00041261
214    -0.03572486     0.00332637    -0.00675267     0.02247467     0.00073839     0.00347814
215     0.02225424    -0.00277174     0.00641397    -0.01208330    -0.00378892    -0.00019220
216     0.01061056    -0.00289201     0.00166010    -0.01056511     0.00273656    -0.00390487
217    -0.01208200    -0.00026868    -0.00272937     0.00347335     0.00068389    -0.00055961
218     0.00788488    -0.00105105     0.01585208    -0.00180963    -0.00039339     0.00053706
219     0.00662644     0.00434625    -0.00695442    -0.00216283    -0.00027516     0.00020564
220    -0.00209515    -0.02382386     0.01502132     0.00102494     0.00174631     0.00105897
221     0.00194688     0.01119378    -0.00822527    -0.00059251    -0.00078933    -0.00054482
222    -0.00436207     0.01630709    -0.00547165    -0.00050606    -0.00096179    -0.00068309
223     0.00249541     0.01515749    -0.00626335    -0.00796951    -0.01104463     0.00761705
224    -0.01016672    -0.00081523     0.01133488     0.00661950     0.00560065    -0.00344341
225     0.00437782    -0.01668668    -0.00303863     0.00287252     0.00557476    -0.00201473
226    -0.01416368     0.00028941     0.01068249     0.00173847    -0.00265565    -0.00128606
227     0.00444222    -0.00527806    -0.00058125    -0.00105094     0.00169105     0.00092109
228     0.00748577     0.00184211    -0.00938893    -0.00088755     0.00109918     0.00067710
229     0.02342016    -0.00942154    -0.01306963    -0.00165161     0.00172222    -0.00043482
230    -0.01561277    -0.00327189    -0.00184370     0.00078909    -0.00071032     0.00016055
231    -0.00840625     0.00830682     0.01687513     0.00084688    -0.00084828     0.00035202
232    -0.02719992    -0.00491200    -0.00710844     0.00369872    -0.00148650    -0.00120459
233     0.02629974     0.00262977    -0.00186736    -0.00233382     0.00115660     0.00079807
234     0.00047950     0.00161463     0.01140098    -0.00192709     0.00060762     0.00037138
235    -0.01327309     0.00601775     0.00859213    -0.00180539     0.00187393     0.00028688
236     0.00180448    -0.00061928    -0.00809776     0.00089610    -0.00093144    -0.00000413
237     0.00868446    -0.00676813     0.00050368     0.00107201    -0.00118515    -0.00023299
238    -0.01855651     0.04563407     0.01464715     0.00395669    -0.00216287     0.00181593
239     0.00596249    -0.01497635    -0.02129865    -0.00193263     0.00086437    -0.00120688
240     0.00980748    -0.02404106     0.00698157    -0.00151208     0.00102424    -0.00077615
241     0.01128672    -0.01691377    -0.00539326     0.00125319     0.00223167    -0.00089780
242    -0.00282007     0.00796634     0.00343434    -0.00079569    -0.00124937     0.00038658
243    -0.01159771     0.01197085     0.00444167    -0.00067590    -0.00100013     0.00053569
244     0.00121290    -0.00818402     0.04063815     0.00186250     0.00155767    -0.00059468
245    -0.00026050     0.00874502    -0.02287807    -0.00076505    -0.00069518     0.00030759
246    -0.00049832     0.00348179    -0.01722200    -0.00111827    -0.00087588     0.00044511
247    -0.02620557     0.02321325     0.01494462     0.00784256     0.00784105    -0.01052698
248     0.02270212    -0.03028213    -0.01188927    -0.00483334    -0.00213774     0.00521206
249     0.00352916     0.01318827    -0.00326795    -0.00517991    -0.00634945     0.00493669
250    -0.00119832    -0.00695418     0.02998647     0.00087175    -0.00270959     0.00028798
251     0.00362512     0.00638468    -0.02807846    -0.00043405     0.00137893     0.00001549
252     0.00132448     0.00480292     0.00285709    -0.00030402     0.00114597    -0.00014422
253    -0.00730389     0.01690190    -0.00443453    -0.00090828     0.00006225     0.00170669
254    -0.00313137    -0.01112195     0.00494956     0.00043131     0.00004210    -0.00078400
255     0.00683399    -0.00669943    -0.00153104     0.00040110    -0.00003205    -0.00095146
256    -0.00627673    -0.01192651     0.01405470     0.00176656     0.00058951     0.00194238
257     0.00554376     0.01495176     0.00492057    -0.00084642    -0.00018344    -0.00107349
258     0.00253339    -0.00042356    -0.01459348    -0.00113443    -0.00032327    -0.00106196
259    -0.01047553     0.00618971    -0.01497081     0.00269763     0.00210167     0.00133383
260     0.00407053     0.00135663     0.00382331    -0.00105126    -0.00089232    -0.00064526
261     0.00658987    -0.00978094     0.00887585    -0.00128021    -0.00113175    -0.00045347
262     0.01785284    -0.00303190     0.00334134    -0.00789254     0.00198835     0.00202795
263    -0.00308392     0.00758111    -0.00612418     0.00344636    -0.00062378    -0.00155319
264    -0.01132083    -0.00188397     0.00362732     0.00290459    -0.00079898    -0.00053079
265     0.00424664    -0.02104774     0.00023776     0.00001130    -0.00135302     0.00220115
266     0.00111983     0.01014109     0.00115852    -0.00010013     0.00058695    -0.00115354
267    -0.00670621     0.00583059    -0.00118238    -0.00007242     0.00069977    -0.00095904
268     0.00033671     0.01129491    -0.00936921    -0.00025052    -0.00072567    -0.00242569
269    -0.00267391     0.00506914     0.00551828     0.00005796     0.00032544     0.00101424
270     0.00310432    -0.01972921     0.00227146     0.00010910     0.00023403     0.00127914
271    -0.00446104    -0.00659666     0.00783358     0.00445040    -0.00106650     0.00037257
272    -0.00456603    -0.00327953     0.00391848    -0.00179718     0.00032194    -0.00023317
273     0.01684530     0.00763415    -0.00460643    -0.00230142     0.00081327    -0.00045201
274    -0.00324391     0.02406078    -0.00070186    -0.00293559    -0.00047238    -0.00034993
275     0.00622187    -0.00608462    -0.00120324     0.00186299     0.00034122     0.00025679
276    -0.00037679    -0.02532671    -0.00696378     0.00127676     0.00032658     0.00018197
277     0.01148635    -0.00721385     0.02081132    -0.00601791    -0.00125712    -0.00103743
278    -0.01007888    -0.00288459    -0.00772071     0.00389905     0.00086033     0.00013886
279    -0.00633404     0.00951529    -0.00682864     0.00328414     0.00026535     0.00093956
280     0.00504156     0.00184276     0.00314578     0.00002496    -0.00007665    -0.00249738
281    -0.00756052     0.01013330     0.02131745    -0.00009013     0.00003316     0.00107794
282     0.00303565    -0.00728612    -0.02428777    -0.00005942    -0.00003779     0.00151327
283     0.00523705    -0.01707964    -0.01688513    -0.00377979    -0.00223436     0.00856284
284    -0.00480658     0.00797140     0.02156199     0.00257282     0.00249073    -0.00502640
285    -0.00452913     0.01079259    -0.01067921     0.00111040     0.00110247    -0.00316318
286    -0.01281808    -0.00656424    -0.02187241     0.00751811     0.00281106     0.00450766
287     0.00515878     0.00440788     0.00889767    -0.00346217    -0.00229986    -0.00201326
288     0.00541927     0.00172252     0.01131477    -0.00533400    -0.00130749    -0.00213233
289     0.01637601     0.00299940    -0.02169091     0.00027081     0.00344123     0.00040679
290    -0.01540902     0.01219164     0.02087096    -0.00027800    -0.00189409    -0.00002355
291    -0.00450841    -0.01405081     0.00548461    -0.00011735    -0.00136845    -0.00013781
292    -0.02303958    -0.01015562    -0.00899933     0.00095935     0.00433180     0.00200650
293     0.01876564     0.01481640     0.00241537    -0.00023319    -0.00267004    -0.00135591
294     0.00390726    -0.00408927     0.00785719    -0.00033837    -0.00203635    -0.00064794
295     0.01118397     0.00341692     0.00647111     0.00242616     0.00099041     0.00015720
296    -0.00765733    -0.01181646    -0.01200941    -0.00141620    -0.00048508     0.00001661
297    -0.00112733     0.00237743     0.00183413    -0.00101654    -0.00038918    -0.00003081
298    -0.00825178     0.01362049     0.01380126    -0.00305010    -0.00376880     0.00058148
299     0.00830129    -0.00300753    -0.00950105     0.00149350     0.00242791    -0.00023174
300    -0.00408850    -0.00592416    -0.00164998     0.00172144     0.00193271    -0.00068614
301    -0.00529858    -0.01134214     0.00032265     0.00152561     0.00100739    -0.00150163
302     0.00665610     0.00925213    -0.00312476    -0.00063999    -0.00045722     0.00060992
303    -0.00304867     0.00098559     0.00003652    -0.00073106    -0.00060974     0.00086334
304     0.00615851     0.01197314    -0.00225782    -0.00154849    -0.00026193    -0.00210289
305     0.00998272    -0.00670747    -0.00445446     0.00073247     0.00024454     0.00116654
306    -0.01534638    -0.00517153     0.00568896     0.00078896     0.00018889     0.00090878
307    -0.02958745     0.02694151    -0.02056972     0.00228484     0.00185970     0.00012109
308     0.02104173    -0.02032835     0.00365331    -0.00120504    -0.00077846    -0.00008688
309     0.00515983    -0.00484687     0.01584963    -0.00107142    -0.00089576     0.00009874
310    -0.02003409     0.01675054    -0.00119427    -0.00052551    -0.00274289    -0.00143535
311     0.00785041    -0.00662179     0.00835840     0.00017637     0.00134005     0.00054060
312     0.01572859    -0.00674734    -0.00830400     0.00047853     0.00152809     0.00073890
313    -0.01716617    -0.00036304     0.00323408    -0.00423856    -0.00139741     0.00177965
314     0.02750964     0.01522601    -0.00481699     0.00162739     0.00052129    -0.00066375
315    -0.01654783    -0.00787679    -0.00061736     0.00232559     0.00048068    -0.00123421
316     0.01761026     0.01804813    -0.01486523    -0.00039721    -0.00295011     0.00174036
317     0.00034731    -0.01056013    -0.00841786     0.00026304     0.00152890    -0.00116203
318    -0.01610888    -0.00433717     0.02270132     0.00006177     0.00179154    -0.00088131
319     0.00103485     0.00244189     0.01525193     0.00286006    -0.00426536    -0.00390934
320    -0.00282339    -0.00059271    -0.00062486    -0.00089840     0.00224433     0.00187430
321     0.00089627    -0.00345886    -0.01498263    -0.00125705     0.00154034     0.00191720
322     0.01029298     0.00347761     0.01839618    -0.00151345    -0.00124094     0.00053173
323    -0.01225933    -0.00636320    -0.02314673     0.00075526     0.00061984    -0.00037210
324    -0.00982667     0.00427749     0.00111444     0.00074619     0.00073829    -0.00025401
325    -0.01610151    -0.00834828     0.02089175     0.00202403    -0.00057150    -0.00361627
326     0.00884028     0.00154774    -0.01302049    -0.00107140     0.00046911     0.00237693
327    -0.00043576     0.00721626    -0.01247842    -0.00078074     0.00008980     0.00165572
328    -0.02371604    -0.01138886    -0.01868872    -0.00064793    -0.00095766     0.00211710
329     0.02413811    -0.00558684     0.00676501     0.00020719     0.00051337    -0.00104867
330     0.00179423     0.01467942     0.01088077     0.00037115     0.00054667    -0.00095917
331     0.01157349     0.01919515     0.00950344    -0.00153370    -0.00133617     0.00113438
332    -0.00866420    -0.00142255     0.00540705     0.00087464     0.00086730    -0.00066381
333    -0.00051690    -0.01932785    -0.01049627     0.00080922     0.00058756    -0.00065835
334    -0.01773925    -0.00730440     0.00425636     0.00195571    -0.00175887     0.00128421
335     0.00961490     0.00441382     0.00281204    -0.00086935     0.00089393    -0.00077066
336     0.00710245    -0.00112717    -0.00439604    -0.00092465     0.00099692    -0.00053356
337    -0.00812224     0.04330678    -0.00118396    -0.00030557     0.00070465     0.00264809
338     0.00856954    -0.03135945    -0.00566412     0.00019893    -0.00042182    -0.00115903
339    -0.00592253    -0.01336529     0.00395118     0.00000738    -0.00041607    -0.00134095
340    -0.01626940     0.00217991     0.03029390     0.00452128     0.00111790    -0.00238201
341     0.00676778    -0.00309186    -0.01476239    -0.00205803    -0.00030333     0.00141713
342     0.01295021     0.00910121    -0.01195773    -0.00308911    -0.00050339     0.00127603
343    -0.02226773    -0.02247735     0.00377245    -0.00310455     0.00633693    -0.00275493
344     0.00006714     0.01472040    -0.01571618     0.00097267    -0.00247317     0.00131189
345     0.01404390     0.00527286     0.01141923     0.00123296    -0.00399049     0.00114751
346     0.00031677    -0.00784073     0.01657310    -0.00126200     0.00118948     0.00097753
347    -0.01247943     0.00439410    -0.00546281     0.00059550    -0.00055985    -0.00056950
348     0.01053918    -0.00103427    -0.01077964     0.00071017    -0.00075022    -0.00054987
349    -0.04205950    -0.03260772    -0.00248372     0.00140683    -0.00158912    -0.00269843
350     0.02966627     0.00260984     0.01292883    -0.00049174     0.00081908     0.00139412
351     0.00870003     0.02929394    -0.00772653    -0.00077556     0.00062447     0.00146318
352    -0.00171764    -0.00197846     0.05296244    -0.00001170     0.00206531    -0.00090673
353    -0.02080998    -0.00249074    -0.01502874    -0.00010068    -0.00103267     0.00040777
354     0.02044459     0.00542868    -0.03917571     0.00007888    -0.00114434     0.00039468
355     0.03538050     0.00449713    -0.01955367    -0.00094342    -0.00269019     0.00073893
356    -0.02616546    -0.00210052     0.01334526     0.00039193     0.00150906    -0.00026970
357    -0.00903597    -0.00145095     0.00716567     0.00040625     0.00140193    -0.00054092
358    -0.00551893     0.00131094    -0.02480184    -0.00184871     0.00034454     0.00241642
359    -0.00461569    -0.00545562     0.02439882     0.00071788    -0.00010976    -0.00107272
360     0.01115875     0.00235855    -0.00119087     0.00096287    -0.00029241    -0.00148957
361     0.00623154    -0.00094305    -0.00164677    -0.00187788    -0.00172428     0.00261459
362    -0.00174495    -0.00120744     0.01272057     0.00125785     0.00114330    -0.00142127
363    -0.00255861     0.00075249    -0.00358165     0.00093287     0.00064294    -0.00111316
364    -0.01646104    -0.00756609    -0.00263502    -0.00120418     0.00034745    -0.00329004
365     0.01824742     0.01940392     0.00378121     0.00065918    -0.00003477     0.00143317
366    -0.00254510    -0.00955701     0.00044022     0.00055939    -0.00032525     0.00143648
367     0.01062009    -0.00729962     0.00986394    -0.00110057     0.00204449    -0.00027517
368    -0.00623327     0.00211527    -0.01638894     0.00055006    -0.00105155     0.00001726
369    -0.00351937     0.00660010     0.00806495     0.00069007    -0.00102754     0.00017972
370     0.00301626    -0.00181376     0.00074844     0.00074868     0.00220240     0.00191331
371     0.00436123    -0.00469636    -0.01901280    -0.00043929    -0.00142473    -0.00105485
372    -0.00418722     0.00611925     0.01257489    -0.00020220    -0.00104465    -0.00090127
373     0.01399552     0.01286023    -0.02996090    -0.00226008    -0.00107760     0.00046750
374    -0.00374652    -0.02120869     0.01827605     0.00097486     0.00057799    -0.00023122
375    -0.00985396     0.00980155     0.01132356     0.00129849     0.00066908    -0.00014854
376     0.00193174     0.01019934     0.01601273    -0.00037552    -0.00412856     0.00018496
377    -0.01264998    -0.00274118    -0.01454020    -0.00001087     0.00220362    -0.00032400
378     0.00861888    -0.00303397     0.00043373     0.00048283     0.00253410    -0.00005924
379    -0.00916221    -0.00253065    -0.00754526     0.00283917    -0.00001641    -0.00256371
380     0.01245672    -0.00820258     0.00214132    -0.00136381     0.00017583     0.00107455
381    -0.00406605     0.00285296    -0.00199208    -0.00131301     0.00012347     0.00150635
382     0.00286042     0.00500165     0.01475489    -0.00033385     0.00194287    -0.00000281
383    -0.00768346     0.00458764     0.01227667     0.00024482    -0.00097985    -0.00005502
384     0.00701213    -0.00911343    -0.02439078     0.00020776    -0.00108325     0.00008308
385     0.00321721     0.01242709     0.00452917    -0.00061255     0.00002771     0.00229662
386     0.00225068    -0.00749724    -0.00422086     0.00035056     0.00008466    -0.00135047
387     0.00166466    -0.00148833     0.00296364     0.00025486    -0.00012233    -0.00122553
388    -0.02504188     0.03446503     0.00005617     0.00253199    -0.00009230     0.00062335
389     0.02052014    -0.03538896    -0.00144177    -0.00138403    -0.00009453    -0.00038310
390    -0.00143515     0.00173997     0.00049690    -0.00104115     0.00003721    -0.00029879
391     0.01021684    -0.01459939     0.01028744    -0.00091366     0.00323631    -0.00213284
392    -0.01021046     0.00681951    -0.00238747     0.00023811    -0.00167609     0.00126959
393     0.00074345     0.01446685    -0.01320283     0.00038062    -0.00125190     0.00086861
394     0.00575087    -0.01851999     0.01421535     0.00099773     0.00393464    -0.00068114
395    -0.00081627     0.01007968    -0.01911090    -0.00047794    -0.00168445     0.00049220
396    -0.00403896     0.00615296     0.00218105    -0.00077789    -0.00195841     0.00024215
397     0.01286972     0.00765301     0.02556914     0.00004066     0.00084394    -0.00407082
398    -0.01180335    -0.00246694    -0.00289106     0.00022582    -0.00036783     0.00188534
399    -0.00096821    -0.00403671    -0.02172803    -0.00003959    -0.00072882     0.00265284
400     0.01299876    -0.01284487    -0.01771980    -0.00192496    -0.00042090     0.00059417
401    -0.00744978    -0.00130141     0.00348565     0.00080485     0.00019251    -0.00024913
402    -0.00372814     0.01475226     0.01162162     0.00103325     0.00032066    -0.00027489
403    -0.00936860     0.02119560    -0.00940078     0.00220615    -0.01172503    -0.00237357
404    -0.00283140    -0.01356898    -0.00351182    -0.00170583     0.00689136     0.00298783
405     0.01827128    -0.00839312     0.01497683    -0.00212278     0.00558554     0.00027231
406     0.00152932    -0.00993165    -0.00902085     0.00073855    -0.00424174     0.00141069
407     0.00357070     0.00874407     0.01109761    -0.00064614     0.00222976    -0.00100260
408    -0.00968445    -0.00131370    -0.00022716    -0.00046970     0.00182897    -0.00044828
409    -0.00295280    -0.01904194    -0.01017665     0.00062543     0.00150931     0.00018226
410    -0.00072522     0.01661172     0.00708321    -0.00024708    -0.00066868    -0.00009366
411     0.00110330     0.00084230     0.00062819    -0.00030014    -0.00081708    -0.00003404
412    -0.01443919     0.00848679     0.00719408    -0.00196657     0.00036830    -0.00182964
413     0.00643136     0.00134325    -0.00408764     0.00096120    -0.00010638     0.00075596
414     0.00464405    -0.01130703    -0.00779901     0.00089717    -0.00008569     0.00098422
415    -0.01772831    -0.00201042     0.01895604     0.00086209    -0.00248402    -0.00051726
416     0.00989904     0.01906561    -0.01036034    -0.00057368     0.00130360     0.00037495
417     0.00651945    -0.01606786    -0.01229640    -0.00034758     0.00102474     0.00024800
418     0.00100188    -0.01078624    -0.01527367    -0.00081189     0.00204961     0.00035141
419     0.00024921     0.00410503     0.00213538     0.00046916    -0.00126349    -0.00024497
420     0.00328726     0.00212745     0.00734830     0.00036271    -0.00091617    -0.00024266
421    -0.00328106     0.02461979     0.00471552    -0.00012628     0.00193037     0.00174293
422     0.00088383    -0.02640399    -0.00425720     0.00009373    -0.00113621    -0.00112265
423     0.00186413     0.00101978     0.00311975     0.00017512    -0.00095968    -0.00078152
424    -0.02237193    -0.01218500     0.02039924    -0.00049244     0.00172603     0.00074141
425     0.02167376     0.00038200    -0.00615953     0.00017983    -0.00095066    -0.00038530
426    -0.00043892     0.01230335    -0.01245910     0.00027977    -0.00086185    -0.00047066
427    -0.01782542    -0.02090373     0.00609629    -0.00226458    -0.00428098    -0.00231318
428     0.00547980     0.00061009    -0.00077595     0.00112946     0.00162902     0.00106939
429     0.00695799     0.01706885    -0.00665193     0.00123291     0.00255689     0.00178997
430     0.01366301    -0.00508155     0.01363943    -0.00160656     0.00080406     0.00416828
431    -0.01332876    -0.01598935    -0.01452568     0.00048847    -0.00044094    -0.00184409
432     0.00143387     0.02171156     0.00189103     0.00077944    -0.00007381    -0.00217105
433    -0.00287713    -0.01012760     0.00522910    -0.00097661     0.00090276    -0.00218336
434     0.00361872     0.00708296    -0.00157969     0.00042453    -0.00057767     0.00109019
435    -0.00119117     0.00342582    -0.00284158     0.00055267    -0.00043645     0.00095544
436    -0.01597826     0.01037744    -0.01057972    -0.00347421    -0.00213399    -0.00028023
437     0.01886235    -0.01813605     0.01253533     0.00184808     0.00140570    -0.00000684
438    -0.00255225     0.00403170    -0.00285088     0.00221576     0.00105507     0.00023447
439    -0.03300166     0.02412834     0.01318059     0.00035790     0.00101333     0.00233056
440     0.01584357    -0.02216112    -0.00881099    -0.00010178    -0.00051379    -0.00099526
441     0.01493547     0.00137226    -0.00545932    -0.00031353    -0.00058579    -0.00118394
442     0.01769155     0.00443369     0.01912147     0.00175637    -0.00159382    -0.00164530
443    -0.02711824    -0.00266767    -0.02370492    -0.00083116     0.00083546     0.00100525
444     0.01412977    -0.00159025     0.00348286    -0.00108168     0.00075534     0.00089567
445     0.00197193     0.00027456     0.01669906     0.00885448    -0.00168241    -0.00845264
446     0.00283541    -0.00137602    -0.01870995    -0.00279839     0.00077946     0.00312960
447    -0.00306061     0.00110948     0.00167622    -0.00472007     0.00127304     0.00288253
448     0.01226100    -0.00035350     0.00790114    -0.00182480     0.00215506    -0.00208984
449    -0.00838559    -0.00725833    -0.00928502     0.00085052    -0.00134831     0.00106330
450     0.00171544     0.00625249    -0.00305611     0.00075978    -0.00093679     0.00113597
451    -0.00656856     0.01634910     0.00861383    -0.00162193    -0.00083699     0.00150553
452    -0.00633442    -0.00428534    -0.01003073     0.00070161     0.00033646    -0.00077056
453     0.01468095    -0.00606382     0.00585102     0.00084602     0.00033035    -0.00066248
454    -0.00827596    -0.02786743    -0.02193185     0.00010726     0.00189729     0.00019260
455     0.00056490     0.02430328     0.01576884    -0.00004801    -0.00081046    -0.00011162
456     0.00652388     0.00096673     0.00114971     0.00003099    -0.00096752    -0.00006537
457    -0.00804490     0.01038504    -0.00068432     0.00288175     0.00084506     0.00105123
458     0.00355690    -0.00086900    -0.00381132    -0.00134478    -0.00043753    -0.00033690
459     0.00316436    -0.00490513     0.00141703    -0.00149586    -0.00063863    -0.00063413
460     0.00357924     0.00361593     0.00270794     0.00098588     0.00025825    -0.00252237
461    -0.00852853     0.00517285    -0.00042931    -0.00043422    -0.00026399     0.00135554
462     0.00796143    -0.00737433    -0.00214415    -0.00060242    -0.00018409     0.00117287
463     0.00544069     0.00014036    -0.00288941    -0.00206866     0.00015062     0.00152453
464    -0.00673088     0.00441475    -0.00331050     0.00116061    -0.00018886    -0.00073665
465    -0.00061413    -0.00222310     0.00997379     0.00104915    -0.00011494    -0.00094530
466     0.00293072    -0.00153547     0.00836119    -0.00261912     0.00090412    -0.00087008
467     0.00029739    -0.00677173    -0.01015266     0.00126323    -0.00047770     0.00026964
468    -0.00245303     0.00926307     0.00468267     0.00126488    -0.00028005     0.00042283
469     0.02526876     0.02163174    -0.02275610    -0.00473621     0.00075174    -0.00214383
470    -0.01091055    -0.00477912     0.00649842     0.00197892    -0.00051330     0.00075756
471    -0.01063674    -0.02054702     0.01229459     0.00225677    -0.00059315     0.00143903
472    -0.00008890    -0.00657893    -0.00181083    -0.00130596     0.00035455    -0.00077924
473    -0.00923631    -0.01264998    -0.00233589     0.00070746    -0.00012662     0.00042841
474     0.00894333     0.01918932     0.00447893     0.00072175    -0.00024680     0.00045208
475    -0.00987884    -0.01198805     0.02190013    -0.00222809     0.00012254    -0.00069964
476    -0.01354485     0.01700762    -0.00427728     0.00126987     0.00003934     0.00034413
477     0.02064352    -0.00783937    -0.00873769     0.00099886    -0.00008171     0.00023432
478    -0.02838137     0.01163813     0.01632388     0.00037659     0.00004275    -0.00172644
479     0.00721265    -0.00112219     0.00360546    -0.00027426    -0.00004094     0.00098026
480     0.02085154    -0.00930442    -0.01453365    -0.00019783     0.00000506     0.00075264
481    -0.02486676     0.00291674    -0.00742178     0.00202516    -0.00373711     0.00277643
482     0.01002186     0.00056606     0.00707332    -0.00088671     0.00138305    -0.00124400
483     0.01379523     0.00104996    -0.00235041    -0.00152423     0.00213295    -0.00141757
484     0.00288422    -0.01458190    -0.00461570     0.00189424     0.00299140    -0.00014971
485     0.01149018     0.00337874     0.00479544    -0.00080147    -0.00144205    -0.00010233
486    -0.00771716     0.00737244     0.00524322    -0.00108551    -0.00132115     0.00003557
487     0.00880906     0.00463764     0.02297418    -0.00284973    -0.00808581    -0.00067085
488    -0.00603102    -0.00363393    -0.01218001     0.00140639     0.00330356     0.00086716
489    -0.00633934    -0.00427824    -0.00137516     0.00075863     0.00501459     0.00064307
490     0.00261305    -0.03351497     0.01810380    -0.00368087     0.00090970     0.00045470
491    -0.01586161     0.01172072    -0.01369827     0.00160099    -0.00052020    -0.00007097
492     0.00829746     0.02457508    -0.00310258     0.00170280    -0.00020792    -0.00019049
493    -0.00570955    -0.01859944     0.00970146     0.00138453    -0.00081246     0.00235834
494     0.00051724     0.01305610     0.01075333    -0.00065747     0.00024538    -0.00113595
495     0.00675287     0.00168181    -0.02102760    -0.00093053     0.00047382    -0.00129224
496    -0.00879694    -0.00184722    -0.00570997    -0.00127287     0.00111983     0.00043726
497     0.00752554    -0.00108498     0.00139493     0.00059087    -0.00056489    -0.00027970
498     0.00234691     0.00438748     0.00558829     0.00073421    -0.00068063    -0.00020965
499    -0.01206490    -0.01768300     0.00431761     0.00929466     0.01767652     0.00061834
500    -0.00207272     0.00368409    -0.00431893    -0.00366116    -0.00569937    -0.00146341
501     0.00904017     0.01460430     0.00201864    -0.00293474    -0.01107435    -0.00230950
502    -0.00582132     0.00135983    -0.00351211    -0.00292311    -0.00660331    -0.00719889
503    -0.00416336    -0.00275261    -0.00191151     0.00274773     0.00313202     0.00426479
504     0.00320373    -0.00193066    -0.00134727     0.00070227     0.00442616     0.00489068
505     0.02329475     0.01621998    -0.01510413    -0.00149973    -0.00197431     0.00055690
506    -0.00234714    -0.02283305     0.00906183     0.00097789     0.00118046    -0.00028242
507    -0.00751954     0.00180681     0.00047258     0.00065114     0.00108899    -0.00029990
508    -0.00926610    -0.03585035    -0.00194820     0.00050060    -0.00140823     0.00152327
509     0.00499260     0.02885644     0.00962328    -0.00019525     0.00076749    -0.00069467
510    -0.00078975     0.00848698    -0.00484587    -0.00022000     0.00057445    -0.00064673
511    -0.02587706    -0.01099876    -0.01976894    -0.00000877    -0.00282714    -0.00062311
512     0.01141203     0.00019419     0.01014329     0.00006840     0.00169033     0.00023570
513     0.01715325     0.00762263     0.00979475    -0.00014754     0.00135873     0.00030869
514    -0.02175818    -0.03478035    -0.01696326     0.00579592    -0.00090085     0.00819923
515     0.01152055     0.01587845    -0.00408539    -0.00365968    -0.00055229    -0.00423731
516     0.01046664     0.01617196     0.02633272    -0.00382356     0.00175702    -0.00520007
517    -0.00119313     0.01271274    -0.00017328    -0.00184703    -0.00055786    -0.00696345
518    -0.00070300    -0.00502200     0.00055553     0.00080068     0.00001861     0.00258657
519    -0.00156711    -0.00659481     0.00171511     0.00073139    -0.00031327     0.00419672
520    -0.02362781    -0.04812342     0.00155120    -0.00278115     0.00356919     0.00106293
521     0.03071731     0.02465571    -0.00865018     0.00108981    -0.00187415    -0.00045750
522    -0.00200790     0.02560473     0.00595767     0.00200509    -0.00236181    -0.00063633
523     0.00020849    -0.01423347    -0.00997062     0.00200145     0.00412570     0.00579067
524    -0.00512859     0.00172563     0.00743541    -0.00164834    -0.00252905    -0.00273819
525     0.00169298     0.01247749     0.00599567    -0.00100425    -0.00228597    -0.00422490
526    -0.00660378    -0.00257022    -0.00260287     0.00086583    -0.00470376     0.00651891
527    -0.00019716    -0.00544482     0.00365497    -0.00081871     0.00228593    -0.00253004
528     0.00865713     0.00400496    -0.00613185     0.00006640     0.00187636    -0.00253389
529     0.00841001     0.01046313    -0.00438371     0.00051266     0.00185276    -0.00065526
530    -0.00998828    -0.01067583     0.00443109    -0.00024028    -0.00077420     0.00027359
531    -0.00388459     0.00043508     0.00344428    -0.00037457    -0.00099835     0.00037560
532    -0.03585611     0.02265567    -0.00843839     0.00792353    -0.00017122    -0.00120851
533     0.01977402    -0.00049454    -0.00679521    -0.00586198     0.00011850     0.00043610
534     0.01565151    -0.01530588     0.01109132    -0.00330342     0.00041931     0.00015549
535     0.00570212     0.02717670     0.03897155     0.00068763    -0.00102360     0.00487270
536    -0.00148529    -0.01308332    -0.03760656    -0.00053379     0.00086637    -0.00321777
537    -0.00603308    -0.01357516     0.00256030    -0.00049973     0.00016680    -0.00240371
538     0.00912472    -0.00461409    -0.00412499    -0.00338641    -0.00105694    -0.00215210
539    -0.00198686    -0.00629429    -0.00576968     0.00182451     0.00064106     0.00150213
540    -0.00627465     0.01115492     0.00828872     0.00200806     0.00034971     0.00106470
541    -0.02984992     0.02495811    -0.01368557     0.01042375    -0.01416948     0.01517236
542     0.02386597    -0.02216133     0.01952353    -0.00349920     0.00873421    -0.00978912
543     0.00162265    -0.00261547    -0.00050529    -0.00193117     0.00478317    -0.00581662
544     0.00829933     0.02737528     0.01615898     0.00503501    -0.01412737    -0.01669227
545     0.00418981    -0.01195376    -0.01191003    -0.00378043     0.00780787     0.01069760
546    -0.00143057    -0.00766592     0.00156427    -0.00313505     0.00356132     0.00657789
547     0.00239782    -0.02620682    -0.01808577    -0.00127428     0.00678173     0.00399140
548    -0.01164755     0.00913068     0.02195549     0.00095150    -0.00277954    -0.00224837
549     0.00358192     0.01935284    -0.00130293     0.00102538    -0.00505927    -0.00292692
550     0.02746381     0.01223347    -0.01336378    -0.00147936     0.00077961     0.00076459
551    -0.00394642     0.00348997     0.00540308     0.00062116    -0.00032881    -0.00033717
552    -0.02006116    -0.01311785     0.00587968     0.00073644    -0.00048638    -0.00041823
553    -0.02376721    -0.00308509     0.03479801     0.00040982     0.00174276    -0.00012735
554    -0.00005045    -0.00314220    -0.00448536    -0.00019542    -0.00092448     0.00014545
555     0.02677992     0.00523198    -0.02700858    -0.00015466    -0.00093276     0.00000797
556     0.00282000     0.00927384    -0.02017940    -0.00181530     0.00086462    -0.00123460
557     0.00157778    -0.00431587     0.00049915     0.00096460    -0.00036629     0.00074166
558    -0.00485521    -0.00668623     0.01571874     0.00106605    -0.00047970     0.00057880
559     0.02239577     0.01448294    -0.01440045    -0.00071190     0.00171800     0.00132254
560    -0.00945257    -0.00942399     0.00033830     0.00050314    -0.00097848    -0.00072535
561    -0.01501015    -0.00695945     0.01358164     0.00033883    -0.00073109    -0.00067922
562     0.02160126     0.00542443     0.00763286     0.00061491     0.00108870    -0.00257994
563    -0.01014609    -0.00407893    -0.00586668    -0.00020879    -0.00043332     0.00107882
564    -0.01200391    -0.00431654    -0.00348768    -0.00024063    -0.00056163     0.00156177
565     0.00274778    -0.00905757    -0.00801977    -0.00091484    -0.00070751     0.00365020
566     0.00167835     0.00019314     0.00624815     0.00026681     0.00045145    -0.00212767
567    -0.00138060     0.00866641     0.00285603     0.00042265     0.00047906    -0.00154258
568    -0.00102556    -0.00957787     0.02051108     0.00153246     0.00045701    -0.00196796
569    -0.00101230     0.00874583    -0.01583733    -0.00096899    -0.00017917     0.00108728
570    -0.00133541     0.00057499    -0.00285014    -0.00077249    -0.00032674     0.00088729
