 Number of water molecules:
         190

 Atomic and electronic energies:
    -3.04864175    -0.13577062

 Atomic coordinates:
  1    -8.41544858    14.29207137    -8.49389468
  2    -7.88101171    14.53047276    -6.66874535
  3    -9.55045301    12.71126605    -8.62821917
  4     7.82474528     6.06776141    13.61084457
  5     9.61613624     5.47044730    13.29310708
  6     7.53393073     7.48445897    12.41132031
  7    -6.46097971     8.26204804     7.30062948
  8    -5.43318901     6.72384908     7.90799854
  9    -6.48206778     8.09790261     5.39909009
 10    15.44550875    -7.38552005    -9.44444702
 11    17.27916037    -7.96349117    -9.40958786
 12    15.00622353    -7.22071726    -7.63071464
 13     2.28802559     5.91781432    10.90522118
 14     2.53184909     5.29648597    12.71717785
 15     3.41749457     4.89694581     9.70085446
 16   -10.63929032     8.93530488    -8.55051170
 17   -11.62634944     7.46221694    -9.20319383
 18    -8.75455271     8.52523794    -8.93691705
 19     4.47880020     2.99275907   -21.12958548
 20     5.03327000     1.13621383   -21.27935070
 21     2.95554841     3.11682695   -22.28203299
 22   -16.97742732    10.64305532     1.31092379
 23   -16.08820176    11.91476161     2.38632452
 24   -16.97895321     8.95675342     2.26580750
 25     8.76086989     7.14591319   -12.93483091
 26     7.62144112     6.47472283   -14.37030350
 27     7.75324615     6.98385939   -11.34487329
 28    -5.55478180   -10.52887563    -9.58763620
 29    -5.08545055    -8.65013405    -9.70946601
 30    -7.14245271   -10.50484793    -8.60242821
 31   -11.79506864     3.18442703     7.20379088
 32   -12.77128091     4.71044646     7.74721233
 33   -12.12391224     3.02037312     5.31657095
 34    -2.46326441     8.63229488   -13.35967190
 35    -0.63105304     8.18731508   -12.85348912
 36    -2.56148985    10.57106453   -13.29526359
 37     7.27265441     6.80752812    -8.06541629
 38     9.17443521     6.29930427    -7.86935952
 39     6.45854749     5.29574184    -7.29011827
 40     3.35951929    -4.59779769    -9.91548088
 41     1.81768526    -3.48594656    -9.95596920
 42     2.93309576    -6.16134963   -10.86652089
 43    -4.26946559     4.07255977     0.53944399
 44    -3.96586133     4.01819362    -1.35482437
 45    -5.73904368     2.89420652     0.79985506
 46     6.52124141    -0.32245747    11.36584796
 47     7.23449094    -1.43834569     9.91207674
 48     5.63804508     1.18555036    10.50782734
 49     2.82601558     7.14327843    -3.14241906
 50     3.99246660     5.89367511    -2.20336975
 51     3.56219414     8.88100675    -2.89178349
 52     5.00892365    -7.49265134    14.15050234
 53     6.81448453    -7.26113752    13.60108401
 54     4.22811383    -6.10897690    13.15022336
 55   -15.38114554   -10.41313189    -2.62944685
 56   -15.60544758   -10.64291216    -0.73486121
 57   -13.76333470   -11.35036106    -2.96088641
 58    -9.42137976     6.39508106    13.48621463
 59    -8.52063049     5.89497125    15.03954613
 60   -10.11979634     4.87300024    12.67920372
 61    11.65674399    -4.51709855     8.40720374
 62     9.93566244    -3.93194008     7.65353079
 63    12.79039511    -2.91459864     8.18058808
 64   -14.25276593    -6.30906172    10.05053102
 65   -15.32067175    -6.59598829     8.45928391
 66   -13.79723995    -4.41086981     9.90220562
 67    10.89898814   -14.03493481     3.77167839
 68     9.92205896   -15.33076639     2.77608855
 69    11.66851318   -12.80967547     2.53943644
 70     2.09050214     2.98469788    -8.98724229
 71     3.60124929     2.69746358    -7.87602467
 72     0.49999143     2.43446389    -8.05301007
 73     0.49980967     2.43020234     1.84644113
 74     1.01257394     0.85913126     0.70430686
 75    -1.33915183     2.85589547     1.30928802
 76    -1.66543956   -12.48536736   -12.40558154
 77    -3.27245451   -11.81649182   -11.56350342
 78    -0.99831185   -13.90573165   -11.28850148
 79    -3.27610566    -2.10297872    -3.75974999
 80    -1.59704976    -1.67123250    -3.01190166
 81    -3.48167243    -0.78524242    -5.13741896
 82     1.49499606    -0.50708796     6.09350536
 83     1.18150285     0.42619780     4.41415029
 84    -0.19490742    -1.35034570     6.58600982
 85    -5.10006970    -3.39296462     0.72225845
 86    -6.15109857    -1.91522973     1.35093060
 87    -4.28533429    -3.01223463    -0.95840436
 88    -1.07926232    10.57271992     1.16247098
 89    -0.58531596     8.94647523     2.22455293
 90     0.23504699    11.97652099     1.42156443
 91   -16.47940859    10.18350001    -3.57087177
 92   -16.99107359    10.48976417    -1.70070668
 93   -17.68650866    11.19389203    -4.65744582
 94     1.95744425   -10.34399853    -7.92781657
 95     0.49586692    -9.52240927    -7.05717338
 96     1.46864709   -12.18265138    -8.14693355
 97    -2.00479853    14.86843508    -4.69975148
 98    -1.88932975    12.96736022    -4.93384261
 99    -3.82554091    15.15397589    -4.24125221
100    -7.45618861    -1.10504564     7.02888772
101    -7.92530011    -0.61177483     8.81143326
102    -5.75272346    -2.05976191     7.30869444
103    -2.79289881     7.51258858    17.47396995
104    -1.13287656     8.43713121    17.44129957
105    -4.02266261     8.49558921    16.49238044
106    -7.40251692     4.49652395    17.76329488
107    -6.18328891     4.95891218    19.09074986
108    -7.80093111     2.58238692    17.98502611
109   -15.49004213    -2.39320102     2.29073513
110   -15.89489663    -3.82854257     3.50152771
111   -15.28624976    -3.16662377     0.52557571
112     2.07724076   -17.93255238    11.14634086
113     1.27142709   -17.10802579     9.59916632
114     1.03896318   -19.49428578    11.57330303
115    -7.16411989     2.40781228    -9.08992972
116    -8.23706523     1.68269964   -10.54767226
117    -6.90036453     4.27855892    -9.45386779
118     9.07058760   -11.75489251    11.21648599
119     7.81547922   -12.82192392    12.30535551
120     9.45331273   -10.16113760    12.21813100
121   -12.24285714    -6.25593800   -12.81079504
122   -13.00182551    -8.02056222   -12.67689169
123   -11.27712600    -5.92091955   -11.12960993
124   -18.68529511     1.03563760    -2.12582586
125   -19.62951207     0.83784308    -0.44328063
126   -17.45555875     2.43272675    -2.00162713
127    10.29925648    13.18145374     3.28615964
128    10.28565415    13.40614209     5.17107876
129    10.82446985    14.99148599     2.67300065
130    -9.59997750   -10.57203287    -6.57331901
131   -10.23522010    -8.76610448    -6.77274851
132    -9.62213587   -10.79121329    -4.62595656
133    11.99216094     5.27610645    -7.71537691
134    12.29605686     3.37232417    -7.42160283
135    12.81484043     5.61845198    -9.44239360
136    -5.26981588    -8.37648238     5.08360903
137    -6.68111883    -7.12509082     4.59750712
138    -3.71053795    -8.00458385     3.90793499
139    -4.92314101    -5.54393447   -10.54677324
140    -4.56362123    -5.78269127   -12.38863844
141    -3.49994548    -4.52739861   -10.03662410
142    -6.32009864    10.23698189    14.46843726
143    -7.39902299     8.70314910    13.88894011
144    -7.52469172    11.45579935    15.37356195
145    -6.13211658   -12.39773158    14.38125122
146    -7.23850886   -13.91651249    14.28181840
147    -5.95171982   -11.75366145    12.58032065
148    -5.90740009    16.85151851   -11.87196379
149    -6.83183306    18.44075012   -11.92448188
150    -6.89238319    15.68558017   -10.61365896
151   -10.17814825     6.77409266   -15.07796075
152   -11.01819832     5.22563379   -15.69829849
153   -11.09439813     7.32695601   -13.46497334
154     1.57512405    10.28431549    17.30021445
155     1.38651311    10.43939550    15.40119181
156     2.16437257    11.92390841    18.09374304
157     8.03007198    -8.28187528     0.97557925
158     9.57701110    -8.31772928     2.22796430
159     6.58136428    -7.47836781     1.99005982
160    13.00150357     0.24041234     7.27742464
161    11.56727934     0.82140570     6.11841725
162    14.53503571     0.56799684     6.20759571
163    -4.33062203    -7.19947433   -15.66520312
164    -2.51833704    -6.78098699   -16.16837324
165    -4.40664991    -9.12700317   -15.40349046
166     9.77031326    -1.51033393    15.03041642
167     9.08861739    -1.81774654    16.74710049
168     8.41216401    -0.80327659    13.89040092
169   -14.93250733    -1.18218415   -10.66110774
170   -15.28394789    -2.97144040   -11.17857415
171   -15.01951673    -1.26499128    -8.75029177
172    -2.16530964    13.46779424   -11.75050978
173    -0.69875896    14.32035785   -10.92474404
174    -3.66932163    14.78254706   -11.79205838
175   -18.50799803     1.05946034     4.56267379
176   -17.32955721    -0.27051205     3.80947857
177   -18.11922249     1.17047968     6.40462554
178   -16.82529757     6.05730379     3.52813648
179   -16.18899431     6.72161544     5.11578702
180   -17.75446775     4.43735473     3.93604609
181     2.89774909    -9.24088782   -13.48109806
182     2.00414386    -8.36183918   -14.94958838
183     1.69179897   -10.29636060   -12.59180924
184    -2.73281678     4.70451877     8.83783978
185    -0.86730925     4.89643367     9.30409254
186    -3.35285534     3.14327205     9.79639732
187     1.88289202     7.73043535   -10.23942628
188     2.01671657     5.99982207    -9.41456776
189     3.68538389     8.40888694   -10.21229560
190   -15.24646644     5.11497772    -1.37096281
191   -15.76719917     6.50595140    -2.55039023
192   -15.69624413     5.93502453     0.31255693
193    -2.63524930     1.82247740    -7.08973125
194    -2.27504200     3.21960631    -5.81744676
195    -4.39945438     2.18658484    -7.75322023
196    12.06862630    10.66020954   -10.62425213
197    10.77515943     9.94366140   -11.83512096
198    11.03838159    11.17951380    -9.05040070
199    15.61690200     6.50215463    12.44280311
200    14.33767360     5.01251516    12.48557578
201    16.61979923     6.33150116    14.06450186
202    -0.50518191   -10.65669166     9.86710451
203    -2.39695425   -10.26649706     9.94534026
204    -0.06583005   -10.78088188    11.81916597
205     7.81794740     5.77161403     3.78548285
206     6.51651172     7.20447639     3.98089940
207     9.56573473     6.37820830     4.36394125
208     8.98351832    -6.82767229    -3.83627799
209     8.29764083    -8.34771681    -4.77241295
210     8.62676998    -7.18846853    -1.97837820
211    14.73577287     9.90053602     8.73503184
212    14.88472339     8.56667508    10.14931713
213    16.42852975    10.74264543     8.60617423
214     7.80317730    -2.15663384    -0.06843200
215     5.93540341    -1.80211895    -0.35896744
216     7.83546424    -3.95785155     0.55252702
217    16.80686391     1.48054729    -2.75690093
218    16.19956476     1.61711891    -4.57324174
219    15.38001689     0.60828225    -1.80732960
220    10.58137104    13.19294571     8.33350629
221    11.84627910    11.76240747     8.53485538
222     8.97250760    12.49655713     9.13421542
223    -1.47633716    -6.56658939     2.47494764
224    -2.74911469    -5.22896751     1.97934914
225    -0.18744657    -6.76576521     1.07998893
226    10.06207756   -13.93998885    -6.08440608
227     8.73533997   -12.53770787    -6.14145867
228    11.46981485   -13.18354231    -7.10103254
229   -11.29971708     9.85195980    -3.42284672
230   -13.08776970    10.45670559    -3.16077060
231   -11.04717204     9.43663408    -5.30911575
232    14.35799867    -6.65926823    -4.23438492
233    12.43362662    -6.68952080    -4.31697087
234    14.67506301    -6.15800663    -2.41096971
235    -9.83856278    11.32066962     1.35135329
236   -10.54447709    10.85197282    -0.37026727
237    -8.11259946    10.39512041     1.49983510
238    12.57927754    -8.22712984     4.84339686
239    12.19253644    -6.98678209     6.31792253
240    12.93812518    -9.82722585     5.78160372
241     9.45859725    11.36471147    -6.16159915
242    10.29047876    10.98481360    -4.45523919
243     8.38264962     9.85501204    -6.60996408
244    14.88903066     8.92911587    -5.46331696
245    14.77870530    10.22177192    -6.85351305
246    14.02801401     7.28919708    -6.19202074
247     6.10767228     2.37303077    -5.64464096
248     7.02052545     0.70634316    -5.88585329
249     6.04473103     2.67296953    -3.71022419
250     7.97941213   -17.04678554     0.86268947
251     7.71083524   -17.19422188    -1.10363972
252     7.90077524   -18.88930795     1.52853289
253    -8.15955030    -0.60307716    18.17984466
254    -9.21284233    -1.62593715    19.30745369
255    -6.36635340    -1.19769410    18.30989659
256    12.66603158     2.37995259    12.35907165
257    11.75494326     1.01676381    13.34913574
258    12.78354206     1.68698721    10.58387954
259    12.98347525     7.22550758     4.46906737
260    13.50867484     8.25448827     5.96754879
261    13.69564553     8.16915695     2.95326226
262    -7.73254037     0.72236294     2.39492495
263    -7.42264064     0.04598536     4.16823090
264    -9.60647813     1.22961071     2.45269005
265     2.04996294   -11.64072185    14.11653120
266     3.18028152   -10.13738570    14.14971531
267     3.29586200   -13.16214459    14.23589393
268     0.41395745    -6.70196502   -17.30284964
269     0.63639347    -7.43419974   -19.07651710
270     1.32068069    -5.04226392   -17.17799957
271    14.39516892    -5.45010441     1.04668302
272    15.48644827    -4.10576048     1.85891348
273    13.82689122    -6.51407136     2.53082464
274   -14.79619492    -5.13945795    -2.05498406
275   -12.91192274    -4.88141611    -2.01863766
276   -15.02856158    -6.95580055    -2.80172651
277    -9.80602604    -4.38208364    -1.80192277
278    -8.72837954    -4.22534664    -0.26902573
279    -9.30077261    -2.80922393    -2.78549021
280     2.39686458    -2.20018574   -17.46094786
281     3.62658089    -1.74606124   -18.80973592
282     2.21516824    -0.59202228   -16.33632831
283    -2.99622809    -3.46655026     7.74074480
284    -2.47425621    -5.07484396     6.84346054
285    -2.94287648    -3.96830049     9.59128123
286     9.39564773     0.98720809     3.77405372
287     8.87209901     2.78433083     3.55822835
288     8.96495328     0.14151206     2.17602848
289     3.10592138    13.20404289     2.13942053
290     4.10639359    12.36445128     0.62991583
291     3.57411813    15.05169528     2.13288905
292     4.72137760     9.44843355     5.12892149
293     3.11230806     8.41551329     5.27806223
294     4.18598400    10.88958960     3.93970662
295    18.84526152     4.94576912     0.00638968
296    18.22911091     3.56167716    -1.12451329
297    20.77239935     4.82782598     0.02914894
298    -5.86501340   -11.74993754     1.55963846
299    -4.03167504   -12.03532291     1.02255945
300    -5.60065414   -10.55578020     2.95561885
301    13.82629154     5.43385402   -12.60725464
302    14.84828716     6.96857731   -13.10196414
303    12.01879116     5.99130564   -12.79134700
304    -8.38291027    -3.76006955   -15.27846584
305    -6.91619125    -4.89306985   -15.72515435
306    -9.68982291    -5.06286700   -14.58864940
307    15.50114350     8.76161627    -0.44525720
308    16.75599451     7.34540002    -0.11965564
309    15.48174495     8.88358112    -2.39287958
310     0.11029743   -15.40975631    -8.48674376
311     1.29007656   -16.35034925    -7.23061392
312    -1.45389125   -15.05937185    -7.50549603
313    -9.18341505    -5.19521709     4.52263874
314   -11.03787272    -5.60193627     4.93397285
315    -8.68306674    -3.59380207     5.46364875
316     0.18974287   -14.92015472     7.06703647
317     0.08322912   -13.35016897     8.14050290
318     1.49789259   -14.67332041     5.75539612
319     6.84182908   -10.33639074    -7.09540094
320     4.93596601   -10.30437529    -7.66049965
321     7.77007017   -10.23129498    -8.73548321
322   -13.63351018   -14.84852122     4.16533986
323   -13.27215999   -14.33123488     5.95938896
324   -12.07413593   -15.77561945     3.62249338
325     7.92206861    -4.20464686   -12.65924255
326     6.21299250    -3.83396747   -11.80492501
327     7.80731174    -3.15152781   -14.26221376
328    -2.10340770    -9.09368099    15.54076419
329    -0.50494806   -10.18804323    15.70925427
330    -3.65180883   -10.28498952    15.46513067
331   -11.07878585   -12.43410015     7.93086623
332    -9.47595713   -13.29259913     7.17597219
333   -10.54944891   -11.10433814     9.13486297
334    13.20047789   -11.99965905     8.15840156
335    12.23878133   -11.91299181     9.85729074
336    12.46631886   -13.28142077     7.00329649
337    -1.20214613     2.67010445    16.50367796
338    -2.10256506     4.33095897    16.92508905
339     0.62013612     3.12567112    16.84469567
340    13.28944895     0.62778322    -6.57478285
341    13.10672459    -1.01066449    -7.51458970
342    12.83677078     0.11965283    -4.74914285
343    -1.97756848     5.99624562    -4.22064323
344    -2.17291522     7.38671303    -5.52304397
345    -0.29421472     6.30105597    -3.47156367
346   -11.06652645     9.89216935     9.10385885
347   -10.98415788     9.58375932    10.96221204
348    -9.28440513     9.51535620     8.31282837
349     8.02301949    -9.47133653   -12.20872819
350     6.12272259    -9.52940978   -12.45566777
351     8.46380470    -7.62851919   -12.48402732
352     1.65604199    15.34675352    -8.75985371
353     3.22491805    14.96579382    -7.73157376
354     0.43711946    16.04203837    -7.41068448
355    -3.45555368   -17.41351112     4.68111667
356    -2.32339958   -17.61499185     3.18965577
357    -2.25979634   -16.65685814     6.01414029
358    -8.17255977    -0.07929192    12.41719633
359    -8.34260966    -0.23040585    14.34576726
360    -6.29296138     0.19836022    12.19022279
361    -5.47835828    -9.55852837     9.88185355
362    -5.55414647    -9.05111186     7.97009508
363    -7.20127112    -9.01355580    10.44123491
364    -4.18903406     0.10981132   -14.85283923
365    -5.77835941    -0.93151216   -15.18000174
366    -4.67357168     1.98637427   -14.97976381
367    -6.93512953    15.01621506    -2.34031828
368    -6.08170207    15.51979618    -0.69533773
369    -8.14526627    13.54172481    -1.95766209
370     6.35829605    10.09801142     9.96408722
371     5.93272075     9.93505214     8.12524485
372     4.79937189    10.77721158    10.78934120
373   -13.88125638    -9.88059348     2.42528600
374   -13.70156001   -11.70674000     3.17134277
375   -12.23600756    -9.66647018     1.47304123
376     0.21321127   -16.52267920     0.90608985
377     1.89192572   -15.77238434     1.60106256
378    -0.73093487   -14.90158967     0.40863035
379    12.91893436    -2.77203533   -10.67951893
380    14.00721107    -4.31631428   -10.64929767
381    11.06882521    -3.28037567   -10.86039614
382    -0.75916997    17.62312257    -0.57314882
383    -2.13148632    17.10885098     0.75031063
384    -1.06358821    16.45924739    -2.10008712
385    -3.19457338    -2.07633454    18.05870091
386    -2.52161352    -3.33071167    16.70435337
387    -2.59336367    -0.28897663    17.55716493
388    17.24268132    -1.71967169     3.08156555
389    16.74743895     0.12722307     3.23044077
390    19.13902594    -1.61312209     2.77578988
391    -2.08274809     9.84219347    -7.91836333
392    -0.59183441     8.92408366    -8.75321609
393    -2.35816896    11.46258078    -9.07363646
394     5.64307130    11.25240799    -1.83063351
395     5.57928937    12.43597663    -3.32165183
396     7.55102269    10.83368799    -1.72306506
397     1.95404575     1.77134658   -13.98163122
398     0.07835622     1.79103805   -14.18149210
399     2.33164645     1.96430659   -12.13768297
400   -16.51549008    -6.55300542     5.34825603
401   -18.17817410    -7.53915681     5.48010849
402   -15.41764892    -7.68147142     4.26820813
403     3.08108312    -9.41676861    -0.84777997
404     3.25479876    -8.22979764    -2.36983237
405     4.91318496    -9.75520987    -0.26444454
406     4.05451320   -14.17295574     3.43325409
407     4.79153025   -12.91002854     4.71475615
408     5.60709652   -14.75236420     2.54564255
409    11.07031920    17.80295681     1.42220933
410    12.56646906    18.76212365     0.70940259
411     9.61466946    18.13860656     0.33075604
412   -10.44073933     0.14171669   -12.62159164
413   -12.23570620    -0.23139383   -11.99168579
414    -9.88308974    -1.35494964   -13.63275637
415     7.61936930   -17.83724175    -4.33328476
416     8.54885199   -16.28024715    -5.05868051
417     8.18070242   -19.37173998    -5.28512787
418    -4.03106982    15.22388592     2.48144313
419    -3.36833164    13.44702284     2.30669796
420    -3.70765557    15.58917733     4.34468129
421     1.10980670    10.55003198    12.45319439
422     1.48469794     8.77261594    11.75981224
423    -0.59375642    11.00841938    11.61973480
424    -2.04713223    15.20159023     7.29488766
425    -0.25998145    14.62790934     6.96984246
426    -2.86756438    14.08695740     8.56870571
427    -3.23533781   -11.55957781    -5.40393601
428    -4.16251994   -11.71594741    -7.04662252
429    -2.90371441    -9.65199351    -5.30418710
430    -3.04565253     0.57040032    12.21593501
431    -2.66953783     1.38377327    13.97576455
432    -2.36395225    -1.16901997    12.51036902
433    -5.25358918     5.01186429   -15.40256285
434    -4.04041913     6.38828915   -14.81415840
435    -6.99764007     5.79632636   -15.33214349
436    -9.83834787    -9.51839797    -1.17168572
437    -8.29650191   -10.00164958    -0.03426667
438    -9.73565325    -7.64246631    -1.18596419
439     3.39473369     5.50133533    15.88644112
440     3.17222463     7.16294554    16.81495225
441     5.17032576     5.68655919    15.24176055
442    12.46873400   -11.50618294   -10.37975405
443    11.00083312   -11.25240031   -11.58797321
444    13.60279267    -9.95098317   -10.40984023
445     7.95931529    -2.76776104    -6.97475746
446     7.10518510    -3.45172602    -8.49716864
447     8.10036859    -4.19021130    -5.70757546
448    -6.13667233     7.25343903    -9.62770639
449    -4.79758822     8.19086904    -8.58308126
450    -5.49860508     7.43140109   -11.40444332
451   -10.20581231    -9.08510195    11.51712856
452   -10.18415758    -9.24066569    13.39183832
453   -11.72182860    -7.95652399    11.18666546
454     3.44909771    18.40218309     2.03882789
455     3.16573689    19.04447697     3.77394328
456     1.79159875    18.56337995     1.01106868
457    15.83990055     3.03780461     3.86437838
458    17.17058085     3.94238146     2.76479137
459    14.56146534     4.44712334     4.18825352
460     8.53108742    -0.48395726   -16.20175984
461     7.54389450     1.16292231   -16.06935263
462    10.33160113    -0.09995270   -15.50679794
463   -12.70611335    -1.48090861     9.70477113
464   -12.54356899     0.12496580     8.60946595
465   -11.46180628    -1.12018890    11.09609758
466   -12.96912089     2.44499643    -5.66768372
467   -13.29269858     3.74379974    -4.33275491
468   -14.32558119     1.11342733    -5.70132721
469    -9.10437100    -0.92095476    -5.58627124
470   -10.61791618     0.18474854    -5.61703521
471    -7.94635864     0.02015742    -6.74007507
472   -16.83241455     3.49991753   -12.62275112
473   -16.49539388     1.75092095   -11.92418064
474   -15.62706414     4.66684390   -11.76843469
475   -16.12372773    -1.47294693    -5.56128046
476   -15.84226094    -3.03478379    -4.37442071
477   -17.32270589    -0.37077821    -4.51826839
478     6.66467709    -1.76944046   -20.71425277
479     7.54968848    -1.71750896   -19.02122098
480     7.80357588    -2.62817701   -21.98088746
481     7.36358334   -11.35431126     6.47537690
482     7.83092776   -11.47050130     8.40741213
483     8.84130923   -12.17117994     5.51860464
484    10.62932008    10.41488417    -1.16734479
485    10.36461641    11.37772054     0.54472777
486    12.40934886     9.62136467    -1.02458670
487    -1.29553025   -11.78897517    -0.74224924
488    -1.88876491   -11.56301831    -2.60868894
489     0.40912263   -10.84683644    -0.53685646
490   -12.67490291     1.93046282     2.38225598
491   -13.30955844     3.12049630     0.95510032
492   -13.61160442     0.25455287     2.32457903
493     9.81311868    -6.66604419    12.70760921
494     9.91424349    -5.19681613    13.90488865
495    10.77218900    -6.10587610    11.16991974
496   -13.47877890    12.39693761     4.95452851
497   -12.53071523    12.03715774     6.58808530
498   -12.15091644    12.11614646     3.61548232
499     5.62451300     3.88528947    -0.56817133
500     6.28545781     4.64647574     1.08053079
501     4.03664648     2.90024887     0.00048889
502    -1.66319430    -6.71130811    -5.59626389
503    -2.74189486    -5.25168907    -5.15481624
504     0.05921949    -6.24676034    -4.84320595
505    -8.25599460   -15.40857959     4.31563941
506    -7.77289582   -13.83989045     3.26924296
507    -6.61057126   -16.39943415     4.58965564
508     5.70178601   -15.59184761    13.91570740
509     4.43179261   -16.71890630    12.93437563
510     6.17507304   -16.74569841    15.35168533
511     2.03440044   -17.84605907    -4.06304224
512     1.28861145   -17.41731380    -2.38215883
513     3.92937485   -18.15951069    -3.80159939
514     7.38003998    -2.82106648     6.72231841
515     7.90709106    -1.24848564     5.81408902
516     6.27606004    -3.89381321     5.44942986
517    -1.35954203    -2.03487984   -10.60981558
518    -2.23446748    -1.38552966   -12.16303462
519    -1.61955310    -0.78817208    -9.17283072
520    -5.52300310     8.46475659     2.25861842
521    -4.09784665     9.38503065     1.41646193
522    -5.25127053     6.64367238     1.74990740
523     4.98647957     2.88660489     7.89431645
524     5.89038491     3.82134739     6.44379761
525     4.02675490     1.40198938     7.17202217
526     3.44411750    -8.52120383     7.60126386
527     4.99542960    -9.63389002     7.58291392
528     2.03883179    -9.42810716     8.57670731
529     6.15712274    15.02699679    -5.94516357
530     6.68121040    16.37434966    -7.19438558
531     7.59232032    13.70377379    -5.95429547
532    12.69064238    -1.39532136    -1.65906410
533    10.83993772    -1.53844432    -1.19049823
534    13.47131664    -2.93571056    -0.77608170
535     2.82095272    -4.37448826    10.54408079
536     3.20643375    -5.65439092     9.20323221
537     3.44729146    -2.67285700     9.93398351
538    -9.73240685    -5.56736634    -8.58720335
539    -7.92400787    -5.84477533    -9.17378299
540    -9.61898785    -4.16030452    -7.23826477
541     4.54550258    -5.65727477     3.36227988
542     3.13850008    -5.31456691     2.02531330
543     3.67296176    -6.65422594     4.81034628
544     3.06847734    -5.66001499    -4.55393607
545     3.25945007    -3.84778262    -3.84561141
546     3.70969063    -5.55892756    -6.33146957
547     0.07741785     6.76620650     4.65346303
548    -1.16463067     6.34646777     6.08081709
549     0.41165257     5.01789238     3.80296437
550   -15.11671196     7.41459034     8.16109428
551   -16.41547237     7.96354663     9.30213252
552   -13.63878103     8.69918869     8.35210142
553     7.05845949    18.74577533    -1.75107076
554     6.23816610    17.40301988    -2.81176765
555     5.85821142    19.00293215    -0.24317622
556   -12.42181590     4.59006309   -10.25872060
557   -11.31075940     3.34877712   -11.20458904
558   -12.71954394     3.80209724    -8.53756715
559    -3.30218815    11.25788517    10.18784237
560    -4.22118431    10.24124818     9.00595355
561    -4.21925140    11.08254112    11.86296890
562     5.65531057     4.57651309   -16.21575000
563     5.11866222     4.61232645   -18.03685659
564     4.26486312     3.62774595   -15.21287441
565    -2.05666149    -4.69979887    12.80293042
566    -0.10064057    -4.41597175    12.48791330
567    -2.01763700    -6.48808702    13.56222722
568    13.04164185     0.50348913   -14.35750485
569    13.46454442    -0.75065352   -12.87160064
570    13.74449987     2.24984282   -13.73778919

 Atomic and electronic forces:
  1    -0.00816513    -0.01959235     0.00389679    -0.00102655     0.00158553    -0.00073972
  2    -0.00688924    -0.00265475    -0.00369892     0.00053968    -0.00089354     0.00030798
  3     0.01177715     0.01680925     0.00562491     0.00061991    -0.00077411     0.00040909
  4     0.01320955    -0.01219833     0.00761203     0.00090188     0.00112835     0.00221372
  5    -0.00572944    -0.00168323     0.00243659    -0.00056967    -0.00050476    -0.00105256
  6    -0.00488622     0.01626437    -0.01416543    -0.00046187    -0.00072214    -0.00109434
  7     0.00773175    -0.01498835     0.01642417    -0.00188105     0.00221436     0.00193485
  8    -0.00685785     0.01035310    -0.00135414     0.00103794    -0.00117477    -0.00130567
  9     0.00066489     0.00596126    -0.01164542     0.00117648    -0.00135975    -0.00093925
 10     0.02185015    -0.00588235    -0.02101669     0.00222814    -0.00097685    -0.00136168
 11    -0.01073939     0.00404150    -0.00555375    -0.00095903     0.00040634     0.00051475
 12    -0.01028449     0.00563377     0.02966556    -0.00135616     0.00059714     0.00067148
 13    -0.01232438    -0.00141270    -0.01191567     0.00012905     0.00213190     0.00348400
 14     0.00609110    -0.00147792    -0.00324898    -0.00007792    -0.00075500    -0.00155111
 15     0.00036564     0.00031024     0.01319470    -0.00031534    -0.00128657    -0.00219540
 16     0.02592458     0.02678433     0.01128104    -0.00181574     0.00151189    -0.00108110
 17    -0.00943247    -0.01716208    -0.00759281     0.00095124    -0.00062798     0.00057106
 18    -0.01924599    -0.00157313     0.00177784     0.00097813    -0.00092298     0.00072306
 19    -0.01249683    -0.01732005    -0.00901563     0.00025491     0.00040615    -0.00185885
 20     0.00656855     0.01327905     0.00496014    -0.00015539    -0.00011825     0.00095016
 21     0.00686410     0.00555601     0.00565042    -0.00004911    -0.00018151     0.00085470
 22    -0.01142059    -0.01361513    -0.01090041    -0.00136212     0.00087485     0.00018007
 23     0.00919787     0.00591622     0.01518656     0.00063809    -0.00047586    -0.00012700
 24    -0.00027312     0.00948794     0.00010231     0.00075347    -0.00041603    -0.00013795
 25     0.00377735    -0.00020308    -0.02562458     0.00135711     0.00164892    -0.00227277
 26     0.00759800     0.00116941     0.00720408    -0.00054071    -0.00072152     0.00121130
 27    -0.00607107    -0.00193434     0.01485773    -0.00080906    -0.00112463     0.00136528
 28     0.03217493     0.01623034    -0.02390055    -0.00196267    -0.00245968    -0.00226909
 29    -0.00077383    -0.00751822    -0.00636459     0.00122119     0.00130349     0.00152826
 30    -0.03552421    -0.01093372     0.01762890     0.00112505     0.00115450     0.00094439
 31     0.00059322    -0.00866015     0.00330981    -0.00242569     0.00082038     0.00149482
 32    -0.00638811     0.01135331     0.00402189     0.00100242    -0.00042152    -0.00061377
 33     0.00163708    -0.00396439    -0.00236001     0.00140199    -0.00044566    -0.00065400
 34     0.01626885    -0.00328972     0.00127159    -0.00078553     0.00187835    -0.00228500
 35    -0.01710906     0.00695172    -0.00312006     0.00026958    -0.00109915     0.00134025
 36     0.00333724    -0.00482979     0.00211804     0.00032444    -0.00090477     0.00091697
 37     0.02574977     0.00720741    -0.00104618     0.00254418     0.00376285    -0.00316015
 38    -0.01252298     0.01018011    -0.00524597    -0.00150108    -0.00155629     0.00135676
 39    -0.01444286    -0.01438716     0.01061471    -0.00179246    -0.00252754     0.00230450
 40     0.01664291     0.01489474     0.01750248     0.00152985    -0.00313090    -0.00822550
 41    -0.01118745     0.00276690    -0.00800159    -0.00004774     0.00120614     0.00476888
 42    -0.00521182    -0.01836210    -0.01194443    -0.00037064     0.00152088     0.00303567
 43     0.01813533    -0.01432379    -0.02031891    -0.00829795     0.00768488     0.00255785
 44    -0.00010222     0.01330544     0.00214724     0.00458682    -0.00440694     0.00005629
 45    -0.01539034    -0.00857128     0.01391447     0.00432167    -0.00248892    -0.00118526
 46     0.00327334    -0.01153659    -0.01950671     0.00158983     0.00037669     0.00424670
 47    -0.01052008     0.01645762     0.01843599    -0.00119676     0.00000363    -0.00244916
 48     0.01189257    -0.00796617     0.00331361    -0.00079231    -0.00054983    -0.00244033
 49    -0.00451859    -0.02405434     0.00290320     0.00130081     0.00987075    -0.00224996
 50    -0.00292184     0.01645594    -0.00771304    -0.00190850    -0.00615483     0.00088274
 51     0.00786550     0.00787321     0.00498259    -0.00062543    -0.00351187     0.00058846
 52     0.00363505    -0.00582304     0.00066701     0.00055568    -0.00105813     0.00266152
 53     0.01866442    -0.00935521     0.00550619    -0.00044830     0.00052418    -0.00132066
 54    -0.02381672     0.01422199    -0.00802296    -0.00028021     0.00054635    -0.00166550
 55     0.00610713    -0.00209964     0.00884883    -0.00190451    -0.00100262    -0.00016681
 56    -0.00570717     0.00630310    -0.00329902     0.00093132     0.00049594    -0.00002087
 57     0.00064808    -0.00007907    -0.00827997     0.00099627     0.00063896     0.00011787
 58    -0.00773506     0.03722363    -0.02491303    -0.00114241     0.00079664     0.00149104
 59     0.01169621    -0.01963593     0.03243057     0.00048839    -0.00034657    -0.00076616
 60    -0.00631984    -0.02072119    -0.00803415     0.00067914    -0.00035894    -0.00078850
 61     0.00518322     0.01902421    -0.01165851     0.00290892    -0.00091562     0.00280351
 62     0.01183962    -0.00713020     0.01001491    -0.00183866     0.00057013    -0.00197965
 63    -0.01399103    -0.01945671     0.00462295    -0.00149592     0.00020355    -0.00126062
 64    -0.00158219     0.01601885    -0.01342233    -0.00160066    -0.00048934     0.00111504
 65     0.00456341    -0.00297844     0.00774435     0.00083952     0.00025496    -0.00047039
 66     0.00011941    -0.01057018     0.00705875     0.00088420     0.00017056    -0.00062582
 67     0.00429261     0.01486037     0.01444378     0.00171435    -0.00237917     0.00091097
 68    -0.00496375    -0.00853847    -0.01148305    -0.00073159     0.00125428    -0.00034561
 69     0.00174876    -0.00344439    -0.00397772    -0.00108573     0.00125425    -0.00039565
 70    -0.01017911    -0.00718708    -0.00084258     0.00048607     0.00494564    -0.00877620
 71     0.01015587    -0.00373590     0.01134350    -0.00146492    -0.00308008     0.00499438
 72     0.00400287     0.00221630    -0.00405814     0.00093759    -0.00300572     0.00539855
 73     0.00834711    -0.05727894    -0.04481632    -0.00662930     0.01976727     0.01540494
 74    -0.01952685     0.04865160     0.03514535     0.00363916    -0.01051340    -0.00851416
 75     0.01000534     0.00594882     0.00918173     0.00500118    -0.00718165    -0.00430143
 76    -0.00326933     0.00660451     0.00232132    -0.00065517    -0.00212556    -0.00215490
 77     0.00506926    -0.00591401    -0.00100973     0.00054138     0.00112457     0.00112206
 78    -0.00091005     0.00135655    -0.00206142     0.00025737     0.00116657     0.00094685
 79     0.01407098     0.00445772     0.00203796    -0.01952725    -0.00330279    -0.00995703
 80     0.00176532    -0.00182228     0.00169421     0.01176003     0.00135401     0.00643494
 81    -0.00913453     0.00046777    -0.00658054     0.00666911    -0.00055363     0.00496987
 82    -0.01398589    -0.00220203    -0.01762002    -0.00077889     0.00196738     0.01466225
 83    -0.00293808    -0.00395345     0.02109030     0.00116076    -0.00318182    -0.00911386
 84     0.01422415     0.00782205     0.00023136     0.00154851    -0.00010331    -0.00596847
 85     0.00961564    -0.01412517     0.01770161    -0.01335332    -0.00392984     0.00355127
 86    -0.00051390     0.00699436    -0.00500512     0.00543098     0.00039736    -0.00170577
 87    -0.01169572     0.00928158    -0.01153255     0.00862573     0.00236022    -0.00021187
 88    -0.00122660    -0.02879236     0.01593479    -0.00116199     0.00491730     0.00096349
 89    -0.00290529     0.04387142    -0.01785255     0.00068875    -0.00303084    -0.00099758
 90     0.00376970    -0.01463607     0.00431826     0.00024178    -0.00211710    -0.00040921
 91    -0.00776831     0.00183864     0.00298859    -0.00145337     0.00092187    -0.00019137
 92     0.00456328     0.00001134    -0.00989474     0.00070207    -0.00044472     0.00001993
 93     0.00400352    -0.00370766     0.00548803     0.00062023    -0.00040121     0.00011136
 94     0.00492570    -0.00250408    -0.00288362     0.00010699    -0.00502342    -0.00382190
 95    -0.00813083     0.00505770     0.00199230     0.00048182     0.00312225     0.00228357
 96    -0.00109568    -0.00451217    -0.00285782     0.00005712     0.00204885     0.00133826
 97     0.00470481    -0.01613181    -0.00196796    -0.00061326     0.00266921    -0.00057740
 98     0.00464497     0.00581396    -0.00230503     0.00041404    -0.00164659     0.00042902
 99    -0.01200644     0.00754647     0.00338739     0.00040834    -0.00121574     0.00022471
100     0.03073561    -0.01860445     0.00559811    -0.00398907     0.00013247     0.00352486
101    -0.01083693     0.00665680     0.00464182     0.00147242    -0.00012228    -0.00150823
102    -0.01412695     0.01046940    -0.00669751     0.00211460     0.00017883    -0.00236507
103     0.01198239    -0.02943473     0.01700263    -0.00039784     0.00077357     0.00160944
104     0.00872824     0.00952926     0.00189088     0.00012600    -0.00042270    -0.00079549
105    -0.02034679     0.01961551    -0.01739498     0.00025609    -0.00043635    -0.00077500
106    -0.02157215    -0.03068934    -0.01480974    -0.00072326     0.00046539     0.00148529
107     0.01594146     0.00742793     0.01484709     0.00028147    -0.00022504    -0.00071282
108     0.00395859     0.02219179    -0.00120790     0.00038192    -0.00015936    -0.00076043
109     0.00590871     0.00808566    -0.00274657    -0.00256928    -0.00015126     0.00051141
110    -0.00149644    -0.00634816    -0.00161041     0.00115554     0.00015989    -0.00030344
111    -0.00497231    -0.00563947     0.00641009     0.00136464     0.00014369    -0.00013365
112    -0.00726206    -0.01013812     0.00171210     0.00002529    -0.00155379     0.00115111
113     0.00198535    -0.00144808     0.00416324     0.00003217     0.00093834    -0.00063910
114     0.00583896     0.01186516    -0.00558835     0.00002918     0.00068745    -0.00048154
115    -0.00593348    -0.01934053    -0.00503300    -0.00370882     0.00155295    -0.00329272
116     0.00832887     0.00374680     0.00672342     0.00148201    -0.00044661     0.00139027
117    -0.00266214     0.00760389    -0.00231278     0.00153154    -0.00099656     0.00146665
118    -0.02568919    -0.01663771     0.02103907     0.00108067    -0.00153902     0.00183205
119     0.02122231     0.01333232    -0.01486608    -0.00038304     0.00072763    -0.00085480
120    -0.00078953     0.00248979     0.00039188    -0.00056839     0.00065044    -0.00099033
121     0.00327848    -0.01073115     0.01129521    -0.00170007    -0.00059572    -0.00141531
122     0.00573040     0.01347117    -0.00026690     0.00076884     0.00034709     0.00060042
123    -0.01062897    -0.00454879    -0.01189234     0.00107763     0.00037825     0.00082443
124    -0.02614240    -0.02183251     0.01207460    -0.00190744     0.00022429    -0.00009047
125     0.01258849     0.00540404    -0.01693698     0.00087919    -0.00009090    -0.00002916
126     0.01351415     0.02280542     0.01019135     0.00104401    -0.00020646     0.00004566
127     0.00830398     0.02340067    -0.02780719     0.00130253     0.00223668     0.00067193
128    -0.00026345    -0.00514347     0.01954443    -0.00057620    -0.00100698    -0.00042583
129    -0.00935200    -0.02231810     0.00120401    -0.00053002    -0.00096261    -0.00022181
130    -0.00544940     0.01503831     0.03592108    -0.00243224    -0.00196760    -0.00116599
131     0.00105271    -0.00602243    -0.01039095     0.00140097     0.00086378     0.00065829
132     0.00316235    -0.00479600    -0.02235435     0.00133002     0.00109785     0.00040965
133     0.00479117     0.00079664    -0.01046453     0.00309905     0.00202516    -0.00199563
134     0.00312899     0.00382614     0.00279180    -0.00188205    -0.00085488     0.00112625
135    -0.00209344    -0.00422381     0.00666165    -0.00121128    -0.00076935     0.00091024
136     0.01666991     0.00923659    -0.01583439    -0.00357959    -0.00351081     0.00312508
137     0.00303619    -0.00171579     0.00275701     0.00215677     0.00145012    -0.00144953
138    -0.02119467     0.00098437     0.02015554     0.00228458     0.00270916    -0.00206671
139    -0.03734735    -0.03302463    -0.00070051    -0.00292679    -0.00185218    -0.00410438
140    -0.00742762    -0.00752664    -0.01984716     0.00102027     0.00072024     0.00181060
141     0.03948534     0.03301834     0.01896415     0.00170288     0.00104585     0.00286256
142    -0.01340250     0.00248264     0.00227838    -0.00070592     0.00101482     0.00135830
143     0.00538757     0.01472422     0.00502731     0.00044901    -0.00049487    -0.00073448
144     0.01153070    -0.01365305    -0.00932609     0.00031724    -0.00043861    -0.00056246
145     0.00569224     0.00740807    -0.00506846    -0.00074478    -0.00102975     0.00145280
146    -0.00465251    -0.00745221     0.00211971     0.00035817     0.00049501    -0.00060941
147     0.00166705     0.00265828     0.00247486     0.00047677     0.00063472    -0.00084076
148     0.00855259    -0.03971586     0.01400706    -0.00054944     0.00131073    -0.00076895
149    -0.01511967     0.02678430    -0.00211750     0.00024975    -0.00057764     0.00031333
150     0.00595691     0.01517503    -0.01218198     0.00036388    -0.00071996     0.00039803
151     0.00468259     0.01642187     0.02575450    -0.00120852     0.00082467    -0.00140971
152    -0.01080612    -0.01363166    -0.00748541     0.00061268    -0.00031596     0.00069735
153     0.00660565    -0.00509965    -0.01720856     0.00067846    -0.00045920     0.00064963
154     0.00374044    -0.00577782     0.03135921    -0.00001843     0.00092085     0.00144832
155     0.00287466     0.01245396    -0.01312282     0.00002065    -0.00057734    -0.00080377
156    -0.00340770    -0.00581939    -0.01221206    -0.00001145    -0.00042712    -0.00061473
157     0.02728466     0.00764910     0.02524201     0.00589967    -0.00651204     0.00190550
158    -0.02818502    -0.00242826    -0.02361558    -0.00245566     0.00218055    -0.00103418
159     0.00652003    -0.00428610     0.00337616    -0.00333940     0.00423880    -0.00213752
160    -0.01043966     0.00260357     0.00487291     0.00327656     0.00048712     0.00244160
161     0.00046903    -0.00419607     0.00244839    -0.00213903    -0.00049201    -0.00157171
162     0.01249828     0.00419090    -0.00215784    -0.00161034    -0.00025195    -0.00091903
163    -0.01001730    -0.01817128     0.01446833    -0.00104738    -0.00100859    -0.00249620
164     0.00373216    -0.00308715    -0.00551332     0.00038712     0.00049334     0.00135982
165     0.00359688     0.02187690    -0.00548429     0.00048124     0.00060749     0.00111257
166     0.02225394    -0.00501025    -0.00613303     0.00111580    -0.00001183     0.00226524
167    -0.00906326     0.00179218     0.01004481    -0.00041575     0.00002239    -0.00102141
168    -0.01263451     0.00151838    -0.00452850    -0.00061305    -0.00005817    -0.00139693
169     0.00305841     0.00039017     0.00335522    -0.00192234     0.00001913    -0.00109426
170    -0.00076406    -0.00483231    -0.00981537     0.00089357     0.00008497     0.00052545
171    -0.00624869     0.00382924     0.00688002     0.00109952    -0.00000540     0.00049741
172    -0.04460569     0.00338697    -0.00433952    -0.00048979     0.00186927    -0.00133010
173     0.01797809     0.01477156     0.00741097     0.00015312    -0.00099131     0.00061496
174     0.02900907    -0.01568052    -0.00379284     0.00027286    -0.00081694     0.00053630
175     0.00248044     0.00581139    -0.00640830    -0.00173736     0.00020955     0.00048933
176    -0.00363543     0.00056445    -0.00080597     0.00101333    -0.00005903    -0.00026302
177     0.00028338    -0.00330090     0.00675009     0.00082803    -0.00010663    -0.00031433
178    -0.01627290    -0.01194600    -0.04776404    -0.00174615     0.00069944     0.00044055
179     0.01805945     0.01520956     0.04589303     0.00083192    -0.00037605    -0.00029083
180    -0.00162933    -0.00540492    -0.00014610     0.00086376    -0.00025773    -0.00022537
181     0.03314827     0.03551185    -0.01563884     0.00029104    -0.00202146    -0.00315773
182    -0.00129009    -0.00695964     0.00383150    -0.00002730     0.00077337     0.00151961
183    -0.03280464    -0.02691706     0.01417712     0.00000935     0.00119050     0.00152366
184     0.00736600    -0.00246693    -0.00416498    -0.00184903     0.00251099     0.00407258
185    -0.00936843    -0.00004113     0.00635617     0.00056229    -0.00132631    -0.00218154
186     0.00555884     0.00507269    -0.00003847     0.00097521    -0.00086901    -0.00207056
187     0.01199323     0.01514236     0.00035619     0.00007068     0.00348374    -0.00345365
188    -0.00176490    -0.00804938    -0.00561988    -0.00010109    -0.00223054     0.00247735
189    -0.01048907    -0.00083090    -0.00106242    -0.00033106    -0.00163855     0.00150802
190    -0.00172926     0.00225354     0.00576288    -0.00230145     0.00087804    -0.00002695
191     0.00062095     0.00766942    -0.01598149     0.00100410    -0.00045153     0.00007900
192     0.00160447    -0.01076345     0.00888364     0.00104506    -0.00043796    -0.00008878
193     0.01930972    -0.01508517     0.01284120    -0.00689701     0.00492443    -0.00927782
194    -0.00458376     0.01167686    -0.00080938     0.00348921    -0.00400282     0.00404788
195    -0.01160944     0.00259309    -0.01013099     0.00276688    -0.00157681     0.00296007
196    -0.01253848     0.00504263     0.01636324     0.00133139     0.00155659    -0.00122376
197     0.00175946    -0.00271717    -0.00336647    -0.00063255    -0.00079450     0.00074846
198     0.01326353    -0.00274520    -0.01167534    -0.00070604    -0.00095662     0.00060126
199    -0.00937907    -0.01125148     0.01034399     0.00123682     0.00071017     0.00121211
200     0.01235528     0.00868046    -0.00322442    -0.00068564    -0.00035252    -0.00074308
201    -0.00301987     0.00192957    -0.00824256    -0.00052801    -0.00027649    -0.00054028
202     0.00195562     0.00114683     0.04562957    -0.00061856    -0.00245265     0.00291545
203    -0.00428136     0.00073575    -0.00854067     0.00053703     0.00112523    -0.00140676
204     0.00317285    -0.00421847    -0.03997972     0.00018646     0.00092486    -0.00127780
205    -0.00863943    -0.01600457    -0.00316780     0.00411801     0.00496700     0.00331338
206     0.01779771     0.00762256     0.00804649    -0.00141128    -0.00260945    -0.00152164
207    -0.00668759     0.00967587    -0.00372605    -0.00171510    -0.00173143    -0.00119911
208    -0.00195483     0.00831245     0.00540374     0.00689068    -0.00520608    -0.00269776
209    -0.00234516    -0.00611258    -0.00899489    -0.00246787     0.00264662     0.00142132
210     0.00498145    -0.00573511    -0.00007066    -0.00378335     0.00320112     0.00053941
211    -0.00759640    -0.00996263     0.00079189     0.00136072     0.00119202     0.00103372
212     0.00371829     0.00604775    -0.00368351    -0.00067677    -0.00051721    -0.00058154
213     0.00209953     0.00146264     0.00168785    -0.00061528    -0.00051181    -0.00040787
214    -0.02905245     0.00133750    -0.00022798     0.01994947    -0.00231736     0.00307439
215     0.02074045     0.00176991     0.00010630    -0.01297993     0.00113009    -0.00208088
216     0.00977279    -0.00401091     0.00134745    -0.00735590     0.00301935    -0.00190551
217     0.00055822     0.00080616    -0.00221250     0.00335254     0.00064655    -0.00037527
218     0.00088345    -0.00244387     0.00201839    -0.00169973    -0.00035732     0.00041122
219     0.00022816    -0.00318561    -0.00364242    -0.00213249    -0.00031796     0.00011652
220    -0.01254666    -0.01279757     0.00757824     0.00096843     0.00161324     0.00104103
221     0.00815280     0.00585793    -0.00073910    -0.00058363    -0.00076685    -0.00055982
222     0.00506597     0.00523149    -0.00242540    -0.00044799    -0.00087104    -0.00064031
223     0.01945727     0.00201654    -0.00187810    -0.00749902    -0.01140520     0.00805224
224    -0.00904135     0.00386077    -0.00625015     0.00562192     0.00464514    -0.00378722
225    -0.01117343    -0.00708552     0.00356563     0.00317771     0.00821158    -0.00335363
226    -0.00265718     0.00499539     0.00802781     0.00169327    -0.00256932    -0.00102825
227    -0.00514182    -0.00493470    -0.00020169    -0.00101698     0.00163368     0.00074500
228     0.01304868    -0.00294701    -0.01121940    -0.00089784     0.00109382     0.00055943
229     0.02036605    -0.00015463    -0.00415571    -0.00203268     0.00175157    -0.00034858
230    -0.01130178    -0.00353748    -0.01000628     0.00087398    -0.00069767     0.00011671
231    -0.00826264     0.00466501     0.01188264     0.00102022    -0.00086302     0.00032903
232    -0.01449944     0.00244807     0.00263807     0.00373124    -0.00155832    -0.00094149
233     0.00394496    -0.00187401    -0.00497481    -0.00232597     0.00115411     0.00071260
234     0.00870858    -0.00357700     0.00045854    -0.00200774     0.00073877     0.00021134
235     0.02137977    -0.00756946     0.00088235    -0.00179567     0.00197209     0.00039303
236    -0.00024678    -0.00536875    -0.00264401     0.00096029    -0.00095725    -0.00006384
237    -0.02226986     0.00814923     0.00290184     0.00106086    -0.00127061    -0.00028990
238    -0.01888116     0.03186238     0.00558089     0.00316183    -0.00199799     0.00173225
239     0.00658431    -0.00661465    -0.01627108    -0.00158264     0.00084857    -0.00112545
240     0.00967687    -0.01988563     0.01133693    -0.00121491     0.00091780    -0.00074716
241     0.00346424     0.00395795     0.00251944     0.00160723     0.00266426    -0.00104791
242    -0.00000241    -0.00130080    -0.00253523    -0.00095280    -0.00138534     0.00037227
243    -0.00156730    -0.00958388    -0.00113647    -0.00095372    -0.00161786     0.00078482
244    -0.01350737    -0.03160575    -0.01069696     0.00207870     0.00163902    -0.00069001
245    -0.00022228     0.00113632    -0.00276884    -0.00085923    -0.00076812     0.00037874
246     0.01211635     0.03081048     0.01266795    -0.00125521    -0.00089108     0.00052025
247    -0.01237365    -0.00431062     0.02409635     0.00876080     0.00760253    -0.00892514
248     0.00682743    -0.00233169    -0.00575610    -0.00498210    -0.00202585     0.00447354
249     0.00738663     0.00424757    -0.02119548    -0.00570138    -0.00546524     0.00344167
250    -0.00937713    -0.03044979    -0.01954632     0.00103903    -0.00262990     0.00032307
251     0.00708631     0.00217851     0.02939377    -0.00050516     0.00134905     0.00000399
252     0.00110341     0.02865108    -0.01129871    -0.00038234     0.00109554    -0.00016253
253    -0.00292525     0.02724131    -0.02347409    -0.00079314     0.00006522     0.00153725
254    -0.01185569    -0.01624210     0.01622145     0.00036101     0.00000675    -0.00066975
255     0.01752497    -0.01194990     0.00432385     0.00035747    -0.00000993    -0.00085016
256    -0.00626199     0.00161030     0.00155356     0.00159862     0.00056104     0.00198192
257     0.00094013    -0.00122006     0.00477125    -0.00073429    -0.00018060    -0.00106765
258     0.00314620    -0.00170723    -0.00684324    -0.00103550    -0.00029395    -0.00110159
259    -0.00480694    -0.00642519    -0.01672873     0.00259787     0.00201176     0.00128672
260     0.00433889     0.00987029     0.01684992    -0.00102074    -0.00084469    -0.00061438
261    -0.00220509    -0.00085263    -0.00068319    -0.00123293    -0.00099464    -0.00041728
262    -0.00157771    -0.00067988    -0.01301626    -0.00689608     0.00151938     0.00259691
263    -0.00089825     0.00119424     0.01219251     0.00304174    -0.00047605    -0.00176158
264     0.00230431     0.00158377    -0.00347016     0.00255192    -0.00058411    -0.00081474
265     0.00869453    -0.04566052     0.00546429     0.00003090    -0.00135450     0.00201762
266     0.01655912     0.02642755     0.00322513    -0.00010201     0.00065295    -0.00114325
267    -0.01884191     0.01746023    -0.00269065    -0.00008354     0.00066211    -0.00086477
268    -0.01169859    -0.04101247    -0.00699169    -0.00021942    -0.00087858    -0.00264629
269     0.00107998     0.01286839     0.01482503     0.00006712     0.00036524     0.00107589
270     0.00970052     0.02460296    -0.00805292     0.00003934     0.00034061     0.00147338
271    -0.00554781     0.00559084    -0.01477585     0.00425721    -0.00135989     0.00070660
272     0.01152987     0.00862273     0.00475008    -0.00193584     0.00037923    -0.00041114
273    -0.00363238    -0.01189082     0.00622327    -0.00198253     0.00083899    -0.00058963
274    -0.01664532    -0.02480914    -0.01853103    -0.00274042    -0.00062411    -0.00015116
275     0.01650623     0.00217474     0.00135383     0.00173620     0.00041617     0.00010376
276    -0.00259407     0.02211067     0.01615859     0.00122305     0.00040658     0.00012124
277     0.00060687     0.00589749    -0.00353785    -0.00542873    -0.00141964    -0.00031073
278     0.00857546    -0.00487823     0.01927588     0.00327828     0.00089352    -0.00026982
279    -0.00722301    -0.00197775    -0.01444365     0.00313535     0.00042076     0.00046347
280    -0.01004787     0.02530213     0.02976608     0.00012260    -0.00015947    -0.00304572
281     0.01390900     0.00119548    -0.01337426    -0.00013783     0.00002859     0.00129069
282     0.00210290    -0.02362241    -0.01386498    -0.00005615    -0.00008826     0.00176964
283     0.00597884    -0.00740759    -0.00848405    -0.00356621    -0.00150200     0.00657706
284    -0.00301530     0.00210507    -0.00195183     0.00188498     0.00159270    -0.00348726
285    -0.00051945     0.00228504     0.00910422     0.00112927     0.00059945    -0.00254216
286     0.00212267    -0.00845360     0.02926859     0.00764014     0.00241277     0.00480564
287    -0.00122798     0.02521092     0.00003388    -0.00342688    -0.00204829    -0.00221900
288    -0.00107971    -0.01741134    -0.02869574    -0.00552458    -0.00119470    -0.00243487
289     0.01421428    -0.02901839    -0.02270860     0.00031655     0.00349151     0.00078287
290    -0.01374980     0.01904049     0.02174073    -0.00034088    -0.00201462    -0.00025817
291     0.00231655     0.01256449    -0.00219911    -0.00015280    -0.00140012    -0.00027811
292    -0.01242379    -0.00162549    -0.00773584     0.00109847     0.00413508     0.00236791
293    -0.00443936    -0.00155409     0.00364350    -0.00031333    -0.00243748    -0.00158136
294     0.00706870     0.00365701     0.00588715    -0.00039262    -0.00203468    -0.00083542
295     0.03185795     0.02292453     0.02969667     0.00229428     0.00085614     0.00014594
296    -0.01110627    -0.02059562    -0.02040733    -0.00132773    -0.00040215     0.00000388
297    -0.01707243     0.00189057    -0.00294525    -0.00096964    -0.00031899    -0.00005676
298     0.00522909    -0.01484036    -0.02524612    -0.00274243    -0.00369541     0.00094924
299    -0.00543353    -0.00888652    -0.01470336     0.00128393     0.00233540    -0.00046309
300    -0.00721512     0.02255993     0.03535911     0.00157397     0.00193926    -0.00086117
301     0.01003423     0.00360109     0.00178218     0.00168808     0.00095531    -0.00160383
302     0.00157851    -0.00357677     0.00107866    -0.00071060    -0.00045415     0.00064953
303    -0.01558146     0.00152707    -0.00532804    -0.00082658    -0.00059450     0.00093700
304    -0.01547727    -0.02166614     0.01392084    -0.00152940    -0.00036536    -0.00212903
305     0.01111214    -0.00153339    -0.00677569     0.00068313     0.00028012     0.00114709
306     0.00542232     0.02342649    -0.00840277     0.00079862     0.00025962     0.00093681
307    -0.00760758    -0.00232457    -0.00701502     0.00223827     0.00166202     0.00010468
308     0.00599761    -0.00198373     0.00195116    -0.00116882    -0.00068459    -0.00007513
309    -0.00083253     0.00393292     0.00561617    -0.00110407    -0.00083025     0.00010466
310     0.02706487    -0.00484447     0.01110195    -0.00033415    -0.00281598    -0.00148523
311    -0.01550089     0.00526832    -0.01298496     0.00004728     0.00144443     0.00059401
312    -0.01321593    -0.00043423     0.00951758     0.00035824     0.00151780     0.00071254
313    -0.01741045    -0.01153628    -0.00491077    -0.00413058    -0.00142919     0.00212401
314     0.02045560     0.00838364    -0.00081803     0.00162075     0.00053144    -0.00076562
315    -0.00661729     0.00208795     0.00425297     0.00215762     0.00045242    -0.00135758
316    -0.01329696    -0.01915165     0.01947780    -0.00033187    -0.00276047     0.00166682
317    -0.00212544     0.01187785     0.00374845     0.00020307     0.00139673    -0.00108109
318     0.01776253     0.00569287    -0.01884046     0.00003875     0.00163646    -0.00084360
319    -0.03130913     0.00886769     0.00731826     0.00240464    -0.00427187    -0.00287318
320     0.02101077    -0.00272661     0.01456726    -0.00083490     0.00237086     0.00174527
321     0.01108053     0.00103465    -0.01994563    -0.00107619     0.00159432     0.00137589
322    -0.00993591     0.00421515    -0.00915137    -0.00133584    -0.00116469     0.00045700
323     0.00251140     0.00538063     0.00951046     0.00065955     0.00056598    -0.00030955
324     0.00901744    -0.00526224    -0.00243201     0.00065704     0.00068107    -0.00022411
325    -0.02397227     0.00552258     0.01402303     0.00209476    -0.00096692    -0.00390484
326     0.01314813    -0.01029630    -0.00598736    -0.00110805     0.00061849     0.00263560
327     0.01160155     0.00263376    -0.00526227    -0.00080460     0.00023790     0.00173899
328    -0.00681529    -0.00918723    -0.00194237    -0.00048598    -0.00095084     0.00206488
329    -0.01363939     0.00333429    -0.00316650     0.00013644     0.00051509    -0.00098852
330     0.01599722     0.00713446     0.00176705     0.00029867     0.00048434    -0.00090591
331     0.01703791    -0.03853894    -0.03542854    -0.00148302    -0.00126968     0.00104123
332    -0.02751996     0.01304941     0.01189082     0.00074695     0.00078694    -0.00054855
333     0.00652340     0.01802361     0.02029895     0.00076787     0.00060267    -0.00063710
334     0.00907588     0.01943582     0.02621755     0.00157217    -0.00146031     0.00127386
335     0.00345473    -0.00882381    -0.02563406    -0.00068597     0.00069029    -0.00071926
336    -0.01055986    -0.01662391    -0.00506909    -0.00076412     0.00085053    -0.00057873
337    -0.01029498     0.00103376     0.00471572    -0.00039915     0.00054263     0.00233101
338    -0.00251281    -0.00034767    -0.00162041     0.00022154    -0.00032616    -0.00102170
339     0.00922173    -0.00146808    -0.00390017     0.00007680    -0.00029167    -0.00114939
340    -0.00765112    -0.00284800     0.02962224     0.00433125     0.00076622    -0.00205862
341     0.00127955    -0.00604778    -0.01823250    -0.00209464    -0.00007267     0.00118440
342     0.00468802     0.00402070    -0.01145663    -0.00278181    -0.00038594     0.00092174
343    -0.03133207    -0.02127847    -0.01205141    -0.00433081     0.00880760    -0.00353632
344    -0.00246580     0.00754166    -0.00073157     0.00134980    -0.00307218     0.00150223
345     0.03304170     0.01252206     0.01238904     0.00137645    -0.00539580     0.00155699
346     0.02556919     0.00932112    -0.02534599    -0.00132201     0.00116418     0.00105664
347     0.00939808    -0.00578662     0.00983041     0.00058551    -0.00050467    -0.00055582
348    -0.02463391     0.00110198     0.01756312     0.00075072    -0.00074244    -0.00064337
349     0.00038355     0.00219857     0.00709152     0.00147757    -0.00191699    -0.00262201
350    -0.00515820    -0.00505069    -0.00811100    -0.00056795     0.00106668     0.00147814
351     0.00178036     0.00414350    -0.00315282    -0.00088023     0.00082398     0.00149273
352    -0.01193978     0.00705627     0.02298607    -0.00001011     0.00219768    -0.00099596
353     0.00465372    -0.00144511    -0.00461869    -0.00010999    -0.00120847     0.00048468
354     0.00470529    -0.00673655    -0.01502629     0.00008297    -0.00111489     0.00039880
355    -0.00330552     0.00472771     0.02159730    -0.00076041    -0.00231363     0.00083389
356     0.00746566    -0.00390176    -0.01894586     0.00032871     0.00129128    -0.00034025
357    -0.00822637    -0.00104899    -0.00631297     0.00032182     0.00120598    -0.00056179
358    -0.00386581    -0.00206387     0.02061979    -0.00169215     0.00022815     0.00230049
359    -0.00548458    -0.00069285    -0.01363282     0.00065213    -0.00007670    -0.00099530
360     0.00730677     0.00207283    -0.00517202     0.00086135    -0.00017332    -0.00141833
361     0.01108873     0.00386755    -0.03108130    -0.00159631    -0.00178067     0.00240558
362     0.01203582    -0.01092577     0.01701262     0.00110942     0.00114813    -0.00136627
363    -0.01981911     0.00219588     0.01675837     0.00082150     0.00069232    -0.00105330
364     0.00099501    -0.00683491     0.01195549    -0.00143582     0.00034949    -0.00330839
365     0.00493403     0.00765796    -0.00159482     0.00076522    -0.00004087     0.00142359
366    -0.00230736    -0.00444886    -0.00666748     0.00069400    -0.00036016     0.00149296
367    -0.00438704    -0.01957484    -0.00357782    -0.00109928     0.00208019    -0.00014693
368    -0.00639787    -0.00249044     0.00171325     0.00049385    -0.00106786    -0.00003041
369     0.01291314     0.02026403     0.00166394     0.00070187    -0.00106098     0.00005485
370     0.01383589     0.00143677     0.01381606     0.00080562     0.00204922     0.00196710
371    -0.00335643    -0.00331871    -0.01771565    -0.00047769    -0.00132325    -0.00107397
372    -0.00866486     0.00277354     0.00708738    -0.00023525    -0.00096438    -0.00094011
373     0.01009651    -0.02885211     0.01483472    -0.00213192    -0.00115494     0.00048255
374    -0.01078785     0.02146222    -0.00666385     0.00091133     0.00060654    -0.00025226
375    -0.00103360     0.00388497    -0.00631517     0.00128123     0.00075582    -0.00023680
376     0.01941151     0.02694147     0.00158443    -0.00035858    -0.00341882     0.00044578
377    -0.01736830    -0.01477478    -0.00072761    -0.00001190     0.00188730    -0.00034949
378    -0.00190720    -0.01031488    -0.00272615     0.00039345     0.00209939    -0.00022870
379    -0.01138720     0.01084383     0.00695450     0.00282130    -0.00034966    -0.00241785
380     0.00338334    -0.01711079     0.00149299    -0.00127217     0.00030418     0.00099171
381     0.00942905    -0.00345080    -0.00308986    -0.00151260     0.00030863     0.00158091
382    -0.01809589    -0.01066725     0.01320552    -0.00028974     0.00219319     0.00006773
383     0.01651308     0.00496736    -0.01898584     0.00023147    -0.00110247    -0.00011391
384     0.00207321     0.00986389     0.00425479     0.00019374    -0.00123154     0.00006422
385     0.00937761     0.00086690    -0.02974437    -0.00052470    -0.00006788     0.00200997
386    -0.01055566     0.01915355     0.02257534     0.00028345     0.00012420    -0.00116495
387     0.00176066    -0.01734047     0.00622079     0.00025421    -0.00006586    -0.00107757
388     0.02163589    -0.00021233    -0.00634683     0.00307422    -0.00005935     0.00082387
389    -0.01113952     0.00600817     0.00327450    -0.00160264    -0.00016607    -0.00045960
390    -0.01184157    -0.00933932     0.00214684    -0.00126662     0.00001413    -0.00028047
391    -0.00876974     0.03224614    -0.01425050    -0.00121435     0.00359968    -0.00215190
392     0.00160106     0.00587220    -0.00231381     0.00042753    -0.00192363     0.00140779
393     0.00796792    -0.03555252     0.02125260     0.00043737    -0.00137963     0.00084600
394     0.01402417    -0.00217703    -0.00355407     0.00134662     0.00439332    -0.00024130
395    -0.00693720     0.00850562    -0.00411381    -0.00051027    -0.00184545     0.00028983
396    -0.01036180    -0.00170442     0.00880738    -0.00094732    -0.00200732     0.00009902
397     0.01181531    -0.00436507    -0.02024488     0.00008327     0.00110980    -0.00453525
398    -0.01315513     0.00074794    -0.00129939     0.00027551    -0.00052556     0.00217353
399    -0.00200294     0.00460495     0.01684032    -0.00017012    -0.00090479     0.00297044
400    -0.02270628    -0.00535641     0.00541548    -0.00184507    -0.00052040     0.00065323
401     0.01344993     0.01237141     0.00048358     0.00077798     0.00023958    -0.00025760
402     0.00968712    -0.01009088    -0.00909189     0.00101228     0.00037014    -0.00031751
403     0.02089124     0.01724099     0.00019897     0.00193914    -0.01205337     0.00016689
404    -0.00053262    -0.00976480     0.00155986    -0.00152752     0.00716122     0.00150073
405    -0.01795899    -0.00173585    -0.00570669    -0.00174937     0.00471353    -0.00041285
406    -0.00100477     0.02053816     0.02074123     0.00070847    -0.00402196     0.00141623
407    -0.00717216    -0.00660437    -0.00617153    -0.00053057     0.00204474    -0.00102879
408     0.01287984    -0.01531546    -0.01546618    -0.00052903     0.00185621    -0.00050091
409     0.04218750    -0.00396968     0.02011301     0.00076441     0.00158138     0.00020904
410    -0.00988884    -0.00436425     0.00367065    -0.00036553    -0.00068367    -0.00006193
411    -0.03039789     0.00983007    -0.02572084    -0.00034106    -0.00085072    -0.00006331
412    -0.00378516     0.02912513     0.02089029    -0.00209685     0.00025424    -0.00196904
413     0.00252262    -0.00603035    -0.00480761     0.00102813    -0.00008150     0.00079548
414     0.00486103    -0.01632548    -0.01332077     0.00096015     0.00000155     0.00102830
415    -0.01039085     0.00158571     0.01554235     0.00085068    -0.00240025    -0.00047728
416     0.00174424    -0.00719488    -0.00230447    -0.00058064     0.00127932     0.00034352
417     0.00457055     0.00097545    -0.00659135    -0.00035102     0.00098747     0.00023147
418     0.00275542    -0.00321188     0.00330561    -0.00081146     0.00233195     0.00051161
419    -0.00091037    -0.00481748    -0.00719282     0.00050261    -0.00145768    -0.00034146
420    -0.00257721     0.00628362     0.00186058     0.00034333    -0.00106656    -0.00034532
421    -0.00617157    -0.00248314    -0.01471117    -0.00009639     0.00164358     0.00186266
422     0.00226351     0.00256621     0.00271294     0.00003112    -0.00094116    -0.00118782
423     0.00889586     0.00065491     0.00276133     0.00016928    -0.00087776    -0.00089985
424     0.01095779     0.02152289    -0.02550683    -0.00045358     0.00196948     0.00100033
425    -0.00641099    -0.00145968     0.00645770     0.00014140    -0.00110888    -0.00056050
426    -0.00168025    -0.01714023     0.01455272     0.00028310    -0.00094395    -0.00059134
427     0.02001743     0.01428002     0.01938860    -0.00226398    -0.00460180    -0.00195899
428    -0.01307445    -0.00608206    -0.01548049     0.00102478     0.00178696     0.00102836
429    -0.00061532    -0.00645840     0.00083357     0.00168648     0.00298723     0.00153087
430    -0.00008750     0.01705350     0.03149732    -0.00133887     0.00055428     0.00367959
431    -0.00146098     0.00409388    -0.02461079     0.00044817    -0.00028199    -0.00150990
432     0.00072899    -0.01934480    -0.00951226     0.00059004    -0.00003833    -0.00192484
433     0.00112091    -0.00631843     0.00642934    -0.00114238     0.00104077    -0.00232467
434     0.00204330     0.00376135    -0.00279460     0.00050583    -0.00067945     0.00119495
435    -0.00672000     0.00309980    -0.00495242     0.00060195    -0.00049294     0.00097536
436     0.02950022    -0.02217706     0.02638751    -0.00330910    -0.00231276    -0.00001625
437    -0.02167187    -0.00984085    -0.02029100     0.00175434     0.00149447    -0.00018649
438    -0.00702143     0.02494758    -0.01029642     0.00208991     0.00113461     0.00001175
439    -0.01359665     0.00438288     0.01235384     0.00020479     0.00090485     0.00221856
440    -0.01158847    -0.00003474     0.00366546    -0.00007004    -0.00044491    -0.00092830
441     0.02216369    -0.00903416    -0.01160638    -0.00022917    -0.00048825    -0.00112153
442     0.00244807    -0.00556478     0.00561505     0.00165302    -0.00156560    -0.00143686
443     0.00207561     0.00620656     0.00140222    -0.00075459     0.00080798     0.00085828
444    -0.00561682    -0.00146932    -0.00188047    -0.00093210     0.00067522     0.00073456
445    -0.00562906     0.01673825     0.01735969     0.00771942    -0.00172424    -0.00726721
446    -0.00400695    -0.00743612    -0.01351814    -0.00265767     0.00104100     0.00364154
447     0.00981312    -0.00729261     0.00111006    -0.00436516     0.00194088     0.00319158
448     0.00664991     0.00298337     0.01250807    -0.00213926     0.00234581    -0.00229634
449    -0.00348372    -0.00095025    -0.00395688     0.00102868    -0.00151163     0.00116671
450     0.00514990     0.00264396    -0.01363865     0.00082556    -0.00100533     0.00116753
451     0.00536553     0.00698252     0.00224184    -0.00142042    -0.00090746     0.00149441
452     0.00363413    -0.00489645     0.01242105     0.00058023     0.00037882    -0.00070229
453    -0.01085382     0.00459643    -0.01085330     0.00075663     0.00036634    -0.00068873
454     0.00306406    -0.00448394    -0.01945315     0.00016774     0.00198190     0.00031796
455    -0.00642261     0.00775410     0.01143142    -0.00006072    -0.00089400    -0.00021462
456     0.00703600    -0.00317603     0.00753916    -0.00000131    -0.00100887    -0.00010905
457     0.01373180     0.01319895    -0.01160077     0.00304864     0.00096876     0.00106918
458    -0.00743309    -0.00970178     0.00425820    -0.00134448    -0.00046914    -0.00033505
459    -0.00342913    -0.00151925     0.00377632    -0.00154898    -0.00071305    -0.00063699
460    -0.00085039     0.00447428     0.00675118     0.00122404     0.00015989    -0.00271189
461     0.00785231    -0.00166674    -0.00174199    -0.00055927    -0.00024411     0.00143475
462    -0.00873492    -0.00063511    -0.00625490    -0.00074401    -0.00011074     0.00124382
463     0.00059569     0.02075944    -0.01291305    -0.00199572    -0.00001037     0.00149301
464    -0.00361192    -0.01263043     0.00362915     0.00111478    -0.00011895    -0.00075900
465     0.00638624    -0.00398265     0.00781806     0.00092568    -0.00002036    -0.00085445
466     0.02337068     0.00647360    -0.01573092    -0.00300777     0.00077385    -0.00091846
467    -0.01011689     0.00225016     0.01199487     0.00144972    -0.00049108     0.00030423
468    -0.01315040    -0.00709941     0.00691016     0.00136606    -0.00020890     0.00038525
469     0.01556736    -0.02173903     0.00809453    -0.00542940     0.00018815    -0.00220709
470    -0.02770266     0.01512700     0.00469414     0.00218208    -0.00026461     0.00078410
471     0.01224185     0.00671931    -0.01312124     0.00276879    -0.00037370     0.00158671
472    -0.01331915    -0.00909084    -0.00595593    -0.00135668     0.00035468    -0.00083650
473     0.00007301     0.00033272    -0.00241141     0.00076082    -0.00012950     0.00044865
474     0.00996128     0.00465961     0.00515459     0.00074338    -0.00025773     0.00045351
475     0.01046445    -0.02549516     0.01585960    -0.00233421    -0.00001550    -0.00057494
476    -0.00300242     0.02047189    -0.01841830     0.00124035     0.00011819     0.00022709
477    -0.00759152    -0.00167785     0.00164348     0.00106956    -0.00005541     0.00018841
478    -0.01320238    -0.00334334    -0.01808464     0.00048891    -0.00004011    -0.00194493
479     0.00929959     0.00344158     0.00760598    -0.00035804     0.00002166     0.00110227
480    -0.00013557     0.00235009     0.00716193    -0.00024146     0.00005024     0.00083116
481     0.00683106    -0.00564000     0.02356037     0.00177142    -0.00317006     0.00240978
482     0.00298274    -0.00209284    -0.02942851    -0.00071971     0.00120213    -0.00113506
483    -0.00496485     0.00083407     0.00659207    -0.00095707     0.00146363    -0.00089637
484     0.00246756     0.00605788     0.02073948     0.00222762     0.00297994    -0.00001696
485     0.00805461    -0.01007656    -0.01866167    -0.00094309    -0.00140747    -0.00018059
486    -0.01078131     0.00850687     0.00183613    -0.00120771    -0.00125541    -0.00000764
487     0.00178024     0.00813229    -0.00710110    -0.00196322    -0.00660314     0.00019516
488     0.00578900    -0.00953183     0.02007858     0.00115120     0.00318859     0.00049050
489    -0.00939392    -0.00996523    -0.00837285     0.00064190     0.00439806    -0.00022618
490     0.00590487     0.02194720    -0.01707735    -0.00332558     0.00076153     0.00081776
491     0.00099445    -0.02149874     0.01728212     0.00154454    -0.00046046    -0.00021818
492    -0.00887365    -0.00022795    -0.00595006     0.00158074    -0.00016731    -0.00035799
493    -0.00994772    -0.01233633     0.01150581     0.00137799    -0.00090404     0.00237940
494     0.00362778     0.00890946     0.00504685    -0.00062338     0.00029067    -0.00115558
495     0.00864184     0.00579162    -0.01594103    -0.00091523     0.00047893    -0.00125316
496     0.00266087    -0.00147733     0.01242988    -0.00126240     0.00114310     0.00050692
497    -0.00718588     0.00128540    -0.00239912     0.00062372    -0.00058658    -0.00033818
498     0.00647475     0.00010117    -0.01238583     0.00071468    -0.00069470    -0.00024598
499    -0.03257296    -0.02793595     0.01731360     0.01038003     0.01447293     0.00121603
500     0.01105263     0.00593951    -0.00642328    -0.00359533    -0.00492364    -0.00167892
501     0.02106792     0.01995188    -0.00688957    -0.00510635    -0.01014863    -0.00248759
502     0.01590973    -0.01603004     0.00598777    -0.00571253    -0.00898681    -0.00753957
503    -0.02222122     0.01898484     0.00224247     0.00457647     0.00395175     0.00406892
504     0.00044069    -0.01002159    -0.01143529     0.00227368     0.00668233     0.00513515
505     0.00393557     0.01124174     0.00005247    -0.00139142    -0.00193715     0.00074927
506     0.00292345    -0.01703901     0.00302859     0.00090764     0.00117840    -0.00041413
507    -0.00329880     0.00290734    -0.00438712     0.00058075     0.00103479    -0.00039242
508    -0.01430734    -0.01612931    -0.00160360     0.00034315    -0.00124992     0.00132348
509     0.00558196     0.01641897    -0.00510307    -0.00011731     0.00068459    -0.00062749
510     0.00731143     0.00678695     0.00332703    -0.00014896     0.00052294    -0.00056100
511     0.02306495    -0.00087554    -0.01377620     0.00004294    -0.00286762    -0.00052238
512    -0.00679417    -0.00006345     0.01450771     0.00004945     0.00157783     0.00012998
513    -0.01509552     0.00393746    -0.00380187    -0.00017462     0.00136858     0.00022351
514    -0.03360673    -0.03225590    -0.01653477     0.00493169    -0.00126821     0.00697344
515     0.00735367     0.01353965    -0.01150112    -0.00317456    -0.00008043    -0.00360270
516     0.02198916     0.02107654     0.02530386    -0.00309736     0.00174446    -0.00458389
517     0.01777978    -0.00495066     0.02329931    -0.00255887    -0.00061183    -0.00772739
518    -0.00862248     0.00926044    -0.01208769     0.00102236     0.00001911     0.00281562
519    -0.00596483     0.00395402    -0.01156588     0.00207628    -0.00031326     0.00488366
520    -0.02263573     0.00813751     0.00794814    -0.00284182     0.00386918     0.00135644
521     0.01528548     0.01137807    -0.00371868     0.00120459    -0.00223079    -0.00054204
522     0.00219591    -0.01172463    -0.00415870     0.00209490    -0.00242342    -0.00089433
523     0.01126219     0.02075439    -0.01715745     0.00218056     0.00305680     0.00637343
524    -0.00753734    -0.01073485     0.01564290    -0.00161488    -0.00212648    -0.00304102
525    -0.00745854    -0.00395996    -0.00519510    -0.00115120    -0.00155715    -0.00455354
526    -0.01217916     0.02167206    -0.00394914     0.00090208    -0.00393783     0.00483654
527     0.00541446    -0.00889112    -0.00355274    -0.00068998     0.00178218    -0.00188431
528     0.00016556    -0.00327477    -0.00153426    -0.00004449     0.00165554    -0.00200432
529     0.00003084    -0.00272960     0.00197842     0.00065091     0.00242561    -0.00070755
530     0.00096324    -0.00082248     0.00273220    -0.00027598    -0.00099469     0.00033814
531    -0.00293253     0.00698359    -0.00495230    -0.00049542    -0.00128121     0.00040766
532    -0.00044575    -0.00598201     0.00535270     0.00674489     0.00001604    -0.00037526
533    -0.00480509     0.00275230    -0.00203475    -0.00489547     0.00006077     0.00007956
534     0.00175714     0.00538994    -0.00432634    -0.00291632     0.00037665    -0.00006692
535    -0.00921091     0.01689419     0.01650193     0.00045310    -0.00135377     0.00538612
536     0.00338522    -0.01278245    -0.01072984    -0.00039620     0.00121778    -0.00298280
537     0.00071086    -0.00486773     0.00158098    -0.00045880     0.00035460    -0.00318722
538     0.00228086     0.01288505     0.02397305    -0.00317228    -0.00116669    -0.00205079
539     0.00301364     0.00448853    -0.00506724     0.00165966     0.00077299     0.00137305
540    -0.00320417    -0.01070799    -0.01444249     0.00201598     0.00050117     0.00107643
541    -0.03639244     0.00971693    -0.01853049     0.00711699    -0.01090640     0.01165236
542     0.02504423    -0.01243111     0.03258874    -0.00294848     0.00853777    -0.00695139
543     0.00859796     0.00263688    -0.00737669    -0.00139262     0.00388400    -0.00441975
544    -0.00174411     0.04210351     0.03956207     0.00493729    -0.01713167    -0.01367862
545     0.00223924    -0.03103411    -0.01621023    -0.00478787     0.00851179     0.00921365
546     0.00485299    -0.00578985    -0.02078271    -0.00209493     0.00468679     0.00566743
547     0.00290474    -0.03048224    -0.00363124    -0.00131948     0.00618937     0.00437786
548     0.00346176     0.00614778    -0.00570693     0.00089821    -0.00235817    -0.00218699
549    -0.00501517     0.02581537     0.00757021     0.00099081    -0.00447527    -0.00342945
550     0.03472223    -0.01043420    -0.02816702    -0.00144782     0.00075597     0.00079878
551    -0.03346320     0.01443747     0.02904875     0.00061474    -0.00031659    -0.00035334
552    -0.00824459    -0.01299638    -0.00189922     0.00070827    -0.00046453    -0.00043713
553    -0.00750479     0.00035399     0.01584103     0.00047722     0.00181751    -0.00005540
554     0.00055796    -0.00163629    -0.00697309    -0.00025073    -0.00105349     0.00009352
555     0.00568631    -0.00085715    -0.00880868    -0.00018511    -0.00092400    -0.00004047
556     0.00601461     0.00611439    -0.00717130    -0.00203083     0.00085152    -0.00130220
557    -0.00461103    -0.00239443    -0.00234506     0.00106431    -0.00038250     0.00081754
558    -0.00113894    -0.00443704     0.00794073     0.00119829    -0.00042645     0.00060990
559     0.03043520     0.03278958     0.04352753    -0.00074274     0.00184988     0.00165249
560    -0.03418657    -0.03392789    -0.04015191     0.00053843    -0.00104612    -0.00091053
561    -0.00573255    -0.00099196     0.00254119     0.00035814    -0.00074531    -0.00077483
562    -0.00443178    -0.00765555     0.02981121     0.00069281     0.00105034    -0.00265348
563    -0.00359703    -0.00444948    -0.01375075    -0.00022917    -0.00040519     0.00114152
564     0.00901250     0.00882807    -0.01606377    -0.00030127    -0.00059237     0.00166199
565     0.05899226     0.00272500    -0.00427123    -0.00097074    -0.00081709     0.00348613
566    -0.03977979    -0.00172966    -0.00068336     0.00028416     0.00043869    -0.00200616
567    -0.01484743     0.00255559     0.00477338     0.00038465     0.00050679    -0.00147134
568     0.02292631     0.01687414     0.03091615     0.00172096     0.00028832    -0.00201529
569    -0.01154892     0.01676011    -0.02240831    -0.00104874    -0.00005721     0.00105175
570    -0.01312162    -0.02585604    -0.01147234    -0.00087436    -0.00026561     0.00091886
