 Number of water molecules:
         190

 Atomic and electronic energies:
    -3.06516604    -0.12953613

 Atomic coordinates:
  1    -8.45136668    14.23346071    -7.77548405
  2    -8.25840704    14.42313604    -5.92124079
  3    -9.42788514    12.65725072    -8.08698295
  4     7.72317752     5.97196897    13.75319838
  5     9.13973845     4.89152012    12.93608253
  6     7.54643644     7.57435541    12.65759288
  7    -6.21501351     8.00870323     7.12073433
  8    -4.93980651     6.66010152     7.84319031
  9    -6.43787669     7.66150672     5.26320003
 10    15.38596927    -7.58363115    -8.99916354
 11    17.26957580    -7.62257164    -8.99524764
 12    14.91224485    -7.26036763    -7.08348435
 13     1.86397566     5.75288218    11.13925165
 14     2.37161581     5.37500653    12.90575923
 15     3.13264216     4.84654542    10.01176766
 16   -10.61538030     9.30562710    -8.18766342
 17   -11.76916859     7.88961214    -8.65536216
 18    -8.91918562     8.69697211    -8.90770454
 19     4.47761337     3.03285857   -20.95016197
 20     5.19418289     1.23866782   -21.04491899
 21     3.16758173     3.35111901   -22.35156871
 22   -16.73712221    10.97326731     1.34649989
 23   -15.29317318    11.23289451     2.57178527
 24   -17.62715692     9.44258872     1.93911005
 25     8.93684897     7.09103676   -12.91233749
 26     7.60316142     6.38354282   -14.23596995
 27     8.09775351     6.79130592   -11.21237124
 28    -6.18595130   -10.81416032    -9.86139215
 29    -5.80702452    -8.92520025    -9.80345241
 30    -7.96503324   -10.92976353    -9.05490276
 31   -12.45975616     3.22473355     7.13783488
 32   -13.39086418     4.91577405     7.25733300
 33   -12.37065644     2.74076921     5.23714591
 34    -2.12546965     8.17331164   -13.86073542
 35    -0.57797047     7.69879867   -12.92931626
 36    -1.90953711    10.10442338   -14.00259273
 37     7.20198192     6.25365852    -8.32533258
 38     9.04601206     5.65474010    -8.24075760
 39     6.27345983     5.11353133    -7.11617687
 40     3.64380580    -4.47782692    -9.70584915
 41     2.28200574    -3.17204269    -9.90346437
 42     2.99321513    -6.13705061   -10.40478936
 43    -4.03312637     4.08491119     0.40513644
 44    -3.92310464     4.66215868    -1.46131489
 45    -5.58017252     2.82673052     0.62135414
 46     7.05469047    -0.21427839    11.42571951
 47     6.76812953    -1.54451929    10.09018129
 48     6.58112521     1.48491729    10.50455497
 49     2.86825235     7.24342158    -3.74422943
 50     3.74519547     5.81904930    -2.80522768
 51     3.82405291     8.83899136    -3.31062027
 52     4.97597011    -7.68705364    13.78850040
 53     6.77275668    -7.29850830    13.37794133
 54     4.00206736    -6.21223204    12.81484682
 55   -15.18455805   -10.09095476    -2.71127589
 56   -15.74162050   -10.99340836    -1.13605225
 57   -13.66995227   -11.00341561    -3.45851425
 58    -9.59463083     6.40276448    13.13531479
 59    -9.24654527     5.73704876    14.96976570
 60    -9.43858402     4.88848007    12.03610520
 61    11.78667604    -4.41149057     8.15914518
 62    10.00147189    -3.69348495     7.86505329
 63    12.93892268    -2.79790795     8.16053679
 64   -14.17621616    -5.79163523     9.95483820
 65   -14.76402927    -6.23785291     8.16058568
 66   -13.94408823    -3.87816347    10.07001265
 67    11.00108012   -13.94155022     3.22197245
 68     9.83473362   -15.02640401     2.18303398
 69    11.77046889   -12.71628920     1.95288059
 70     1.90887829     2.36846134    -8.87887300
 71     3.51951359     1.98069475    -7.82536055
 72     0.55754424     1.92264652    -7.57810930
 73     0.70924478     2.47588534     1.74602200
 74     0.77188244     0.99818712     0.50798153
 75    -0.95016780     3.41092367     1.55776282
 76    -1.59742694   -12.06523170   -13.00833740
 77    -3.24946999   -11.54077626   -12.16448023
 78    -0.69732432   -13.26716835   -11.93711495
 79    -2.86804527    -2.33431711    -3.70744869
 80    -1.04255354    -2.28459888    -2.93197324
 81    -3.04008402    -0.67319521    -4.76979133
 82     1.09050235    -0.00544900     6.46059261
 83     0.89220485     0.68549553     4.73866996
 84    -0.45795010    -1.22749159     6.74785751
 85    -4.97623718    -3.08069855     0.58533775
 86    -5.83806807    -1.34321886     0.80381315
 87    -4.17057364    -3.03892956    -1.18608350
 88    -1.12407085    10.78234812     1.60492220
 89    -0.80345073     9.25045185     2.70348598
 90     0.68583586    11.60459503     1.32670854
 91   -16.10474918     9.86973698    -3.62771397
 92   -16.33703495    10.91710970    -1.99148293
 93   -17.75562345     9.70385076    -4.45976832
 94     1.94030975   -10.21155332    -7.62368125
 95     0.62383986    -9.42291141    -6.58066652
 96     1.47858318   -11.98682774    -7.86803959
 97    -2.18955767    14.58176361    -4.71719060
 98    -2.10285267    12.87979429    -5.51120143
 99    -3.95750855    14.69212034    -3.97246604
100    -7.42490006    -1.31974897     6.72917166
101    -8.00592249    -0.91460520     8.49118207
102    -5.60866422    -1.85665313     7.03327700
103    -2.83908045     7.42607008    17.00637338
104    -1.26334113     8.43906380    17.15274157
105    -4.09834870     8.54062266    16.09829838
106    -7.48769648     4.76167315    17.53287696
107    -5.70238284     5.32462564    17.87130297
108    -7.53618021     2.86959452    17.67626934
109   -15.78537774    -2.35350257     2.30265027
110   -16.27403634    -3.96479576     3.36487229
111   -15.38592619    -3.14126947     0.54206272
112     2.54169424   -17.98211769    10.85329318
113     2.09081075   -17.03475408     9.17044085
114     0.95370862   -18.99372037    11.30307265
115    -7.06389626     2.21254904    -9.35859978
116    -8.06238571     1.48241619   -10.83317488
117    -7.18174258     4.12592625    -9.48742923
118     9.24627828   -11.38024040    10.96385538
119     8.04765107   -12.40205706    12.04256375
120     9.50571217    -9.74246379    11.89176509
121   -12.14619161    -6.30798658   -13.07909649
122   -12.73068569    -8.10883154   -12.78894561
123   -11.17408343    -5.74895998   -11.43965345
124   -18.47614320     1.08001737    -2.09112503
125   -19.47367533     0.69150398    -0.50023093
126   -17.70058224     2.74025500    -1.79831228
127    10.29523562    13.14747579     3.59736159
128    10.22593133    13.68803783     5.37688391
129    10.61182880    14.75896598     2.61437286
130    -9.78380228    -9.84245401    -6.12870075
131    -9.99370057    -8.03027646    -6.80887974
132    -9.81684552    -9.70622203    -4.15918943
133    12.15913355     5.01152948    -7.80144680
134    12.48340529     3.14998380    -7.32171527
135    13.04948432     5.23952492    -9.49588477
136    -5.49873482    -8.42040631     5.13048858
137    -6.99258074    -7.30463215     4.68204988
138    -3.96857995    -7.47308144     4.36826972
139    -5.28245508    -5.67737915   -10.95954063
140    -5.30563854    -6.05270441   -12.80414170
141    -3.53390944    -4.91151733   -10.60349774
142    -6.37537284    10.03515534    14.45737548
143    -7.48918789     8.60585964    13.83698479
144    -7.37779731    11.13154188    15.63346608
145    -6.22881196   -12.30443565    14.63752569
146    -7.66773790   -13.42974794    14.53207275
147    -5.88238115   -11.82428242    12.76005596
148    -6.31826549    16.67726813   -11.70048284
149    -7.63145254    16.58524283   -13.04804600
150    -7.19360868    15.98061024   -10.15952523
151    -9.84310931     6.44273016   -14.83946157
152   -11.08771403     5.06235514   -15.34205453
153   -10.42713023     6.95313528   -13.12293673
154     1.63334122    10.39436418    17.33142075
155     1.52090694    10.62423183    15.36691186
156     2.93155222    11.63497130    17.85440826
157     8.24766845    -8.15033936     1.25460195
158     9.51991522    -8.82396792     2.49392149
159     6.81968734    -7.39553613     2.37172075
160    12.96519914     0.73008359     7.21762481
161    11.41577157     0.66871401     6.00462199
162    14.32236923     1.48147515     6.11299379
163    -4.57470381    -7.65753066   -15.60732480
164    -2.71368196    -7.53487990   -16.08569827
165    -4.78605478    -9.56729797   -15.39193955
166    10.07882708    -1.36224927    15.18173640
167     9.11936365    -1.15034901    16.80179261
168     8.79665635    -0.87712208    13.79249661
169   -15.00876899    -1.71010554   -10.66581077
170   -15.09402380    -3.51340044   -11.15393739
171   -15.41563869    -1.58216548    -8.79188110
172    -2.29092157    13.53498329   -11.89702466
173    -0.92361645    14.69745364   -11.12820830
174    -3.83738204    14.60197916   -12.07082086
175   -18.07666099     1.39429101     4.91358149
176   -17.29598670     0.03683844     3.76474689
177   -17.52156487     1.00367631     6.66978114
178   -17.31056216     6.10227968     3.41093311
179   -16.27494253     6.70679083     4.96287150
180   -18.09315336     4.43805994     4.01633359
181     2.93149990    -9.34303486   -13.56643276
182     1.94587329    -8.47686681   -15.00808714
183     1.63833512   -10.58184352   -12.78626497
184    -2.93597770     4.72626911     8.94791348
185    -1.34272481     5.26877087     9.85578532
186    -3.25112472     2.92870740     9.55309469
187     1.83661766     7.44839215    -9.95796746
188     1.83788389     5.55633711    -9.74707269
189     3.33863510     8.11905661    -8.97940202
190   -14.92788199     5.02072329    -0.87339513
191   -14.83186366     6.60594478    -1.97110322
192   -15.87216898     5.55722776     0.73369718
193    -2.87980565     1.80198503    -6.61012584
194    -2.76786177     3.43112865    -5.63984479
195    -4.41411446     1.96229715    -7.77638398
196    12.18445702    10.81670840   -10.38917031
197    11.00852557     9.86613533   -11.58569705
198    11.14391787    11.15279682    -8.86567495
199    15.71901559     6.38401725    12.28134644
200    14.68000735     4.73620881    12.43303289
201    16.45004294     6.61263449    13.93939886
202    -0.61061054   -10.93922123     9.78855458
203    -2.36435364   -10.43093168    10.34370750
204     0.40976772   -11.28695118    11.37600856
205     7.97375288     5.52025067     3.87480926
206     6.89457598     7.08316510     4.14486323
207     9.78354737     6.09780665     3.91899667
208     9.29935146    -6.68272782    -3.67053376
209     8.63132991    -7.89898375    -5.08868682
210     9.04066595    -7.46998603    -1.97763797
211    14.41016329     9.78111792     8.49265963
212    14.71919336     8.46773042     9.92041252
213    15.81345177    11.07908889     8.65524548
214     8.09417028    -2.06284525    -0.11060429
215     6.40636453    -1.33298781    -0.44531286
216     7.90898983    -3.88223476    -0.64813736
217    16.86614821     1.55913882    -2.90371589
218    16.23617730     1.62233447    -4.69625440
219    15.52707093     0.51387600    -1.95244871
220    10.26179342    12.90405970     8.43862306
221    11.51935571    11.53262000     8.31132221
222     8.83315324    12.16734007     9.41695072
223    -1.44189904    -6.34374422     2.72642195
224    -2.53362797    -4.99557881     1.80354562
225    -0.44841730    -7.38108466     1.47182919
226    10.15377270   -13.63057330    -5.92593992
227     8.86866880   -12.21208312    -6.20000577
228    11.56460911   -13.20475496    -7.19162472
229   -11.16315583    10.63223493    -3.42105318
230   -13.04801343    10.43754352    -3.41430177
231   -10.54788863     9.95367268    -5.15974255
232    14.49602429    -6.88334606    -4.10222810
233    12.59604938    -6.62768495    -4.14594444
234    15.04771021    -6.28797835    -2.33633174
235    -9.59034879    11.78240758     1.25856147
236   -10.22977139    11.34985505    -0.58334975
237    -8.40183965    10.37138927     1.78865053
238    12.26795961    -8.18218958     4.89243411
239    12.03202536    -6.57566643     5.97967661
240    13.47549731    -9.36772487     5.91753599
241     9.21323031    11.16478209    -6.21577490
242    10.11528823    10.90283970    -4.59430086
243     8.35798761     9.55028542    -6.69487478
244    15.00227107     8.77859616    -5.68423790
245    14.66660060    10.12028295    -7.03212247
246    13.87891494     7.27054445    -6.26016699
247     6.04758095     1.95444424    -5.88869331
248     7.27144102     0.55324989    -6.38127696
249     5.79974565     2.07262900    -3.95797634
250     7.70667165   -17.06001761     0.84865739
251     7.56671168   -17.15623561    -1.04510132
252     8.21755507   -18.72728909     1.61903854
253    -8.04851023    -0.37767687    17.56416350
254    -9.18213956    -1.28790521    18.82007771
255    -6.22397536    -1.23088717    17.69939597
256    12.43447523     2.34506594    12.13044807
257    11.93488608     0.81341985    13.13693340
258    12.87388296     1.78944876    10.31562781
259    12.71783247     7.43717813     4.23432695
260    13.00134363     8.41744260     5.89672878
261    13.49161486     8.43794167     2.86868487
262    -7.72611454     0.98674758     2.33237208
263    -7.35242614     0.23444637     4.15342942
264    -9.62163539     1.32541137     2.46238975
265     2.22571666   -11.82471142    14.13372574
266     3.24525045   -10.18994671    14.23448967
267     3.57655092   -13.18448383    13.94723086
268     0.23066629    -7.02015647   -17.20262491
269     0.23408884    -7.73948980   -18.99474157
270     1.01296135    -5.19077183   -17.28698187
271    14.25539054    -5.42765998     1.01770665
272    15.61083050    -4.26066947     1.80844692
273    13.77220929    -6.60918724     2.38959624
274   -14.87203774    -5.10331985    -1.81311548
275   -12.90930637    -4.99702957    -1.52300646
276   -15.15369733    -7.03740408    -2.23941420
277    -9.69224269    -4.39379230    -1.54948160
278    -8.38483845    -4.31860856    -0.17105016
279    -9.13757490    -3.09196678    -2.88594031
280     2.52069735    -2.37253031   -17.26422175
281     3.93042590    -2.06068721   -18.42903528
282     2.34784488    -0.91985906   -15.95952499
283    -2.73561471    -3.38583289     7.54089463
284    -2.63656777    -4.98599186     6.46798497
285    -2.72852368    -4.00307717     9.37785019
286     9.41288458     0.46903250     3.99598417
287     8.79048970     2.24916489     3.77532189
288     9.14286876    -0.51336400     2.29645658
289     3.52492686    13.20251806     2.04532658
290     4.40670337    12.85510406     0.38643963
291     3.61914400    15.08869518     2.20436518
292     4.50212605     9.14990460     5.35168634
293     2.75474132     8.52544746     5.25710965
294     4.48965962    10.94081242     4.54509319
295    18.93413809     4.60284434     0.13033416
296    18.17453250     3.19314198    -1.07995071
297    20.40373577     5.27332643    -0.90002600
298    -6.25151836   -12.04708940     1.43667239
299    -4.46067023   -12.18748713     0.64329805
300    -5.98086789   -10.91852721     2.94807070
301    13.74913913     5.60604857   -12.56614718
302    14.63708933     7.09597105   -13.16637461
303    11.90958236     6.15756079   -12.66449208
304    -8.27544598    -3.60086086   -15.16909571
305    -6.89479349    -4.87417010   -15.77357739
306    -9.86315070    -4.71660907   -14.83219629
307    15.36729768     8.36113461    -0.57308190
308    16.78701984     7.12230313    -0.23797577
309    15.16416895     8.55488722    -2.47381004
310     0.17061643   -15.12729308    -8.25318385
311     0.91778114   -16.23598106    -6.93534491
312    -1.15622744   -14.15122895    -7.29254231
313    -9.29974121    -5.28432303     3.86247436
314   -11.15188019    -5.70688443     4.02844442
315    -8.90238499    -3.75037883     5.01493101
316     0.79056726   -15.15870133     7.27653223
317     0.07651397   -13.39718535     7.79274698
318     1.88468546   -14.87610359     5.69378623
319     6.94844518    -9.82853760    -7.16109414
320     5.04668943    -9.84593780    -7.13791421
321     7.45637301    -9.74598694    -9.04249620
322   -13.48426798   -15.08742896     4.22166230
323   -13.13974189   -14.10889025     5.86297370
324   -11.99413569   -16.14543574     4.04276406
325     8.11228279    -4.10016488   -12.72664682
326     6.48909631    -3.66259303   -11.81518545
327     8.15063158    -2.93717023   -14.24342853
328    -2.24030130    -9.12255537    15.49267032
329    -0.75657616   -10.37524811    15.21970666
330    -3.75173532   -10.19143435    15.91200633
331   -11.39159720   -12.34024705     7.99029891
332    -9.61506937   -12.59303649     7.30787132
333   -11.19916082   -11.17844369     9.45467723
334    13.32797968   -12.53760167     7.93200860
335    11.80273310   -12.45327223     9.03635112
336    12.79656134   -13.42424705     6.31423263
337    -1.19126906     2.36259776    16.72188596
338    -1.77543352     4.14687842    17.16400025
339     0.75700927     2.54999076    16.60103071
340    13.51698410     0.36505711    -6.59188160
341    13.45194483    -1.05326547    -7.97624767
342    13.13294316    -0.50723567    -4.87228433
343    -2.36905104     6.22657467    -4.01528379
344    -2.97899757     7.83983235    -4.75842492
345    -0.49523421     6.53247367    -3.65625228
346   -10.71727790     9.88925941     9.09897500
347   -10.76811035     8.90845828    10.73583416
348    -8.91335687     9.58296787     8.43468351
349     8.07536632    -9.50137840   -12.16559595
350     6.36441690    -9.81287540   -13.05174619
351     8.06801215    -7.57400141   -12.32917452
352     1.38136806    15.65089822    -8.35759027
353     3.18333136    15.42876752    -7.63872932
354     0.10565436    15.73307328    -6.90281772
355    -3.20173822   -17.36328037     4.49635859
356    -2.04715948   -17.32076929     2.96505659
357    -2.05940188   -16.70530714     5.82686644
358    -8.15459074     0.55957379    12.18238343
359    -8.49783353     0.18384435    14.08766872
360    -6.21204226     0.91169532    12.08533954
361    -5.43397533    -9.97738892    10.15531961
362    -5.31728005    -9.47366964     8.31148001
363    -6.90948253    -9.04863191    10.96244003
364    -3.87939191    -0.02029515   -14.44428825
365    -5.07121417    -0.97396983   -15.56893628
366    -4.21235065     1.83967257   -14.90604485
367    -6.69590737    14.78607796    -2.04457445
368    -5.91744402    14.65140327    -0.30828296
369    -8.59001208    14.41372281    -1.80160435
370     6.55203080    10.09965804    10.42076266
371     6.16461787     9.54718747     8.59218621
372     4.84630251    10.74066251    11.15538284
373   -13.77840562   -10.26733366     2.54127870
374   -13.79606314   -12.20334873     2.83295372
375   -12.39257073   -10.10387248     1.22867008
376     0.46909776   -16.33134519     0.90757140
377     1.78089026   -15.53768656     1.97372583
378    -0.71997511   -14.86510426     0.37046406
379    12.91665381    -3.04161918   -10.52936456
380    13.75686017    -4.73396007   -10.10089545
381    11.16903859    -3.46534646   -11.24332660
382    -1.17007130    17.76657856    -0.67527549
383    -2.75883824    17.23993133     0.25273540
384    -1.32605032    16.86795413    -2.31813222
385    -3.26305670    -2.18464152    18.38709752
386    -2.10985097    -3.69186317    18.18797133
387    -2.45101727    -0.46216392    17.86769028
388    17.39684104    -1.94303767     3.32034160
389    16.74421989    -0.19611743     3.81336369
390    19.15366851    -1.98237334     3.79394528
391    -2.29641875    10.20773467    -7.85916326
392    -0.62271785     9.35315015    -8.30594476
393    -2.43708946    11.63600137    -9.25756586
394     5.44789707    11.80762000    -2.38471676
395     5.34825690    13.06060714    -3.81913795
396     7.25416156    11.44482062    -1.91929476
397     1.93271636     1.67165785   -13.96517523
398     0.08672217     1.46491744   -14.48137209
399     1.81825187     1.99350568   -12.07530045
400   -16.42164828    -6.82968218     5.09078693
401   -18.08188000    -7.66515915     5.64019861
402   -15.53910313    -8.22909077     4.09286753
403     2.80499347    -9.25807580    -0.93165264
404     3.15330491    -7.65851925    -2.07870514
405     4.52047599    -9.72449801    -0.17107114
406     4.18474783   -14.02708978     3.48130374
407     5.22360152   -12.82689412     4.66975886
408     5.44415645   -14.81078749     2.21093867
409    11.14343377    17.49483709     1.55502329
410    12.28719698    19.09556731     1.47891601
411     9.73969466    17.64910474     0.23356275
412   -10.56196063     0.42675786   -12.49399867
413   -12.19383896    -0.36059421   -12.01135959
414    -9.50472786    -0.79683867   -13.59187322
415     7.45515148   -17.59500441    -4.45637444
416     8.88456661   -16.21735563    -4.64176333
417     7.00589858   -18.14428261    -6.23384225
418    -4.36337629    14.88542894     2.57985551
419    -3.15208199    13.38264775     2.60074515
420    -4.33764113    15.60963102     4.39948774
421     1.21147561    10.69451211    12.48448019
422     1.13226504     8.86837015    11.88067811
423    -0.37350341    11.51243832    11.73409740
424    -2.18597190    15.44102243     7.46131213
425    -0.81315764    16.24395196     8.40223535
426    -2.72349459    13.83780721     8.34208268
427    -2.91832210   -11.74611859    -5.86396741
428    -4.51131127   -11.86689049    -6.89094283
429    -2.56231139    -9.86163270    -5.89022409
430    -3.18188403     0.44078804    12.04601781
431    -2.34601889     1.51886603    13.47496039
432    -2.70021684    -1.33930636    12.33530647
433    -5.20985888     4.66080470   -15.80636605
434    -4.09009205     6.22094609   -15.43008859
435    -6.99208975     5.41607148   -15.62372267
436    -9.94303424    -9.68780451    -0.89540576
437    -8.53914017   -10.70160982     0.05577484
438    -9.60939737    -7.76194414    -0.93609765
439     3.39865653     5.12534714    16.02272367
440     3.19435815     6.65537814    17.14299821
441     5.18964289     5.23999087    15.28049833
442    12.46530253   -11.72378945   -10.11130293
443    11.08348413   -11.24584214   -11.35330753
444    13.60721245   -10.21727888   -10.04987948
445     8.19080186    -2.76797244    -6.65580906
446     6.97667321    -3.76655390    -7.80416498
447     8.95930680    -3.98658868    -5.39954441
448    -6.36138491     7.20872151    -9.94098892
449    -4.88726713     8.00489834    -9.02574484
450    -5.90941794     7.10686116   -11.80814218
451   -10.15546710    -8.53559281    11.73997363
452   -10.27934567    -8.11508785    13.58925526
453   -11.63944023    -7.63816382    10.87350689
454     3.35226199    18.67964145     1.55986658
455     3.07674157    19.82420660     3.16885683
456     1.64489456    18.58803104     0.73024972
457    15.99251017     3.26792239     4.14796703
458    17.12020073     3.70579563     2.67695866
459    14.66959323     4.62326009     4.03056942
460     8.40984914    -0.24259027   -16.31599763
461     7.66590044     1.48157158   -16.04580413
462    10.18235351    -0.13835194   -15.70377892
463   -12.92910315    -0.89426705    10.17321353
464   -12.79134217     0.49090982     8.88192893
465   -11.22904325    -1.02315452    11.10764821
466   -12.60492398     2.19731255    -5.09112982
467   -13.03000784     3.17683507    -3.43486830
468   -13.95805694     0.84494270    -5.27388455
469    -8.89921278    -1.06000114    -5.69105293
470   -10.34253408     0.15806402    -5.36163468
471    -7.62945110    -0.17819562    -6.80276868
472   -16.88340819     3.47339267   -12.56341774
473   -16.94532810     1.55496352   -12.51882657
474   -15.68053034     4.11906510   -11.26565041
475   -16.19621414    -1.46852697    -5.68490556
476   -15.48365012    -3.17540079    -5.00304026
477   -17.59095055    -0.94663866    -4.38922315
478     6.70894667    -1.36315520   -20.82186514
479     7.55842696    -0.91211208   -19.08081238
480     8.09949821    -1.99929062   -21.96724563
481     7.38315859   -11.26174890     6.30783989
482     7.92982118   -11.38524661     8.15696627
483     9.00147226   -11.45804044     5.24001418
484    10.50960089    10.60745944    -1.02762652
485    10.28302541    11.53305617     0.62954380
486    12.04528670     9.49568642    -0.79670403
487    -1.72289686   -11.83409563    -0.67014520
488    -2.29548767   -11.73846162    -2.50515594
489    -0.00889903   -11.01947823    -0.71567387
490   -12.75453190     1.76641595     2.27715349
491   -13.40462439     3.19493449     1.14449016
492   -13.98375123     0.27122331     2.26015326
493     9.79456656    -6.28499138    12.60929655
494    10.18511724    -4.69580641    13.61988237
495    10.56430872    -5.88570995    10.90821786
496   -13.21426991    12.35101780     5.12433513
497   -12.19345699    12.34289851     6.77512478
498   -11.81824299    12.37085060     3.79475433
499     5.27822765     4.01292152    -0.71029793
500     6.50678203     4.38402156     0.63893183
501     3.88120462     2.93911209     0.17921605
502    -1.51640280    -6.73509935    -5.78125927
503    -2.36489798    -5.15311603    -5.18508914
504     0.34583104    -6.21445594    -5.60977543
505    -8.28365432   -16.20233866     4.19714889
506    -7.91576995   -14.83183561     2.85473788
507    -6.58741967   -17.04189352     4.45949238
508     5.56154776   -15.48693179    13.69052798
509     4.53515068   -16.64093819    12.55007783
510     6.77185679   -16.57995330    14.76068456
511     1.91843206   -17.57709972    -4.09093133
512     1.14738200   -17.32625428    -2.34681929
513     3.77231474   -17.82997120    -3.76265512
514     7.15138626    -2.68248332     7.17888439
515     7.81130827    -1.14619279     6.27905407
516     6.06852733    -3.63242725     5.88277387
517    -1.20261585    -2.25189379   -10.96702794
518    -2.23917733    -1.46262223   -12.43572438
519    -1.51482016    -1.06148858    -9.41334368
520    -5.78417208     8.39547944     1.92127456
521    -4.29334362     9.55076246     1.58938404
522    -5.17871083     6.64953638     1.33276356
523     5.05260349     2.98232466     7.89323794
524     5.84791488     3.84620489     6.41295144
525     3.48748402     2.08679424     7.32762941
526     3.13133484    -8.52820673     7.40154962
527     4.68307309    -9.60246655     7.35375574
528     1.65498685    -9.65814062     8.00157825
529     6.19360387    15.62398682    -6.40116771
530     7.13783065    17.01061062    -7.38911443
531     7.21568233    14.02072448    -6.76191375
532    12.82889675    -1.43286970    -1.87983754
533    10.95012700    -1.11574595    -1.49801399
534    13.30365621    -3.04356748    -1.01011097
535     2.71672075    -4.55640166    10.70880914
536     3.05277831    -5.86524328     9.29159202
537     3.41779505    -2.85184264    10.07200860
538    -9.70057012    -5.18879342    -8.50957347
539    -7.98694434    -4.98514636    -9.29726376
540    -9.85704294    -3.79919891    -7.23242597
541     4.33223391    -5.75954865     3.67488843
542     2.84860052    -4.83483222     2.75317933
543     3.55684431    -6.87886516     5.00262451
544     3.34730945    -5.54111264    -4.65714786
545     3.75715202    -3.83111682    -3.86776512
546     3.84681739    -5.35682911    -6.48163384
547     0.02860900     6.69538192     4.82789812
548    -1.38091417     6.09559001     5.83609358
549     0.53906761     5.24262757     3.72058622
550   -14.97452511     7.64055655     7.68949418
551   -16.21862930     8.99129661     7.86114931
552   -13.29221969     8.59922196     7.89371575
553     7.16492237    17.96713088    -1.77179904
554     6.37753866    17.15345234    -3.29776541
555     5.72311207    18.19650000    -0.51912875
556   -12.33411515     4.84511648   -10.03038145
557   -11.47104745     3.36766262   -10.98403294
558   -12.41412374     4.07462681    -8.27373294
559    -3.55574997    11.25177759    10.51376865
560    -4.39410946    10.07237094     9.23399325
561    -4.71386292    11.03981324    12.12079764
562     5.75086668     4.65523331   -16.21603222
563     5.43381636     4.51088608   -18.08866448
564     4.34663268     3.68746028   -15.28210777
565    -1.92083252    -4.60369487    12.64616857
566    -0.10779074    -4.72108198    11.99979045
567    -2.19562037    -6.10507113    13.75908114
568    12.70321558     0.76638884   -13.88679631
569    12.90732286    -0.49446596   -12.51216376
570    13.33693082     2.48489116   -13.32935245

 Atomic and electronic forces:
  1     0.00735316     0.01245022    -0.01417511    -0.00109822     0.00161326    -0.00065347
  2     0.00251842     0.00243975     0.01669210     0.00057970    -0.00087809     0.00024843
  3    -0.01118095    -0.01560523    -0.00123759     0.00065264    -0.00078924     0.00037309
  4     0.01864244    -0.00309099    -0.02447453     0.00080812     0.00108939     0.00223138
  5    -0.01639447     0.01542409     0.01292489    -0.00056819    -0.00051894    -0.00117875
  6     0.00332007    -0.01178345     0.00703169    -0.00040697    -0.00069096    -0.00107758
  7     0.01943631    -0.01164131     0.02853884    -0.00193522     0.00217017     0.00195991
  8    -0.02232742     0.01614802    -0.01309246     0.00102115    -0.00115745    -0.00132019
  9     0.00160930     0.00111486    -0.00960273     0.00123539    -0.00130150    -0.00095569
 10    -0.01808692     0.01324477     0.03167031     0.00241052    -0.00114728    -0.00139345
 11     0.01015576    -0.00193974    -0.00333155    -0.00105631     0.00044220     0.00053412
 12     0.00915817    -0.00916895    -0.02847552    -0.00150016     0.00070291     0.00067447
 13    -0.01219333     0.00323295    -0.03011478    -0.00010599     0.00194921     0.00339121
 14     0.00790199    -0.00618930     0.02726720    -0.00001260    -0.00070600    -0.00148204
 15     0.00026085     0.00167639     0.00186896    -0.00015976    -0.00116735    -0.00211180
 16     0.02374489     0.00907658    -0.00068636    -0.00179790     0.00149992    -0.00094618
 17    -0.01761928    -0.01196304    -0.00641725     0.00094378    -0.00062579     0.00048731
 18    -0.00160463     0.00431531     0.00284022     0.00097009    -0.00087995     0.00065094
 19    -0.01873530     0.01692768    -0.01141622     0.00023084     0.00043908    -0.00195561
 20    -0.00437851     0.00205462    -0.00748348    -0.00015458    -0.00013202     0.00100380
 21     0.02054375    -0.01187707     0.01795615    -0.00004108    -0.00019490     0.00086762
 22     0.01009073     0.01455930    -0.01334013    -0.00131145     0.00085586     0.00019162
 23     0.00131519     0.00897449     0.00570438     0.00067970    -0.00049050    -0.00015510
 24    -0.01160848    -0.01958383     0.00922049     0.00068278    -0.00037273    -0.00011559
 25    -0.02340266    -0.01161468    -0.03111402     0.00140044     0.00175615    -0.00237715
 26     0.02893828     0.01400312     0.02084941    -0.00055211    -0.00078882     0.00129947
 27    -0.00579409     0.00079566     0.00509861    -0.00087408    -0.00120774     0.00144128
 28    -0.01704315     0.00892954     0.00861461    -0.00192862    -0.00219311    -0.00194507
 29     0.00144766    -0.00284189    -0.00642064     0.00122687     0.00117216     0.00128444
 30     0.01807311    -0.00380904    -0.00465241     0.00102646     0.00097306     0.00077268
 31     0.00259304    -0.00588155    -0.01901696    -0.00220361     0.00069329     0.00128242
 32     0.00139167    -0.00527150     0.00190155     0.00094463    -0.00038199    -0.00052445
 33    -0.00437183     0.00710270     0.01982244     0.00132173    -0.00037410    -0.00060201
 34    -0.00951816     0.03273355    -0.00935131    -0.00081970     0.00182239    -0.00236479
 35     0.02027970    -0.01311890     0.01416427     0.00034113    -0.00113062     0.00142609
 36    -0.01099117    -0.01464888    -0.00031847     0.00031264    -0.00087981     0.00096059
 37     0.00866072     0.01357466     0.00022619     0.00269865     0.00411261    -0.00369254
 38    -0.00130685     0.00119913     0.00357353    -0.00163307    -0.00168327     0.00162549
 39    -0.00202978    -0.00897282     0.00271848    -0.00189414    -0.00300803     0.00260752
 40     0.01753859    -0.00301853     0.01491678     0.00168427    -0.00366380    -0.00917114
 41    -0.01366549     0.00096851    -0.01285433    -0.00009447     0.00121383     0.00523880
 42    -0.00334407     0.00003075    -0.00668967    -0.00031799     0.00187106     0.00339400
 43    -0.01877103    -0.03092821    -0.01099293    -0.00802973     0.00720728     0.00247492
 44    -0.00422593    -0.00413775     0.01494582     0.00380798    -0.00381857    -0.00003172
 45     0.02749756     0.02907469    -0.00296530     0.00417078    -0.00228711    -0.00111769
 46    -0.01352081     0.04101889    -0.00218717     0.00152108     0.00036907     0.00404545
 47     0.00616736    -0.00576572    -0.00860216    -0.00099688     0.00003956    -0.00252216
 48     0.00777692    -0.03114239     0.01679189    -0.00081664    -0.00054558    -0.00224375
 49    -0.01062470    -0.00678687    -0.00647380     0.00080614     0.00954213    -0.00246988
 50     0.00614365     0.00465800     0.00513607    -0.00141515    -0.00647982     0.00117457
 51     0.00162180     0.00731045     0.00306209    -0.00056689    -0.00353824     0.00063858
 52    -0.03743716     0.03368153    -0.02101057     0.00048786    -0.00112306     0.00268138
 53     0.02519842     0.00187241     0.00189573    -0.00041375     0.00054147    -0.00133900
 54     0.01595369    -0.03634629     0.02380032    -0.00021264     0.00058152    -0.00169469
 55     0.00354621     0.00174454    -0.01096997    -0.00191328    -0.00096361    -0.00014515
 56     0.00216216    -0.00259862     0.00159035     0.00086929     0.00046780    -0.00001220
 57    -0.00798060     0.00211147     0.00584701     0.00099491     0.00060639     0.00012964
 58     0.00435746     0.00455567     0.03270445    -0.00115825     0.00076575     0.00142469
 59    -0.00392048     0.00845557    -0.02351422     0.00049289    -0.00030693    -0.00070329
 60    -0.00137177    -0.01603691    -0.01101111     0.00071302    -0.00038510    -0.00082152
 61     0.01181029     0.03489740     0.00038420     0.00294572    -0.00094924     0.00292526
 62     0.00519607    -0.00553264     0.00080582    -0.00172412     0.00052484    -0.00203966
 63    -0.01814965    -0.02660090    -0.00086766    -0.00147396     0.00020075    -0.00130702
 64     0.00269149    -0.01301136    -0.01229378    -0.00157637    -0.00042600     0.00109000
 65     0.00002997     0.00875601     0.01255704     0.00086059     0.00024733    -0.00048361
 66    -0.00233558     0.00101989    -0.00295973     0.00083315     0.00012944    -0.00059041
 67     0.01280579     0.02603843    -0.00544956     0.00173404    -0.00249275     0.00090086
 68    -0.00931813    -0.01362192    -0.00214521    -0.00075124     0.00135211    -0.00034746
 69    -0.00013309    -0.00858294     0.00935982    -0.00110677     0.00132166    -0.00038188
 70     0.01128111    -0.01653464     0.03537403    -0.00025774     0.00537319    -0.01045365
 71    -0.00240841     0.01126556    -0.02066953    -0.00140933    -0.00332148     0.00616009
 72    -0.00964026     0.00968760    -0.01673795     0.00167709    -0.00352120     0.00641664
 73     0.02310826    -0.02152154    -0.00592439    -0.00679895     0.01830323     0.01454413
 74    -0.01347329     0.01822169     0.01145532     0.00546470    -0.00978993    -0.00770701
 75    -0.01542417    -0.00264262    -0.01054027     0.00393528    -0.00627778    -0.00389602
 76    -0.02224727     0.03133230    -0.01658369    -0.00071536    -0.00204111    -0.00219205
 77     0.00935626    -0.01001827     0.00210247     0.00056284     0.00106295     0.00111255
 78     0.00855368    -0.02670613     0.02326889     0.00027723     0.00115388     0.00101294
 79     0.05446015     0.02331212     0.00483965    -0.02026522    -0.00415730    -0.00895330
 80    -0.04425599    -0.00010417    -0.02091243     0.01178320     0.00352478     0.00544172
 81    -0.00216771    -0.01904065     0.00811950     0.00760489    -0.00083433     0.00469558
 82    -0.02250107    -0.03201390     0.01905340    -0.00180583     0.00228037     0.01202384
 83    -0.00550585     0.01177499    -0.02009933     0.00170672    -0.00276957    -0.00758369
 84     0.02671496     0.02138489     0.00192594     0.00171258    -0.00014513    -0.00518892
 85     0.00836878     0.01120305     0.00096985    -0.01277927    -0.00307690     0.00341523
 86    -0.00000240    -0.01555602     0.00538192     0.00550300     0.00000936    -0.00148954
 87    -0.01117471     0.00257552     0.00198450     0.00804265     0.00212967    -0.00019740
 88     0.03780433     0.01472688    -0.00744822    -0.00122119     0.00449620     0.00111912
 89     0.00293135    -0.00084713     0.00503672     0.00073805    -0.00262635    -0.00101512
 90    -0.04091531    -0.01284724     0.00908480     0.00025755    -0.00221430    -0.00046744
 91     0.02167277     0.00534908     0.02337943    -0.00148762     0.00091415    -0.00017866
 92    -0.00430801    -0.01083624    -0.01006133     0.00069010    -0.00045790     0.00002102
 93    -0.02152290     0.00120474    -0.00907476     0.00067059    -0.00037225     0.00010191
 94     0.03559753     0.02699086    -0.01063818    -0.00014297    -0.00556148    -0.00385946
 95    -0.02053416     0.00861529     0.01161312     0.00065904     0.00351518     0.00223069
 96    -0.00885489    -0.03723362    -0.00666794     0.00014476     0.00222250     0.00134304
 97     0.00202546     0.01436654     0.00781425    -0.00073936     0.00270587    -0.00055288
 98     0.00011109    -0.01688444    -0.00999306     0.00047463    -0.00158638     0.00044968
 99    -0.00450020     0.00286981     0.00276030     0.00047665    -0.00125008     0.00019600
100     0.00668378    -0.00314931     0.00346218    -0.00392466     0.00002664     0.00329678
101    -0.01115095     0.00775920     0.00763161     0.00146042    -0.00006795    -0.00140963
102     0.00714029    -0.00489248    -0.00445126     0.00211441     0.00012605    -0.00226897
103    -0.00810512    -0.02246377     0.00358492    -0.00044665     0.00077890     0.00162095
104     0.01918845     0.01391520     0.00526558     0.00014884    -0.00041968    -0.00078965
105    -0.00602205     0.00406759    -0.00479594     0.00027676    -0.00043560    -0.00076520
106    -0.00566263     0.01253324    -0.00512190    -0.00073293     0.00046504     0.00142797
107     0.00419020     0.00283058     0.00085123     0.00031048    -0.00026348    -0.00075420
108    -0.00204087    -0.01394538     0.00275745     0.00038481    -0.00016817    -0.00075156
109    -0.00545547    -0.03608822     0.00378579    -0.00236177    -0.00013105     0.00048560
110     0.00896637     0.02687417    -0.01268647     0.00106054     0.00014978    -0.00027293
111    -0.00695857     0.00697068     0.01239757     0.00128136     0.00013057    -0.00014135
112    -0.02167305    -0.01264834    -0.01695871     0.00003104    -0.00154735     0.00113387
113     0.00130910    -0.00802315     0.02383663     0.00000697     0.00095349    -0.00063837
114     0.01631948     0.01036582    -0.00445477     0.00004986     0.00070249    -0.00050334
115     0.01079369    -0.00622884     0.01080402    -0.00369285     0.00141354    -0.00314244
116    -0.00458344     0.00052804    -0.00187109     0.00147577    -0.00040437     0.00134643
117     0.00000588     0.00459755    -0.00408575     0.00156212    -0.00091237     0.00133585
118    -0.00849639    -0.01020060    -0.00288773     0.00109422    -0.00156460     0.00191546
119    -0.00000116    -0.00394519     0.00245706    -0.00038864     0.00073770    -0.00089200
120     0.00532861     0.01140980     0.00504199    -0.00057792     0.00066701    -0.00104965
121     0.01598735     0.00275529     0.03056161    -0.00167133    -0.00058173    -0.00135704
122     0.00261199     0.00829763    -0.00132280     0.00077022     0.00035051     0.00058632
123    -0.01810941    -0.01188477    -0.02424619     0.00106196     0.00035231     0.00079438
124    -0.02414713    -0.02373186     0.01352612    -0.00187091     0.00022022    -0.00006127
125     0.00379929    -0.00121107    -0.00900781     0.00085886    -0.00008114    -0.00003602
126     0.01612722     0.02575180     0.00130590     0.00097221    -0.00020022     0.00001862
127    -0.00473146    -0.02593790    -0.04823221     0.00125398     0.00226880     0.00077414
128    -0.00104012     0.00203284     0.03738444    -0.00052795    -0.00099905    -0.00044633
129     0.00512129     0.01397122    -0.00254137    -0.00052961    -0.00102275    -0.00025263
130    -0.00229192     0.01607512     0.02261598    -0.00264878    -0.00188483    -0.00104587
131     0.00098936    -0.01250023     0.00379288     0.00150113     0.00082664     0.00066464
132     0.00013604    -0.00508381    -0.02795131     0.00148575     0.00103629     0.00034268
133    -0.00648938    -0.00324861     0.00484720     0.00331990     0.00213760    -0.00213932
134     0.00391010     0.00465694     0.00009972    -0.00205513    -0.00090697     0.00118890
135     0.00263191    -0.00069736    -0.00300635    -0.00130001    -0.00079388     0.00097030
136     0.02233617     0.00837797    -0.00317702    -0.00335495    -0.00307739     0.00281996
137    -0.01224390     0.00386210    -0.00184822     0.00192395     0.00124350    -0.00126143
138    -0.00966813    -0.01591141     0.00318450     0.00223260     0.00221321    -0.00206388
139     0.01584602     0.00839361     0.03691946    -0.00285176    -0.00167737    -0.00361818
140     0.00177089    -0.00676962    -0.02281077     0.00102627     0.00065264     0.00155231
141    -0.01213353    -0.00250705    -0.00639537     0.00159276     0.00101458     0.00253193
142     0.01545461     0.01153373     0.00030630    -0.00072268     0.00096253     0.00133254
143    -0.01200085    -0.00504092     0.00024084     0.00045240    -0.00046686    -0.00070972
144    -0.00691209    -0.00098230     0.00140053     0.00031458    -0.00041106    -0.00055810
145     0.02558991     0.02222957    -0.02676318    -0.00073028    -0.00094748     0.00138387
146    -0.02879087    -0.02408841     0.00509266     0.00036652     0.00044813    -0.00058964
147     0.00208599    -0.00023821     0.02519839     0.00045786     0.00059244    -0.00079850
148     0.00254619    -0.00000996    -0.01130699    -0.00061524     0.00130700    -0.00074215
149    -0.00200544     0.00403185    -0.00775707     0.00030871    -0.00056497     0.00036495
150    -0.00146561    -0.00481229     0.01782686     0.00038273    -0.00070882     0.00035565
151    -0.00705142    -0.01764757    -0.00641214    -0.00130221     0.00084386    -0.00144883
152     0.00760119     0.00865742    -0.00345810     0.00065427    -0.00031585     0.00068449
153    -0.00370583     0.00829469     0.01134478     0.00074300    -0.00048941     0.00068728
154    -0.00719271    -0.00942527    -0.02405223    -0.00004526     0.00089190     0.00141358
155    -0.00190291    -0.00405110     0.01960511     0.00003331    -0.00056220    -0.00078186
156     0.00951562     0.01022343     0.00977929    -0.00002285    -0.00042588    -0.00062796
157    -0.02874997     0.00902311     0.00195134     0.00569690    -0.00648552     0.00245891
158     0.01117924     0.00282285     0.00617228    -0.00214855     0.00221443    -0.00112787
159     0.01518941    -0.00584929    -0.01013652    -0.00299726     0.00397791    -0.00242306
160    -0.01642256    -0.01088007     0.00713938     0.00326416     0.00063546     0.00260285
161     0.01234100    -0.00191103     0.01028114    -0.00221960    -0.00048910    -0.00177332
162     0.01399647     0.01078570    -0.00292203    -0.00163153    -0.00038373    -0.00100621
163    -0.00334510    -0.02072167     0.00196996    -0.00113562    -0.00106916    -0.00237791
164     0.00534994     0.01044315    -0.00317231     0.00043465     0.00055447     0.00129886
165    -0.00490822     0.01422207    -0.00101224     0.00051889     0.00061584     0.00103828
166    -0.00615817    -0.00202859    -0.00808063     0.00104544     0.00000077     0.00220365
167     0.00239823    -0.00016471     0.00495964    -0.00038539    -0.00001240    -0.00101633
168     0.00436582    -0.00051183     0.00111799    -0.00059750    -0.00004505    -0.00137992
169     0.00611134     0.02007175    -0.00155676    -0.00188683    -0.00004157    -0.00101242
170    -0.00136396    -0.01670403    -0.00489756     0.00089125     0.00011265     0.00050117
171    -0.00519724    -0.00022979     0.00275355     0.00103706     0.00001466     0.00043349
172     0.03484805    -0.01011016     0.01156101    -0.00055309     0.00184796    -0.00129285
173    -0.01167407    -0.00925953    -0.00634251     0.00018440    -0.00095687     0.00057539
174    -0.01764374     0.01789771    -0.00039043     0.00030295    -0.00080510     0.00053471
175    -0.00222762    -0.00397331    -0.01546851    -0.00168842     0.00022998     0.00052562
176    -0.00413537     0.00256640     0.00819433     0.00096705    -0.00006945    -0.00025610
177     0.00295801    -0.00302807     0.01019625     0.00082032    -0.00009874    -0.00033539
178     0.00871685     0.00922221     0.01286810    -0.00161883     0.00062056     0.00040009
179    -0.00987228    -0.00411964    -0.01210413     0.00080070    -0.00035058    -0.00027614
180     0.00118383    -0.00253215    -0.00145408     0.00080371    -0.00023013    -0.00021477
181    -0.01302273    -0.00596270     0.00624208     0.00019739    -0.00211664    -0.00317749
182     0.00545622    -0.00408170     0.00660093     0.00002614     0.00081475     0.00153379
183     0.01196316     0.01379125    -0.01220003     0.00006984     0.00120276     0.00146547
184    -0.00083651    -0.00343978    -0.00706449    -0.00186809     0.00223801     0.00374454
185     0.00702146     0.00222959     0.00404178     0.00058770    -0.00110340    -0.00184573
186    -0.00016512     0.00068238     0.00293610     0.00102579    -0.00081943    -0.00205054
187    -0.00398710     0.01460750     0.00277379    -0.00013487     0.00389471    -0.00372895
188     0.00266782    -0.00902323     0.00187216     0.00009423    -0.00225437     0.00267393
189    -0.00097464    -0.00484248    -0.00490597    -0.00026930    -0.00215399     0.00169564
190     0.00276615     0.00744308    -0.01117250    -0.00228813     0.00085374     0.00007354
191    -0.00311822    -0.00304177     0.00487564     0.00104888    -0.00049144     0.00003341
192    -0.00178812     0.00267224     0.00033888     0.00100350    -0.00038487    -0.00011953
193     0.01176610    -0.02501329    -0.00020076    -0.00839873     0.00514390    -0.00836428
194    -0.00289422     0.02005031     0.00472658     0.00374595    -0.00362324     0.00313053
195    -0.00437024     0.00423249    -0.00322498     0.00293536    -0.00146038     0.00278077
196     0.00289712    -0.01395574    -0.02367798     0.00136487     0.00166917    -0.00122687
197     0.00759962     0.00580920     0.00168356    -0.00066952    -0.00085495     0.00077184
198    -0.01092111     0.00846917     0.02012379    -0.00073078    -0.00102605     0.00060898
199    -0.02554180    -0.01867048    -0.02780436     0.00124432     0.00071717     0.00125888
200     0.00331048     0.01306791    -0.00795552    -0.00068216    -0.00033553    -0.00075600
201     0.01793527     0.00824828     0.03329962    -0.00052104    -0.00029311    -0.00056079
202     0.02332898    -0.00104176    -0.01420284    -0.00068517    -0.00233260     0.00270443
203    -0.01349927    -0.00012358     0.00403378     0.00050413     0.00100093    -0.00128779
204    -0.00148304    -0.00283560     0.00863927     0.00017221     0.00095075    -0.00121583
205    -0.02203350    -0.02408896    -0.00879489     0.00409314     0.00503972     0.00374058
206    -0.00076723     0.00804097     0.00464685    -0.00135681    -0.00251976    -0.00161377
207     0.01841076     0.01300177     0.00342020    -0.00184043    -0.00184862    -0.00128749
208    -0.00476677     0.00315046    -0.04210021     0.00734231    -0.00561911    -0.00242535
209     0.00654370     0.00950091     0.02788322    -0.00264722     0.00274654     0.00154654
210    -0.00347362    -0.01762942     0.01753966    -0.00351747     0.00319705     0.00033301
211     0.00531186    -0.00807452     0.01441790     0.00139621     0.00128333     0.00113062
212     0.00093473     0.01049328    -0.01221791    -0.00068999    -0.00054552    -0.00062371
213    -0.00639770    -0.00688942    -0.00055772    -0.00060227    -0.00055361    -0.00044452
214    -0.00801599    -0.00278399    -0.00592177     0.02010206    -0.00256935     0.00427579
215    -0.00843929     0.01108247     0.00009971    -0.01247452    -0.00001806    -0.00274201
216     0.01361732    -0.00881936     0.00291821    -0.00818181     0.00365610    -0.00104426
217    -0.00565365    -0.00914128     0.01439692     0.00352914     0.00070261    -0.00037174
218    -0.00292779    -0.00135234    -0.00896313    -0.00180572    -0.00038394     0.00042905
219     0.00862709     0.00410123    -0.00921301    -0.00224451    -0.00031392     0.00010067
220    -0.00501156     0.02951418     0.00461744     0.00093786     0.00167512     0.00114709
221     0.02494395    -0.01653867    -0.00103518    -0.00058770    -0.00082058    -0.00061316
222    -0.01638306    -0.00719654     0.01170366    -0.00042285    -0.00087229    -0.00069230
223    -0.00709441     0.02391902    -0.00474178    -0.00714851    -0.00977828     0.00797437
224     0.00745325    -0.02076991     0.00777465     0.00567363     0.00434435    -0.00376432
225    -0.00561470    -0.00200901    -0.00210573     0.00270989     0.00622057    -0.00289177
226     0.00729362     0.00753454     0.00019892     0.00178428    -0.00277283    -0.00102554
227     0.00095357    -0.00512118    -0.00033609    -0.00106542     0.00175061     0.00077484
228    -0.00740350    -0.00398335     0.00171569    -0.00089827     0.00114400     0.00055915
229     0.03513135    -0.00306074    -0.00420363    -0.00184744     0.00166352    -0.00027375
230    -0.01903646    -0.00216939    -0.00700829     0.00085756    -0.00066523     0.00011125
231    -0.01426607     0.00952008     0.01472217     0.00098269    -0.00087505     0.00028644
232     0.00434461     0.01021187     0.00893299     0.00383520    -0.00174085    -0.00085607
233    -0.00203418    -0.00327460     0.00361450    -0.00246630     0.00126606     0.00066251
234    -0.00499074    -0.00832197    -0.01133626    -0.00200471     0.00077706     0.00015302
235    -0.02505368    -0.00497592    -0.02407330    -0.00168220     0.00188321     0.00038431
236     0.01337623     0.00292149     0.03197795     0.00090038    -0.00092448    -0.00006200
237     0.00504602    -0.00058794    -0.00552085     0.00102800    -0.00114394    -0.00031296
238     0.01810307    -0.01545011     0.01132289     0.00319751    -0.00218555     0.00198264
239     0.00397628    -0.01186679     0.00179893    -0.00170229     0.00091239    -0.00126912
240    -0.02274018     0.01862362    -0.01120486    -0.00120971     0.00086500    -0.00078012
241    -0.00872159     0.01559313    -0.02630902     0.00163238     0.00293157    -0.00111861
242     0.01118043    -0.00406194     0.02438068    -0.00096301    -0.00150336     0.00038942
243    -0.00449315    -0.01261011    -0.00044021    -0.00099431    -0.00177152     0.00085139
244    -0.02416311    -0.00875574    -0.01619809     0.00216456     0.00172339    -0.00072813
245     0.00695419    -0.00623428     0.00813957    -0.00089436    -0.00082728     0.00040500
246     0.01515270     0.01368944     0.00662668    -0.00132876    -0.00098804     0.00055571
247    -0.02026988     0.00109327     0.02214040     0.00957219     0.00839891    -0.01102085
248     0.00301583    -0.00359115     0.00823637    -0.00486003    -0.00188130     0.00476305
249     0.01580314    -0.00090776    -0.02451015    -0.00648585    -0.00644131     0.00465630
250    -0.00082047     0.01440624     0.01782933     0.00094204    -0.00269876     0.00037564
251     0.00129896    -0.01288382    -0.01198209    -0.00046889     0.00138697    -0.00002638
252    -0.00256368    -0.00072278    -0.01091466    -0.00037933     0.00109922    -0.00018725
253     0.03648991    -0.02248520     0.00142406    -0.00083763     0.00008224     0.00154501
254     0.00860045     0.00386303    -0.00594617     0.00037484    -0.00000306    -0.00066400
255    -0.04111739     0.01651386     0.00306864     0.00038168    -0.00000697    -0.00086192
256     0.00887706     0.01320536    -0.01358869     0.00160540     0.00058641     0.00212316
257    -0.00244960    -0.00868803     0.00359899    -0.00073297    -0.00016522    -0.00109513
258    -0.00687774    -0.00148723     0.01118639    -0.00104553    -0.00031092    -0.00114662
259    -0.01583920    -0.01760117     0.02700874     0.00262975     0.00222479     0.00140354
260     0.00483105    -0.00402863    -0.01122175    -0.00102326    -0.00093559    -0.00069012
261     0.01463913     0.01742240    -0.01948177    -0.00122995    -0.00107792    -0.00046226
262     0.01457248    -0.01255060     0.03060290    -0.00626341     0.00149240     0.00235699
263    -0.00680339     0.01125493    -0.03167676     0.00280979    -0.00047726    -0.00162643
264    -0.00554343     0.00255082    -0.00944981     0.00234942    -0.00053659    -0.00076881
265    -0.01163610     0.00699014    -0.00457423     0.00000136    -0.00131035     0.00193546
266     0.00259622     0.00626860     0.00172007    -0.00007290     0.00062731    -0.00110513
267    -0.00034868    -0.00996855     0.00306985    -0.00007660     0.00066576    -0.00085963
268     0.00985801     0.01967121    -0.01415409    -0.00033057    -0.00097221    -0.00267259
269     0.00265345     0.00978218     0.01326546     0.00012011     0.00039729     0.00108246
270    -0.01015391    -0.02602531    -0.00060255     0.00010903     0.00036538     0.00148475
271     0.02267659     0.02750912    -0.01813963     0.00451785    -0.00154225     0.00088764
272    -0.00901415    -0.00551368    -0.00315794    -0.00197273     0.00043242    -0.00046488
273    -0.01097801    -0.01745269     0.01910849    -0.00203898     0.00093418    -0.00065879
274     0.03523587    -0.03172911    -0.00662859    -0.00260537    -0.00057421    -0.00006304
275    -0.02917295     0.00237172    -0.00631255     0.00164704     0.00039868     0.00001374
276    -0.00022711     0.03075885     0.00710089     0.00116329     0.00038200     0.00005647
277    -0.00269665     0.00312806    -0.02073327    -0.00519599    -0.00133523    -0.00006850
278     0.00547031     0.00343708     0.01048708     0.00318495     0.00089403    -0.00036294
279    -0.00624757    -0.00871618     0.00759395     0.00298615     0.00046622     0.00038983
280    -0.03203208    -0.00073445     0.03409728     0.00007194    -0.00021710    -0.00323622
281     0.02321697     0.01132361    -0.01629899    -0.00014452     0.00006092     0.00139451
282     0.00945700    -0.01385452    -0.01993917    -0.00002485    -0.00005392     0.00194724
283     0.00050777    -0.01293975    -0.00500567    -0.00359222    -0.00144883     0.00644672
284     0.00146884     0.00945532     0.00625802     0.00204590     0.00152623    -0.00328716
285     0.00096859     0.00405061    -0.00259662     0.00114379     0.00060512    -0.00247911
286    -0.01094732    -0.02121736    -0.02395056     0.00768748     0.00192099     0.00567066
287    -0.00129628     0.01466042    -0.00412793    -0.00355842    -0.00198566    -0.00277204
288     0.00550108     0.01434341     0.02307345    -0.00561080    -0.00064288    -0.00291635
289    -0.00351047    -0.00682579     0.00835864     0.00030917     0.00346957     0.00081756
290     0.00314791    -0.00824854    -0.00987221    -0.00029047    -0.00189556    -0.00023801
291    -0.00285785     0.01419350     0.00449394    -0.00011778    -0.00138819    -0.00030333
292     0.04065858     0.03280416    -0.00390635     0.00087609     0.00415436     0.00263077
293    -0.03402686    -0.01218956    -0.00038636    -0.00011652    -0.00236663    -0.00157142
294    -0.00199047    -0.01983407     0.00525273    -0.00034138    -0.00188613    -0.00090192
295     0.00014284    -0.01173375    -0.02079815     0.00241743     0.00086462     0.00021589
296     0.00677882     0.01928089     0.01660540    -0.00143255    -0.00040949    -0.00002520
297    -0.00234722     0.00022827     0.00858357    -0.00102710    -0.00037546    -0.00002635
298     0.01418709    -0.00544764    -0.00892857    -0.00254403    -0.00322682     0.00084107
299    -0.01542500    -0.00077683     0.00405901     0.00127187     0.00207829    -0.00038093
300    -0.00063775     0.00544168     0.01173943     0.00142126     0.00166395    -0.00074740
301    -0.01462937    -0.02220698     0.01261033     0.00175706     0.00106135    -0.00169626
302     0.02641835     0.02732516    -0.01184068    -0.00073235    -0.00049865     0.00069204
303    -0.01034961    -0.00366850    -0.00505629    -0.00086108    -0.00066759     0.00099600
304     0.00592510    -0.03014590    -0.00917147    -0.00161923    -0.00035414    -0.00212118
305    -0.02189841     0.01759881     0.00790154     0.00071486     0.00028085     0.00112658
306     0.01572546     0.01403365    -0.00261201     0.00080132     0.00022623     0.00088956
307    -0.01475410     0.00269880     0.01124703     0.00243750     0.00181261     0.00014723
308     0.00286906    -0.00183287    -0.00399243    -0.00123700    -0.00072366    -0.00009566
309     0.00939774    -0.00050625    -0.00679267    -0.00121174    -0.00093310     0.00010324
310    -0.00588666     0.01988420    -0.01907261    -0.00043380    -0.00298246    -0.00148054
311     0.01331839    -0.02200763     0.01717738     0.00012712     0.00149725     0.00055745
312    -0.01000095     0.00360222     0.00073840     0.00044419     0.00171342     0.00078772
313     0.00557788     0.00964462     0.01336911    -0.00402851    -0.00137419     0.00182934
314     0.00083950     0.00335914     0.00166912     0.00160489     0.00052269    -0.00064874
315    -0.00738931    -0.01350793    -0.01209112     0.00205523     0.00044129    -0.00117943
316    -0.00579978     0.02263290    -0.01763091    -0.00026301    -0.00257784     0.00160595
317     0.00815537    -0.02239710     0.00008801     0.00024421     0.00138605    -0.00104891
318    -0.00295288     0.00076958     0.01079377     0.00003617     0.00155979    -0.00080893
319     0.02606752     0.01151298    -0.00283515     0.00260221    -0.00471610    -0.00318075
320    -0.01765558    -0.00552837    -0.00396622    -0.00093774     0.00283910     0.00189878
321    -0.00333555    -0.00460768     0.00749013    -0.00108310     0.00175029     0.00157661
322    -0.03256326     0.02992923     0.00977553    -0.00127416    -0.00111660     0.00045436
323    -0.00211209    -0.00281714    -0.00490971     0.00065737     0.00054689    -0.00030988
324     0.03574778    -0.02657381    -0.00621298     0.00060949     0.00063576    -0.00023236
325    -0.00013449    -0.00291290     0.00915245     0.00216661    -0.00102192    -0.00411531
326    -0.00223734    -0.00360028    -0.00050047    -0.00117209     0.00064355     0.00280251
327     0.00133120     0.00352063    -0.00727340    -0.00085199     0.00023136     0.00182296
328     0.03110411    -0.00181006    -0.00616084    -0.00052453    -0.00091358     0.00198236
329    -0.01549662     0.01434319     0.00519725     0.00017485     0.00053065    -0.00097466
330    -0.01050616    -0.00873466    -0.00134240     0.00029264     0.00043324    -0.00084686
331     0.01202614    -0.00771180    -0.01314648    -0.00142520    -0.00115204     0.00098054
332    -0.01005705    -0.00330693     0.00113988     0.00076814     0.00073084    -0.00056332
333    -0.00047132     0.01085330     0.01473776     0.00070437     0.00051623    -0.00056840
334     0.01232959    -0.00110764    -0.02145421     0.00147866    -0.00149243     0.00123457
335    -0.01130356     0.00247271     0.01493280    -0.00067555     0.00078429    -0.00073146
336     0.00081719    -0.00095296     0.00382863    -0.00076821     0.00087891    -0.00055606
337     0.02354148     0.00355491    -0.00348093    -0.00042154     0.00046360     0.00222836
338    -0.00279874    -0.00054728    -0.00211472     0.00021294    -0.00029513    -0.00098553
339    -0.02128102    -0.00051879     0.00134393     0.00009646    -0.00025780    -0.00117220
340    -0.00788687    -0.02845313    -0.00856169     0.00462479     0.00070241    -0.00213626
341    -0.00075126     0.01996033     0.01974746    -0.00207957    -0.00005312     0.00121956
342     0.00522670     0.00567417    -0.01843159    -0.00294375    -0.00022496     0.00094686
343     0.01098735    -0.02349479     0.01038464    -0.00463477     0.00784739    -0.00256660
344    -0.00665230     0.01960821    -0.01048159     0.00154386    -0.00278211     0.00098119
345    -0.00100194     0.00454408    -0.00329151     0.00161887    -0.00490552     0.00131420
346     0.01815189     0.00184846    -0.00430204    -0.00129800     0.00113458     0.00105485
347    -0.00134286    -0.00370900     0.00644298     0.00061421    -0.00048817    -0.00057432
348    -0.01151702    -0.00024037    -0.00082505     0.00072345    -0.00071558    -0.00064019
349    -0.03030989     0.02365161    -0.01315080     0.00149018    -0.00208343    -0.00272348
350     0.01004863    -0.01515791     0.00752166    -0.00050533     0.00103309     0.00140669
351     0.01835942    -0.00313091     0.00320967    -0.00089798     0.00096141     0.00166493
352     0.00806373    -0.00567030     0.00273014    -0.00010469     0.00222965    -0.00090374
353    -0.02126927     0.00726320    -0.00190572    -0.00007053    -0.00119003     0.00043811
354     0.00959519    -0.00109726    -0.00381521     0.00014343    -0.00118389     0.00037695
355    -0.00217571    -0.00157297    -0.01711022    -0.00076846    -0.00228250     0.00083206
356    -0.00559382    -0.00682590    -0.00541878     0.00034750     0.00131080    -0.00035328
357     0.00790634     0.00553600     0.02391646     0.00032603     0.00117733    -0.00054919
358     0.01180218    -0.00215717     0.02357877    -0.00166976     0.00031483     0.00218324
359     0.00616517     0.00582077    -0.02419888     0.00065314    -0.00009601    -0.00094260
360    -0.02284233    -0.00955900     0.00191115     0.00083644    -0.00022978    -0.00133562
361     0.00201074    -0.00241928     0.00688000    -0.00144321    -0.00162812     0.00217200
362    -0.00711461     0.00258882    -0.00528914     0.00097199     0.00104881    -0.00124720
363    -0.00611631     0.00149147    -0.00671256     0.00074128     0.00062500    -0.00100099
364     0.00692699     0.01208218    -0.00182674    -0.00166037     0.00035618    -0.00354930
365    -0.00658612    -0.00735956    -0.00176274     0.00074462    -0.00003520     0.00144624
366    -0.00235624    -0.00131305     0.00016286     0.00074398    -0.00036940     0.00156228
367    -0.02123164    -0.00277480    -0.02040793    -0.00115068     0.00209769    -0.00007822
368     0.00092016     0.00066234     0.01384944     0.00056758    -0.00112469    -0.00007903
369     0.02255170     0.00335872     0.00319176     0.00063022    -0.00092484     0.00002122
370    -0.03106123    -0.00039484    -0.00255533     0.00071014     0.00190365     0.00194650
371     0.00007284     0.00527888     0.01383549    -0.00044467    -0.00125093    -0.00113360
372     0.02241678    -0.00927970    -0.00997751    -0.00019379    -0.00090715    -0.00093385
373    -0.00020662    -0.02282471    -0.00350761    -0.00199054    -0.00111130     0.00048807
374    -0.00535253     0.01258384     0.00987569     0.00084617     0.00057443    -0.00022258
375     0.00443200     0.00957455    -0.00455994     0.00117122     0.00070305    -0.00020907
376    -0.04200625     0.00542205    -0.02623320    -0.00039290    -0.00342824     0.00051295
377     0.02499713     0.01160527     0.01597053     0.00005414     0.00186952    -0.00043466
378     0.01472861    -0.01507569     0.00373981     0.00043684     0.00203924    -0.00025683
379    -0.00379993    -0.00908594     0.00631381     0.00305660    -0.00048934    -0.00260288
380    -0.00229522     0.00530922    -0.00469988    -0.00144187     0.00042634     0.00108661
381     0.00576215    -0.00211663     0.00183937    -0.00150031     0.00035885     0.00164182
382    -0.00144515     0.00857856     0.01715927    -0.00037219     0.00212001     0.00008300
383     0.00186644     0.00117204     0.00711507     0.00027961    -0.00105256    -0.00009477
384     0.00222863    -0.00954375    -0.02171823     0.00022292    -0.00115849     0.00005605
385    -0.00568698     0.02235959    -0.00591732    -0.00051960    -0.00007597     0.00187062
386     0.00345385     0.01288733    -0.00304229     0.00021690     0.00011583    -0.00097848
387     0.00007418    -0.03184930     0.00584516     0.00024646    -0.00004885    -0.00101353
388    -0.04535258     0.00762713    -0.00854496     0.00308610    -0.00012262     0.00094968
389     0.00304418    -0.00555322    -0.00387173    -0.00161403    -0.00012802    -0.00057376
390     0.04160129    -0.00205318     0.01037514    -0.00125036     0.00004717    -0.00038006
391     0.00494577     0.02319617    -0.02720391    -0.00132720     0.00345517    -0.00189927
392    -0.00438947    -0.00101707    -0.00018757     0.00051304    -0.00198713     0.00125997
393    -0.00136267    -0.02603758     0.02404036     0.00047242    -0.00133674     0.00079900
394    -0.02142854    -0.00707340     0.00216561     0.00103219     0.00421832    -0.00030749
395     0.00845595     0.00238700     0.00022399    -0.00038138    -0.00175450     0.00028971
396     0.01430629     0.00270645    -0.00308966    -0.00077823    -0.00199256     0.00007977
397    -0.01482617    -0.00038028    -0.00562469    -0.00008388     0.00115734    -0.00477685
398     0.00803207     0.00087903    -0.00305040     0.00034846    -0.00047128     0.00218206
399     0.00716691    -0.00004662     0.00545439     0.00009544    -0.00100279     0.00315417
400    -0.02133707    -0.00630408     0.00752857    -0.00177664    -0.00052228     0.00061746
401     0.01475109     0.01170873    -0.00275652     0.00074220     0.00023092    -0.00025698
402     0.00962353    -0.00175850    -0.00392781     0.00093668     0.00036312    -0.00028895
403     0.01461890     0.04085692    -0.01451175     0.00097262    -0.01241372     0.00052263
404    -0.00630075    -0.04184931     0.01674790    -0.00124467     0.00837883     0.00107870
405    -0.01094588    -0.00011412    -0.00562256    -0.00134484     0.00493427    -0.00065904
406     0.01510589     0.01390665     0.00513846     0.00062224    -0.00398696     0.00150852
407    -0.00717462    -0.02058796    -0.01907090    -0.00052253     0.00199211    -0.00103809
408    -0.00574318     0.00342139     0.01564708    -0.00045122     0.00188068    -0.00049353
409     0.02182483     0.03204790    -0.00487105     0.00077584     0.00164475     0.00025620
410    -0.02696144    -0.03138879    -0.00233923    -0.00033850    -0.00068956    -0.00009652
411     0.00349997     0.00699019    -0.00049010    -0.00035512    -0.00090037    -0.00007697
412     0.03863488     0.01526861    -0.01332197    -0.00213139     0.00029319    -0.00184409
413    -0.02258876    -0.01958947     0.00182030     0.00103150    -0.00006935     0.00075721
414    -0.01845105     0.00251541     0.00801508     0.00099895    -0.00004483     0.00103588
415     0.01643862     0.01563971     0.00431937     0.00081434    -0.00252763    -0.00048060
416    -0.02520252    -0.01879542    -0.00698961    -0.00059087     0.00132069     0.00029073
417     0.00456400     0.00345410     0.00477097    -0.00032788     0.00114991     0.00033231
418     0.00270024     0.00574300     0.01927573    -0.00091586     0.00227595     0.00055903
419    -0.00208589     0.00539764    -0.00179022     0.00051141    -0.00141562    -0.00038500
420     0.00377720    -0.01056503    -0.02083778     0.00038249    -0.00099577    -0.00034012
421    -0.00184494     0.00627581    -0.00996010    -0.00013363     0.00158008     0.00180732
422     0.00335276    -0.00301664    -0.00123821     0.00009561    -0.00088771    -0.00114257
423     0.00169915    -0.00469089     0.00210339     0.00016586    -0.00082413    -0.00083557
424    -0.01964053    -0.00697183    -0.01942533    -0.00048179     0.00184626     0.00097048
425     0.01671375     0.00813997     0.01418341     0.00014599    -0.00085059    -0.00047190
426     0.00010595    -0.00180849     0.00729327     0.00030667    -0.00094759    -0.00060485
427     0.00401901     0.00659403     0.01193574    -0.00213008    -0.00437572    -0.00188103
428    -0.01104707    -0.00785942    -0.00955762     0.00107309     0.00169576     0.00088294
429     0.00151954     0.00520800     0.00158746     0.00153562     0.00278594     0.00146672
430     0.00622256     0.05671932     0.01207218    -0.00142075     0.00048662     0.00352556
431    -0.01135837    -0.02276763    -0.01634916     0.00047521    -0.00030432    -0.00154182
432     0.00945382    -0.03141832     0.00920161     0.00065484    -0.00000811    -0.00182116
433     0.00022297     0.02219826     0.00894646    -0.00118085     0.00096031    -0.00229094
434     0.00243619    -0.01568555    -0.00348847     0.00051509    -0.00062305     0.00114756
435     0.00021003    -0.00891400    -0.00520320     0.00062523    -0.00046109     0.00096489
436     0.00400144     0.00665944    -0.00121454    -0.00308353    -0.00211983     0.00012192
437    -0.00933025     0.01957481    -0.01072019     0.00149904     0.00130703    -0.00019855
438     0.00423100    -0.02235592     0.00763385     0.00198723     0.00107957    -0.00007429
439    -0.00479631    -0.00544065     0.00007873     0.00014670     0.00082827     0.00220484
440    -0.00043239     0.00251200     0.00073941    -0.00004749    -0.00040034    -0.00091933
441     0.00167633     0.00182994     0.00214978    -0.00020153    -0.00045502    -0.00113943
442    -0.00981411    -0.00891685    -0.00503989     0.00169526    -0.00172310    -0.00144197
443    -0.00259618    -0.00209713     0.00213457    -0.00078945     0.00088484     0.00088526
444     0.01274265     0.01136409     0.00456024    -0.00097416     0.00076190     0.00074036
445    -0.02553591     0.00522618    -0.01280684     0.00904222    -0.00218865    -0.00793155
446     0.01865906     0.00882294     0.00973723    -0.00327424     0.00170022     0.00434207
447     0.00292967    -0.01047693     0.00008220    -0.00469308     0.00187401     0.00281114
448    -0.00600095    -0.00606556    -0.00610280    -0.00215477     0.00216451    -0.00213686
449     0.00692718     0.00736578    -0.00266046     0.00106223    -0.00141257     0.00113579
450     0.00440356     0.00502676     0.00703347     0.00086864    -0.00090999     0.00111006
451    -0.00124438     0.00095748    -0.00559743    -0.00138536    -0.00080376     0.00146791
452    -0.00185800     0.00002814     0.00021907     0.00058384     0.00031558    -0.00069895
453    -0.00019624     0.00184627     0.00587212     0.00076319     0.00034586    -0.00067452
454     0.00899481     0.02679150     0.05285917     0.00011086     0.00195286     0.00028846
455     0.00861508    -0.02830272    -0.04165059    -0.00003447    -0.00084793    -0.00018260
456    -0.01930546    -0.00345229    -0.01195983     0.00002825    -0.00100689    -0.00010798
457    -0.00198948    -0.01320529    -0.00281480     0.00299795     0.00101095     0.00119790
458     0.01715637     0.00114740    -0.00778808    -0.00142601    -0.00048634    -0.00038603
459    -0.01126949     0.01230106     0.00854016    -0.00156752    -0.00075797    -0.00067836
460    -0.02707013    -0.01362872    -0.01079862     0.00120369     0.00021104    -0.00286936
461    -0.00288428     0.01180662     0.00128073    -0.00056535    -0.00029095     0.00150075
462     0.03062989     0.00760562     0.01173594    -0.00074291    -0.00011146     0.00132405
463     0.01095531    -0.02391044     0.01564707    -0.00178963     0.00005719     0.00136588
464     0.00495177     0.01728746    -0.00466722     0.00100803    -0.00012582    -0.00069001
465    -0.01534341     0.01246106    -0.00978847     0.00089221    -0.00002382    -0.00082876
466    -0.00089356     0.02239607     0.02425379    -0.00314546     0.00075222    -0.00077714
467     0.00196708    -0.01514437    -0.02488363     0.00152055    -0.00045236     0.00020010
468    -0.00934135    -0.00178557    -0.00022908     0.00140867    -0.00019048     0.00033529
469     0.00991653    -0.02188269     0.01457982    -0.00534072     0.00011824    -0.00204416
470    -0.00425177     0.01226865    -0.00315470     0.00221948    -0.00026171     0.00069460
471    -0.00479383     0.00939576    -0.00671556     0.00281808    -0.00032241     0.00152950
472    -0.01193349    -0.01297641    -0.01132806    -0.00135064     0.00034118    -0.00078781
473     0.00451761     0.01176255     0.00465709     0.00070651    -0.00010690     0.00040915
474     0.00893860     0.00062171     0.00588771     0.00077767    -0.00023783     0.00042755
475     0.00539521    -0.03000406     0.01451083    -0.00223150    -0.00001574    -0.00051733
476    -0.01535359     0.02580327    -0.00283009     0.00121460     0.00012636     0.00024642
477     0.01786054     0.00088660    -0.01259317     0.00101147    -0.00002032     0.00015194
478     0.01289806    -0.00075323     0.01737120     0.00046936    -0.00000349    -0.00200768
479    -0.00912618    -0.00876630    -0.02250713    -0.00035128    -0.00002735     0.00115103
480    -0.00336667     0.00117858     0.00456711    -0.00024811     0.00002808     0.00086083
481     0.00411737     0.00177415    -0.01464266     0.00168354    -0.00323802     0.00248742
482     0.00795910    -0.00048948     0.00054444    -0.00069855     0.00123001    -0.00116003
483    -0.01246110    -0.00270973     0.01489716    -0.00104377     0.00156046    -0.00101129
484    -0.01114306    -0.00478416    -0.01151782     0.00216008     0.00314512     0.00009203
485     0.00312465     0.00474422     0.01089687    -0.00090532    -0.00145972    -0.00022589
486     0.00717233     0.00152074     0.00154090    -0.00126908    -0.00141442    -0.00007430
487    -0.00810548    -0.00235820    -0.00659587    -0.00221632    -0.00600110     0.00037553
488    -0.00451783    -0.00706035    -0.00207418     0.00122820     0.00287381     0.00032212
489     0.01799710     0.00547420     0.00369230     0.00088550     0.00397970    -0.00024351
490     0.01235329     0.00208705     0.00750641    -0.00313995     0.00065826     0.00077379
491    -0.00631515    -0.01138773    -0.00191680     0.00143536    -0.00041992    -0.00023562
492    -0.00020206     0.00515661    -0.00592759     0.00143107    -0.00014438    -0.00032384
493    -0.00188946     0.00647609     0.00355154     0.00134398    -0.00087760     0.00247749
494    -0.00185061    -0.00400716     0.00661560    -0.00063252     0.00026593    -0.00118982
495     0.00578881    -0.00258975    -0.00928193    -0.00091812     0.00050088    -0.00134856
496     0.02065395    -0.00138157     0.00852692    -0.00124079     0.00110676     0.00052643
497    -0.01414499    -0.00251058    -0.00811791     0.00059253    -0.00056576    -0.00033697
498    -0.00432847     0.00181139    -0.00679319     0.00068434    -0.00067248    -0.00025465
499    -0.04450618    -0.04729242    -0.00497654     0.00893558     0.01666845     0.00189721
500     0.02331216     0.01583035     0.02097710    -0.00380631    -0.00537925    -0.00175736
501     0.02062337     0.02992373    -0.01143975    -0.00362986    -0.01033275    -0.00358041
502     0.02481113    -0.00256057     0.00217616    -0.00589329    -0.00879662    -0.00697861
503    -0.02357760     0.00953442     0.00266719     0.00486285     0.00411709     0.00397554
504    -0.00505687    -0.01466766    -0.00378983     0.00212511     0.00596718     0.00496121
505    -0.00119690     0.02068845    -0.01917649    -0.00124453    -0.00176502     0.00065979
506    -0.00362232    -0.01374199     0.01487808     0.00078892     0.00105292    -0.00032876
507     0.00718642    -0.00478116     0.00342417     0.00053210     0.00095141    -0.00035225
508     0.04128347     0.00470882     0.02770623     0.00029913    -0.00126408     0.00134333
509    -0.00851892    -0.01028603    -0.00636337    -0.00010580     0.00069677    -0.00063260
510    -0.02126752     0.01206359    -0.01813373    -0.00016096     0.00053826    -0.00056889
511    -0.00312584     0.00389158     0.00722605    -0.00004960    -0.00295369    -0.00049619
512    -0.00144889    -0.00218275    -0.00171773     0.00010273     0.00157827     0.00009824
513     0.00742611    -0.00137253    -0.00375097    -0.00013682     0.00143546     0.00020912
514    -0.02160255    -0.02506713    -0.00405678     0.00408092    -0.00113159     0.00706337
515     0.00807359     0.01126077    -0.01044113    -0.00269708    -0.00009086    -0.00368166
516     0.00754101     0.00128992     0.00714449    -0.00250509     0.00152412    -0.00470018
517    -0.00592331     0.02462399     0.04135326    -0.00266828    -0.00077154    -0.00744540
518     0.00395359    -0.00364204     0.00555020     0.00110092     0.00004065     0.00272127
519     0.00264087    -0.02265273    -0.03798358     0.00224734    -0.00014211     0.00475306
520    -0.00153829    -0.00540769     0.00204355    -0.00288763     0.00356166     0.00122005
521     0.00192983     0.00682077    -0.00087974     0.00117914    -0.00199978    -0.00055291
522    -0.00331911     0.00357000     0.00199700     0.00209461    -0.00230443    -0.00079536
523     0.01001966     0.00848904     0.01734743     0.00186232     0.00300064     0.00628136
524     0.00506029     0.00712455    -0.00831846    -0.00142408    -0.00213749    -0.00312560
525    -0.01458505    -0.01204344    -0.00595694    -0.00055875    -0.00169785    -0.00416672
526    -0.02906552     0.00515727     0.00886404     0.00051491    -0.00398388     0.00482429
527     0.01607866    -0.01426033    -0.00158853    -0.00055158     0.00184397    -0.00193270
528     0.00895992     0.00748754     0.00155523     0.00011454     0.00173812    -0.00194777
529     0.01641332     0.00189191    -0.01498676     0.00054267     0.00231280    -0.00067540
530    -0.01292132    -0.01152631     0.01212430    -0.00025409    -0.00094729     0.00030688
531    -0.00024740     0.00354953     0.00380735    -0.00041285    -0.00126962     0.00043896
532    -0.01807614     0.02435531    -0.01322287     0.00716454    -0.00007562    -0.00035146
533     0.01551277    -0.00936295     0.00283429    -0.00525928    -0.00012122     0.00008045
534     0.00340764    -0.01673314     0.01386443    -0.00320956     0.00049877    -0.00009979
535     0.01149643     0.01430870    -0.02249161     0.00020311    -0.00133473     0.00503986
536    -0.00408176     0.00822502     0.01118407    -0.00021979     0.00119332    -0.00280371
537    -0.00994212    -0.02022654     0.00690241    -0.00030997     0.00038950    -0.00301803
538    -0.02127091    -0.01884029    -0.00365534    -0.00325559    -0.00106102    -0.00193441
539     0.01676805    -0.00090063    -0.00988489     0.00174153     0.00063004     0.00134053
540     0.00205955     0.01552822     0.00853785     0.00195788     0.00040365     0.00094070
541    -0.01413680     0.05063766    -0.05223023     0.00489783    -0.01015224     0.01133034
542     0.02699771    -0.02613641     0.02703121    -0.00131211     0.00691248    -0.00799552
543    -0.00858768    -0.01464378     0.01841677    -0.00088230     0.00357567    -0.00405542
544    -0.00489739     0.02927406     0.03024546     0.00467272    -0.01833891    -0.01358684
545     0.00156955    -0.01723329    -0.00910583    -0.00508997     0.00900150     0.00842220
546     0.00324162    -0.00578405    -0.01787595    -0.00197634     0.00504514     0.00600091
547     0.02656818     0.01845314    -0.02720155    -0.00153631     0.00568225     0.00432838
548    -0.03226239    -0.01212088     0.03013155     0.00108386    -0.00228007    -0.00217738
549     0.00539921    -0.00564099    -0.00243530     0.00105503    -0.00415542    -0.00315935
550     0.02465288    -0.01372448    -0.00949702    -0.00142808     0.00075078     0.00075600
551    -0.02630953     0.02166878     0.00501763     0.00061409    -0.00034601    -0.00030888
552    -0.00166889    -0.00638303     0.00255719     0.00072169    -0.00046557    -0.00043309
553     0.00370237    -0.00260149     0.00666442     0.00050607     0.00198016    -0.00003715
554     0.00127702    -0.00088169    -0.00888053    -0.00024471    -0.00108930     0.00011044
555    -0.00181882     0.00562850     0.00408802    -0.00018163    -0.00101444    -0.00004600
556     0.01621639    -0.03295533     0.00038074    -0.00204187     0.00087075    -0.00120636
557    -0.01152848     0.01736065    -0.00308783     0.00107846    -0.00037169     0.00075228
558    -0.00686948     0.00695356     0.00719367     0.00121563    -0.00045122     0.00056825
559    -0.02038889    -0.00641656     0.01473083    -0.00076747     0.00168472     0.00158230
560     0.00254848     0.00495123    -0.00073173     0.00055222    -0.00096108    -0.00088826
561     0.01974129     0.00388262    -0.02105681     0.00037538    -0.00067463    -0.00073163
562     0.00227317    -0.00513954     0.02888122     0.00066978     0.00112468    -0.00275757
563    -0.00826851    -0.00449560    -0.01183920    -0.00023147    -0.00041623     0.00117992
564     0.00389630     0.00589345    -0.01288114    -0.00027240    -0.00062873     0.00171965
565    -0.00340530     0.01804192    -0.01652919    -0.00100984    -0.00078598     0.00341134
566     0.00351707    -0.00092909     0.00324497     0.00035184     0.00050434    -0.00201224
567    -0.00208935    -0.01862292     0.01319164     0.00040735     0.00043678    -0.00139387
568    -0.00958469     0.01085170    -0.02689130     0.00192776     0.00038766    -0.00228546
569     0.00942413    -0.01264673     0.01979240    -0.00119057    -0.00009417     0.00123297
570     0.00375165     0.00125950     0.00362373    -0.00097015    -0.00033451     0.00103697
