 Number of water molecules:
         139

 Atomic and electronic energies:
    -2.22172455    -0.08680633

 Atomic coordinates:
  1     8.71688514     5.94804725    11.99721583
  2     9.70564068     7.47829514    11.44935381
  3     7.78316875     5.08663087    10.53120135
  4    -5.72824223    10.56200203     7.56238142
  5    -4.70478311     9.15724074     8.32106046
  6    -5.43307429    10.32447282     5.79765555
  7     2.53541518     6.81153877    11.23713584
  8     2.91721974     6.33314007    13.04825296
  9     3.62776767     5.55016004    10.22168205
 10    -9.06495691     8.14186998    -8.12570630
 11    -9.87577690     6.55719899    -8.77553761
 12    -7.63000120     8.40867479    -9.34646730
 13    -6.35649287   -12.07344939    -8.47447662
 14    -6.40732763   -10.63642609    -9.79577007
 15    -8.03826244   -12.17656514    -7.69677518
 16   -11.84769063     1.87184681     7.08099658
 17   -12.56576716     3.49954461     7.76955577
 18   -11.03762149     2.22239603     5.41380186
 19     3.66808583     9.15380116   -16.32170542
 20     3.45689904     8.80169974   -14.45087515
 21     3.62509639    11.07750187   -16.71829152
 22     4.91220449     7.73307307    -6.14906533
 23     5.91303036     6.11826586    -5.54737910
 24     4.03065611     8.51000434    -4.62148097
 25     3.42177467    -6.60815840   -13.49578201
 26     2.55308570    -5.22813338   -12.43617899
 27     2.34668422    -8.13268630   -13.28241749
 28    -2.92708130     6.07736310     1.06191343
 29    -3.08941738     6.60122085    -0.78057873
 30    -3.96541778     4.37478936     1.27157720
 31     5.41415296    -1.15063814    11.40645124
 32     6.12304000    -2.34386176    10.05979160
 33     5.49445237     0.53191706    10.62077733
 34     2.36098577     9.97005800    -2.31007350
 35     2.65453082     9.50344397    -0.53945902
 36     3.70961731    11.35123384    -2.53825086
 37    -5.94122285     3.71659886    15.60065325
 38    -5.35775180     2.02728182    16.25314735
 39    -7.53384606     3.40159524    14.56741071
 40    11.48216856    -6.29148540     9.06481089
 41     9.93737136    -5.21819214     8.61045677
 42    12.70548997    -5.00662439     9.94987098
 43   -13.56903727    -5.66607676     8.56172959
 44   -15.20340623    -4.93337709     9.07191592
 45   -12.32355657    -4.38362546     9.12639876
 46     9.03386489   -13.32746617     4.72460562
 47     7.19526839   -13.25904192     4.00164230
 48     9.84713215   -14.78077325     3.92023725
 49     3.24182667     0.76895548    -7.39547659
 50     4.92462093     1.65115632    -7.06413491
 51     1.78372446     1.96290105    -7.05207339
 52     1.19005210     2.70338244     1.45342200
 53     0.51199233     1.10946403     0.64825912
 54    -0.01724717     4.00995279     1.04580127
 55    -2.03484826    -3.44459634    -4.09193666
 56    -0.14783625    -3.17387975    -3.84852821
 57    -2.82369880    -1.92559598    -4.94847360
 58     1.81834011     0.65502633     6.31009898
 59     1.66963300     1.39992712     4.57567530
 60     0.66365208    -0.84762119     6.47976622
 61    -3.32357162    -2.44256712     0.99843885
 62    -4.41002714    -0.83200323     1.16683942
 63    -3.24928880    -2.90848638    -0.85750603
 64    -0.68028077    13.83413286     5.85709839
 65    -0.48595135    12.14622491     5.01324984
 66     0.14665759    13.41889838     7.52559847
 67     1.75902972   -13.13794222    -8.75783939
 68     0.35473657   -12.29935715    -7.77534332
 69     2.53564602   -14.39777868    -7.47315350
 70    -2.78699559    16.65222446    -4.29909624
 71    -2.56939816    18.01919512    -2.95439123
 72    -3.72192455    15.14624165    -3.45035869
 73    -5.71514396    -1.26523372     6.73642666
 74    -5.74921429    -0.90681872     8.71523404
 75    -4.05848300    -2.13913420     6.42071020
 76    -2.43404697     6.57733284    17.50873902
 77    -2.83292145     7.35713537    19.16720914
 78    -3.94167118     5.58716561    16.86081345
 79   -14.47992207    -1.03594518     0.10176813
 80   -14.68376507    -2.21737254     1.64356060
 81   -14.62827496    -2.22652962    -1.44847646
 82    -5.61713457     2.82085870   -11.08528592
 83    -7.41607837     2.95399106   -10.27896243
 84    -5.11709063     4.64650552   -11.41911225
 85    10.50374303    -9.92124493    12.40967292
 86    10.85513218    -9.34705677    14.13571336
 87    11.26537504    -8.60718992    11.27793221
 88   -11.31548389    -4.26263085   -11.93645027
 89    -9.86850243    -5.35941982   -12.62628336
 90   -11.19698067    -4.39947607   -10.09110140
 91    10.88121522    12.51135211     4.35646771
 92     9.53674315    12.76581472     5.69935899
 93    11.32289979    14.27878072     3.78528300
 94   -10.92922745   -11.28622636    -5.36057103
 95   -10.71864249    -9.45956302    -6.06734826
 96   -10.66727872   -11.14555805    -3.50940336
 97    13.41230765     4.99864902    -5.28361532
 98    13.02596049     3.05509477    -5.32786646
 99    13.42906299     5.56583252    -7.10203808
100    -5.79771978    -6.77095793     4.89832157
101    -7.42992582    -5.69824587     4.76629320
102    -4.48945725    -5.73556645     4.11396112
103    -6.14754172    -7.75013025   -10.89801358
104    -5.38828044    -7.92475897   -12.69859158
105    -4.46135678    -7.35220042   -10.03343250
106     7.19988477    -7.12064512     1.07829133
107     8.66401320    -7.71704612     2.13485957
108     5.89807013    -6.71050236     2.42992397
109    13.00750575    -0.01934313     7.35861972
110    11.68509238     0.09606512     6.02313125
111    14.33390131     1.26301781     6.72992877
112    -3.39533602    -8.34651393   -15.22674159
113    -3.07586685    -7.33226337   -16.83498865
114    -1.81937548    -9.41677791   -14.82482300
115     0.73660526   -11.29902611   -13.50859646
116     0.83975840   -12.78639410   -14.69236537
117     1.32741169   -11.92019002   -11.82916692
118    -2.14677213     6.74603036     9.19875847
119    -0.53852855     7.08745335    10.15266795
120    -2.84043155     5.14681604    10.01514662
121     3.37283589     8.26193989   -10.91982124
122     4.27385682     8.24693926    -9.17184592
123     3.04773870     6.41481197   -11.28303368
124   -15.67515473     4.06972177    -1.50761961
125   -14.93819685     5.19765977    -0.08195693
126   -15.56380492     2.27195555    -0.69697611
127    -4.58528543     0.39535427    -6.44384614
128    -3.13907386     1.43741848    -5.62834454
129    -5.13187524     1.23339178    -8.04038874
130    -1.23095052   -11.62751179    10.02726966
131    -2.61042336   -10.32323612    10.01731806
132    -2.02820299   -13.22680229    10.75933505
133     8.74003203     5.98521995     5.13558528
134     7.51455656     6.99357403     4.04217824
135    10.45459676     6.32001289     4.33013358
136    10.29467922    -8.37616213    -3.32452900
137     9.14432512    -9.64799549    -4.17920888
138     9.36136057    -7.94981789    -1.67923241
139     6.52381199    -2.06245195     0.41100231
140     4.99466806    -2.07932651    -0.71610898
141     7.01412760    -3.91817834     0.50463052
142    17.55785841    -0.80314495    -3.52505217
143    16.12714321    -0.24502598    -4.58778654
144    17.30015136    -2.66966485    -3.42966529
145    -0.60886601    -6.54714367     2.57831915
146    -1.30779469    -4.90157295     1.83179829
147    -1.02197510    -7.99122396     1.36369328
148   -10.31078054    10.24640354    -3.72487809
149   -11.89173078    11.37066119    -4.02136501
150    -9.94737824     9.58766223    -5.49831710
151    16.07071093    -5.59439972    -3.28741735
152    14.41213465    -6.48828889    -3.78156286
153    15.93458453    -5.49928692    -1.39482919
154   -10.65207633    10.30957962     1.53413327
155   -10.79699376    10.09044327    -0.40451412
156    -8.74185534    10.53259096     1.96181823
157    11.27698091    -8.74479228     4.18814388
158    11.74090360    -8.18352317     5.97304750
159    10.67993624   -10.57031940     4.52704330
160     7.26988311     3.26055286    -5.21307846
161     9.20239579     3.33852303    -5.22743889
162     6.68121028     3.31664240    -3.33067708
163    14.39405913    -2.72000331    11.40093755
164    16.11132393    -1.89768590    11.79969914
165    13.74836265    -1.66576049     9.91965608
166    13.33929769     7.95167541     3.75876279
167    12.59452960     9.61865380     4.31031383
168    13.69864937     8.02926803     1.83305441
169    -5.51964238     1.84676258     2.73924481
170    -5.58389606     0.75046492     4.38687682
171    -7.37990235     2.01149039     2.22686801
172    14.21075656    -4.65005283     1.71727849
173    14.30897533    -3.64307819     3.29643180
174    13.34308270    -6.25596864     2.31092345
175   -13.88773391    -5.16097728    -3.70982175
176   -12.73530586    -5.41848061    -2.17962421
177   -12.92975025    -5.82407498    -5.21468601
178    -9.59034282    -5.13640145    -0.65452534
179    -9.65025770    -4.39777386     1.13607212
180    -9.28294264    -3.64788820    -1.85489423
181     2.35674876    -4.32024644   -18.27249078
182     3.42101299    -2.76840335   -18.26776306
183     2.84009918    -5.33017987   -16.66080327
184    -1.12772896    -3.53684955     6.63993993
185    -0.87621678    -4.72351357     5.18282927
186    -0.32093907    -4.29699746     8.26351577
187     8.81935549     0.61104614     4.19417197
188     8.83332308     2.53657950     4.24796320
189     7.76005929     0.06983973     2.64654668
190     5.14640102    13.71223070     2.05496886
191     5.83710752    13.65702598     0.30056631
192     4.03386072    15.24606033     2.11819494
193     4.54580192     8.64816145     2.68676443
194     2.84330632     8.58939511     3.51662952
195     5.15188222    10.48747626     2.59980691
196    18.03426580     3.42059191    -0.63027338
197    17.93612185     1.79535833    -1.68099523
198    19.88037353     4.05462660    -0.73193024
199    -5.60384477   -11.93557494     1.90335257
200    -3.87711535   -11.56510394     1.07112433
201    -5.63424088   -10.59137405     3.30995085
202    14.56317317     7.54211135    -1.02710046
203    16.04823975     6.41428794    -0.67870159
204    13.87766350     6.69530783    -2.67491752
205    -9.61821699    -3.35158444     4.24303148
206   -11.40575900    -2.70580595     4.44724011
207    -8.53799114    -2.18988076     5.27399612
208    -0.38966715   -14.53086740     5.42358531
209    -1.05000421   -13.28657648     6.64425987
210     1.40978488   -14.02133111     4.83816641
211     6.84090666   -11.70106547    -5.36163138
212     6.35140472   -13.52505837    -5.48625060
213     6.45649433   -10.91864007    -7.11923245
214     7.18283526    -2.85829038   -13.86651581
215     5.95022494    -4.37961576   -13.91075580
216     7.14672181    -1.94953381   -15.54100594
217     0.25982973     2.33421934    15.58871768
218    -0.60314655     3.76535807    16.50146677
219     2.10371642     2.72244032    15.83480058
220    12.50199832     0.17121234    -5.87220462
221    11.47071676    -0.72298705    -7.30205863
222    12.02248084    -0.55558002    -4.14535941
223    -2.56615569     8.52985568    -3.74936295
224    -2.59980520     7.31890593    -5.19770687
225    -0.71301876     8.82360106    -3.47991316
226   -10.93411191    10.63805247     6.93049101
227   -10.88753748    10.72290576     5.00800044
228    -9.13742163    10.82430278     7.47041297
229     6.59113195    -8.73119323    -9.84496134
230     5.79357999    -7.87696626   -11.37380480
231     6.83399808    -7.36708532    -8.45751726
232     0.40274781    15.19829007    -8.24751741
233    -0.52850014    16.21706334    -9.55199162
234    -0.60305431    15.59014765    -6.61920096
235    -1.66972924   -18.86915470     2.35612004
236    -3.50715876   -18.84046372     1.69759372
237    -1.38378907   -17.44371906     3.51480870
238    -6.28333025    -0.55385715    11.74050937
239    -5.71590307    -2.31437972    12.28345330
240    -4.60581160     0.35545972    11.59291767
241    -5.27558145    -8.51527765    10.12806411
242    -5.03717459    -7.86513002     8.35203636
243    -7.16360989    -8.94519889    10.34190300
244    -1.81330490     0.39858181   -13.29214389
245    -3.19936296     1.09902477   -12.19700036
246    -2.53286883     0.23391757   -15.06249170
247    -5.52814102    12.41843043    -2.64077419
248    -4.42594638    10.91512761    -3.11992126
249    -7.31850338    11.89044999    -3.07370192
250     6.64622847    13.44745000     7.11791656
251     6.07805553    14.13764108     5.41320010
252     5.14432027    12.80195481     8.12793360
253   -14.80822468    -9.18850355     1.04753451
254   -15.94998244   -10.36009027     0.14322062
255   -13.02724767    -9.73307966     0.53438738
256     1.52060267   -16.15399551    -0.69082226
257     0.26479561   -14.80241115    -0.62358465
258     0.76115638   -17.54218837     0.30558714
259     9.84806227    -1.96093758    -9.50049849
260    10.91670038    -3.36267006   -10.26151622
261     8.41977677    -1.68818022   -10.80490213
262    -3.11437015    19.79861671     0.04899499
263    -3.90845176    18.48599385     1.31444312
264    -3.43560636    21.41888361     0.88967445
265    -3.82732244    -0.93526316    16.59079945
266    -3.63095793    -2.28331567    15.22542339
267    -2.10495581    -0.18284116    16.63588035
268    -1.21007862    10.50623405   -10.47702984
269     0.41391461     9.45536145   -10.65449581
270    -0.55130394    11.93603836    -9.40968680
271     6.50611405    13.33020857    -2.99920430
272     6.41379899    13.85942347    -4.81163595
273     8.24783764    12.67544372    -2.57776267
274     2.27639823     3.25018335   -12.32654886
275     0.63792709     2.31302536   -12.82538181
276     2.97866032     2.25725634   -10.91434287
277   -14.84386317    -4.69755399     3.60384152
278   -14.21080625    -5.25817082     5.35330818
279   -15.09157979    -6.28245246     2.52674229
280     3.81208768    -9.77385360    -1.55413628
281     4.73162385   -10.27215702    -3.15613385
282     4.91693861    -8.47600173    -0.68416740
283     4.27961724   -13.46820083     2.60780512
284     3.98619602   -11.81360813     1.68195733
285     3.67949920   -14.94039054     1.57753664
286   -13.70499329     0.37877708   -11.82373957
287   -15.51257375    -0.05386793   -11.47623002
288   -12.81505211    -1.34989947   -12.06062285
289    -4.43464393    16.26698058     3.62378118
290    -3.13179348    15.27207038     4.66492539
291    -6.10172106    15.40758069     3.74037868
292     2.33396101    11.90554277     9.59482584
293     2.81776544    10.15611897    10.25254869
294     0.65778557    12.38584730    10.47274282
295    -2.23306619   -10.95581715    -5.70150510
296    -3.87065482   -11.81234597    -6.31901478
297    -2.06710983    -9.27159959    -6.47949998
298    -1.76800179     1.71920927    10.86651068
299    -0.85197881     1.89808518    12.50996518
300    -0.40844103     1.52441294     9.53053026
301    -5.60182761     0.87911478   -16.24891080
302    -7.03769330    -0.00777774   -17.10956089
303    -6.22998993     1.66757309   -14.60760568
304    -9.93142588   -10.19193311    -0.47189254
305    -8.46154381   -11.04587612     0.42396615
306    -9.47672805    -8.33413476    -0.63677771
307     5.47607300     3.05787238    14.78333525
308     5.80354283     1.20767177    14.56753665
309     6.96772407     3.99958428    13.93523906
310     7.25041966    -5.26301618    -6.24012833
311     7.92380126    -3.65936554    -6.99622195
312     8.60614645    -5.92361323    -5.02511908
313    -5.19127149     7.95543831   -11.90869502
314    -3.53612200     8.85356421   -11.31982883
315    -5.61958220     8.68208591   -13.55329051
316   -10.44738690    -9.50859940    10.67575765
317   -11.48871304   -10.53629875    11.77577876
318   -11.54685435    -8.21345387     9.76113395
319     1.63744608    17.13982759     2.11852160
320     0.83886106    16.35038904     3.63107664
321     0.34596234    18.19002961     1.14819787
322    15.45785478     3.42190151     4.06853109
323    16.41345722     3.17785356     2.35013411
324    14.84776357     5.20370831     4.16945987
325     6.17940768    -0.39405938   -18.42299136
326     5.38259007     1.38890954   -18.07798658
327     6.93862952    -0.16207768   -20.18074249
328   -10.84663066    -1.86086025    10.38893702
329   -11.49743005    -0.30106851     9.41604152
330    -9.23354634    -1.32851153    11.30883839
331   -12.70431222     1.83384559    -4.85985840
332   -13.76314919     3.10894724    -3.86531474
333   -14.00110412     0.68793228    -5.64199165
334    -8.91154801    -1.55739277    -4.49768239
335    -7.24359467    -0.76405340    -4.92281442
336   -10.13595314    -0.11720733    -4.38642479
337   -16.74234948    -1.20761249    -6.06134376
338   -15.89629713    -2.76474929    -5.33200264
339   -18.56590064    -1.22584901    -5.44247811
340     7.11252749   -12.66569984     9.50594531
341     8.47077097   -12.03354463    10.69783108
342     8.19567252   -13.00821811     7.94810283
343    10.88156147    11.17605475    -0.98267835
344    10.88060479    11.66563195     0.83488879
345    12.34224369     9.89249462    -1.21984803
346    -1.17022997   -10.56558695    -0.84775855
347    -2.02820925   -10.78444346    -2.54977794
348     0.70187370   -10.25523426    -1.31671204
349   -10.43489948     2.01021977     1.68779119
350   -11.41679308     3.65676353     1.81995113
351   -11.61694328     0.68780012     1.08575763
352   -13.33614496     6.08628822     2.46871974
353   -13.98801257     6.21696001     4.24916718
354   -12.17851515     7.60502777     2.26934371
355     6.05867906     4.12402845    -0.30414726
356     5.89318177     5.90187517     0.34926916
357     4.48918909     3.26866632     0.41280182
358    -1.62124147    -6.44854364    -8.27921246
359    -1.89001599    -5.49682066    -6.66490591
360    -0.52899687    -5.28949376    -9.35353841
361    -6.34955245   -17.07168510     0.64051997
362    -6.16420479   -15.42062043     1.51850703
363    -7.83990097   -17.07484386    -0.52798190
364     4.16790965   -16.18059900    -5.15344059
365     4.77885655   -17.95822407    -4.98017791
366     2.86396614   -15.92098679    -3.74858052
367     7.43076118    -3.44682639     7.29290933
368     7.94967478    -1.93080690     6.13536003
369     5.90971874    -4.28605650     6.36952000
370     1.40134013    -2.87664997   -10.94270412
371     0.32394834    -1.60554429   -11.88443807
372     2.06154198    -1.87633209    -9.50062016
373    -5.51104220    10.46669947     2.21536166
374    -5.18316981    11.49716186     0.61970950
375    -4.53648920     8.77992702     1.77741646
376     5.31501732     3.53602063     8.76944363
377     6.68887009     3.79387443     7.38929803
378     4.03092125     2.39922385     7.92413717
379     3.43192843    -9.03805070     9.13410099
380     4.88565338   -10.29648641     9.48345464
381     1.83079912    -9.79229293     9.75883212
382     5.32041232    13.49308688    -8.40370111
383     3.60905136    14.29086639    -8.45645330
384     5.10368705    11.64006566    -8.82761672
385    11.30860137    -1.95985982    -1.69255318
386     9.59404568    -1.66657515    -0.75546389
387    12.43100784    -2.83862841    -0.38942831
388     1.44162329    -4.63537638    10.97540066
389     2.37919869    -6.21545469    10.58500072
390     2.81377138    -3.37741848    11.39673570
391    -9.84680653    -6.33305091    -7.09642517
392    -8.21948263    -6.82255896    -8.08862194
393    -9.35111095    -4.71671142    -6.05276430
394     4.15381001    -6.35604484     4.83591526
395     2.44739794    -6.74126120     3.97359977
396     3.98005884    -7.29015969     6.55703978
397     2.93232240    -2.75696999    -3.76160443
398     2.91550216    -1.43015216    -5.15482837
399     4.12676944    -4.03800902    -4.51984199
400    -0.10743570     8.66461878     4.55080757
401    -0.55562349     7.71363671     6.20196467
402    -0.73966673     7.53009476     3.13551673
403   -13.61838605     6.43885385     8.47345213
404   -14.64661380     6.49588120    10.08735112
405   -12.65578391     8.05785409     8.33135576
406   -10.43005798     3.23641584    -9.29152216
407   -11.62562032     2.29847856   -10.42668694
408   -11.15007584     3.03870984    -7.54080854
409    -2.29899002    12.54867842    11.24954426
410    -3.69001787    12.42540020    10.06047191
411    -2.97060113    12.29467985    13.00471006
412     4.20248737     4.16611319   -17.19124696
413     4.38314706     6.02467739   -17.47951463
414     3.28380984     3.86737749   -15.50628194
415    -3.29109937    -4.52465694    12.96450584
416    -1.45313963    -4.73650377    12.31660106
417    -4.22587814    -6.08550111    12.43689264

 Atomic and electronic forces:
  1    -0.00540324    -0.01031490     0.00008822     0.00105649     0.00033923     0.00179400
  2    -0.00535729    -0.00583042    -0.00715630    -0.00055147    -0.00023857    -0.00082364
  3     0.01092411     0.01577216     0.00763505    -0.00064476    -0.00016707    -0.00110255
  4    -0.01051976     0.00401999     0.05052522    -0.00104473     0.00178302     0.00281655
  5     0.00744773    -0.00807822     0.01347924     0.00043314    -0.00078112    -0.00159550
  6     0.00556746     0.00306218    -0.06353608     0.00068357    -0.00121477    -0.00169327
  7     0.00572345    -0.00507275     0.00131801     0.00062355     0.00068626     0.00270764
  8    -0.00103205     0.00282605     0.00142076    -0.00025903    -0.00022734    -0.00113557
  9    -0.00440705     0.00797847     0.00188428    -0.00048279    -0.00028252    -0.00151221
 10     0.00509393     0.00696940     0.00026580    -0.00625959     0.00405335    -0.00258080
 11    -0.01054768    -0.01298916     0.00023630     0.00324696    -0.00130551     0.00146337
 12     0.00713964     0.00654554    -0.00402822     0.00295227    -0.00243454     0.00199980
 13     0.02615374     0.00723982    -0.01634055    -0.00099734    -0.00279359    -0.00069540
 14    -0.00192825    -0.01147672     0.01176584     0.00060150     0.00150595     0.00055887
 15    -0.03002664    -0.00340809     0.01238779     0.00059478     0.00127730     0.00025127
 16     0.00011785    -0.01648345     0.00740626    -0.00215048    -0.00019685     0.00235790
 17    -0.00282233     0.01200843    -0.00096342     0.00096442    -0.00005500    -0.00105065
 18     0.00211730     0.00400887    -0.00825763     0.00142797     0.00009150    -0.00145371
 19    -0.00061826     0.03126488    -0.01294558     0.00146507     0.00191646    -0.00348994
 20     0.00203043     0.01184223    -0.00028020    -0.00106280    -0.00136980     0.00220129
 21     0.00041210    -0.03769576     0.01590468    -0.00056194    -0.00097167     0.00139900
 22     0.01242239    -0.03100058     0.00468806     0.00970838     0.00781875    -0.00188194
 23    -0.01629430     0.03236028    -0.01107145    -0.00564751    -0.00261327     0.00050576
 24     0.00389982    -0.00138214    -0.00011698    -0.00430814    -0.00473347    -0.00024583
 25     0.01187808     0.02352904    -0.00030128     0.00143657    -0.00306011    -0.00277569
 26     0.00242971    -0.00011815    -0.00371091    -0.00091793     0.00207803     0.00192951
 27    -0.01174372    -0.02491281    -0.00183047    -0.00047180     0.00154182     0.00117783
 28    -0.01621084    -0.03702622    -0.00911798    -0.00384858     0.00773480     0.01314634
 29    -0.00181138     0.00285561     0.00137700     0.00289388    -0.00606970    -0.00615975
 30     0.01649966     0.03507884     0.00553693     0.00308140    -0.00189837    -0.00673461
 31    -0.00394481    -0.03395212     0.00414648     0.00094185    -0.00056575     0.00231802
 32     0.00490173     0.00341186     0.00443623    -0.00058120     0.00041064    -0.00118198
 33     0.00132856     0.02960214    -0.00762268    -0.00056750     0.00019138    -0.00131150
 34     0.01152433     0.00965538    -0.02207482     0.00463686     0.00963808     0.00338933
 35    -0.00084751    -0.01122172     0.03231076    -0.00216577    -0.00387917    -0.00243588
 36    -0.00860302     0.00139766    -0.00896045    -0.00188928    -0.00334652    -0.00091130
 37    -0.02171647     0.01168951    -0.00860596    -0.00043100     0.00008137     0.00181767
 38     0.00266920    -0.01597472     0.00039796     0.00017696     0.00003269    -0.00087535
 39     0.01361923    -0.00133241     0.00703033     0.00031253    -0.00002874    -0.00093988
 40     0.01689626     0.02480305     0.00669490     0.00114807    -0.00082934     0.00125431
 41     0.00117505    -0.00359694    -0.00135636    -0.00065206     0.00047285    -0.00078428
 42    -0.01477841    -0.01872290    -0.00915431    -0.00056008     0.00031662    -0.00059387
 43    -0.00557147    -0.02715236    -0.01514305    -0.00125494    -0.00085879     0.00133014
 44    -0.02115281     0.00326938     0.00573588     0.00060660     0.00033564    -0.00059086
 45     0.02666935     0.02194629     0.01209220     0.00064806     0.00041839    -0.00079596
 46    -0.03287019     0.02447412     0.00114262     0.00085754    -0.00136910     0.00079783
 47     0.02087587    -0.00353360     0.01008411    -0.00041785     0.00081231    -0.00043832
 48     0.01195158    -0.02319760    -0.01160166    -0.00039449     0.00063572    -0.00031118
 49    -0.01939266    -0.00371906    -0.00582912     0.01779102    -0.00877416    -0.00958370
 50     0.00116708     0.00534734     0.00551163    -0.00737828     0.00159631     0.00258472
 51     0.01657895     0.00220408    -0.00042787    -0.00954258     0.00328326     0.00657540
 52     0.02899135    -0.04228851    -0.00193724     0.00617653     0.00022408     0.01576882
 53     0.00326857     0.00009551     0.00635006    -0.00269979     0.00241285    -0.00836752
 54    -0.03128886     0.03772276    -0.00268217    -0.00173836    -0.00193641    -0.00846803
 55    -0.00832830    -0.00114182     0.00471972    -0.00293824    -0.01699483     0.00140703
 56     0.00503835    -0.00020552     0.00081745    -0.00118040     0.00839440    -0.00111596
 57    -0.00218806    -0.00322656    -0.00372851     0.00379223     0.00947356     0.00058832
 58     0.01359123     0.01195369     0.01959575     0.00154575    -0.00106638     0.00573352
 59    -0.00534431     0.00144091    -0.01191217    -0.00121863     0.00054233    -0.00397867
 60    -0.00793711    -0.01004754    -0.00536347    -0.00043728     0.00087833    -0.00273428
 61    -0.00062263     0.00957640    -0.00320490    -0.00345821    -0.00813319     0.00840693
 62     0.00872008    -0.01375245     0.00366483     0.00282699     0.00316704    -0.00490306
 63    -0.00285700    -0.00166873    -0.00237942     0.00211999     0.00562519    -0.00348448
 64     0.00287762    -0.00159643    -0.00126101     0.00010469     0.00249125     0.00239456
 65    -0.00361576    -0.01033991    -0.01413747    -0.00010800    -0.00153660    -0.00160141
 66     0.00478942     0.01038033     0.00962599    -0.00012184    -0.00100516    -0.00116067
 67     0.00730886    -0.01396756     0.01815948     0.00048343    -0.00277434    -0.00068988
 68    -0.00534733     0.00267379     0.00044467    -0.00014963     0.00165077     0.00032754
 69    -0.00264030     0.01128266    -0.01837985    -0.00025700     0.00124111     0.00019508
 70    -0.00252101    -0.01823523     0.00892072    -0.00049649     0.00414333     0.00017927
 71    -0.00571950    -0.00492020    -0.00096822     0.00016156    -0.00170844    -0.00021551
 72     0.00779358     0.02073357    -0.00937950     0.00051674    -0.00246791    -0.00028797
 73    -0.01177993     0.02212507     0.03902299    -0.00171973    -0.00152194     0.00424289
 74    -0.00515423    -0.00808074    -0.04383024     0.00060391     0.00048391    -0.00174081
 75     0.01582768    -0.00861241     0.00386018     0.00062387     0.00103911    -0.00232049
 76     0.02350075     0.00253607    -0.00343340    -0.00009253     0.00026775     0.00157610
 77    -0.00663387     0.00195961     0.00686341     0.00004818    -0.00012852    -0.00067483
 78    -0.01049323    -0.00274015    -0.00310274     0.00010905    -0.00010795    -0.00083639
 79     0.00141322    -0.01882742    -0.01249036    -0.00338783    -0.00100312     0.00119653
 80    -0.00350754     0.00335800    -0.00739149     0.00140000     0.00052850    -0.00064653
 81     0.00109768     0.01582220     0.01984181     0.00169036     0.00064458    -0.00039645
 82    -0.01976242    -0.00103242     0.02125912    -0.00783167    -0.00050507    -0.01017781
 83     0.01335602    -0.00160775    -0.01369597     0.00416647     0.00010360     0.00350764
 84    -0.00285973     0.00766430    -0.00408521     0.00327752    -0.00120272     0.00504993
 85    -0.00715145    -0.02140382    -0.00595156     0.00066150    -0.00072611     0.00097499
 86     0.00252315     0.00439542     0.02295200    -0.00029788     0.00030302    -0.00046918
 87     0.00129885     0.01144258    -0.01656110    -0.00040433     0.00037331    -0.00052213
 88     0.01804270    -0.00327976    -0.03456329    -0.00275510    -0.00192671    -0.00190722
 89    -0.01770406     0.01020117     0.00593222     0.00119955     0.00112093     0.00105511
 90    -0.00005075    -0.00749210     0.02984243     0.00163145     0.00117641     0.00085244
 91     0.00909238     0.00591001    -0.01109513     0.00169503     0.00136951     0.00129032
 92    -0.00851369    -0.00306710     0.00663994    -0.00075282    -0.00070322    -0.00073942
 93     0.00092008    -0.00373945     0.00240062    -0.00074604    -0.00068701    -0.00051430
 94     0.00404288     0.02924189    -0.04080433    -0.00155135    -0.00222461    -0.00010437
 95    -0.00491771    -0.02788060     0.00946915     0.00100772     0.00128603     0.00014278
 96     0.00296859     0.00037711     0.02612955     0.00079074     0.00115368    -0.00009556
 97    -0.01321118    -0.01746720    -0.00111732     0.00370909     0.00054843    -0.00011174
 98     0.01143245     0.02173151    -0.00300589    -0.00203233    -0.00002974     0.00007071
 99     0.00244264    -0.00090527     0.00253988    -0.00177105    -0.00032942     0.00027122
100    -0.03519362    -0.01239023     0.01238926    -0.00129759    -0.00264419     0.00260983
101     0.01151609    -0.01080329     0.00234113     0.00090346     0.00121918    -0.00133427
102     0.02312980     0.01582098    -0.01405857     0.00067903     0.00170309    -0.00172504
103     0.03658662     0.01235707    -0.01912341    -0.00176512    -0.00363754    -0.00207586
104    -0.02103485    -0.00515245     0.00185568     0.00064094     0.00157480     0.00114221
105    -0.01099598     0.00047168     0.01476460     0.00081518     0.00238779     0.00121228
106     0.00416258     0.00579214    -0.01603825     0.00236404    -0.00282733     0.00162977
107     0.01789822    -0.00758910     0.00642130    -0.00099163     0.00106889    -0.00069050
108    -0.00921960     0.00156380     0.01123119    -0.00109264     0.00148459    -0.00109991
109     0.02821692     0.01135419     0.00091709     0.00173208    -0.00034486     0.00147979
110    -0.01957964    -0.00123208    -0.00956398    -0.00107846     0.00022635    -0.00090300
111    -0.00807443    -0.00842598     0.00442081    -0.00087849     0.00008736    -0.00065122
112     0.00841604     0.00389218    -0.00367459    -0.00052280    -0.00245244    -0.00225892
113     0.00268719    -0.01092106     0.01218337     0.00021094     0.00104095     0.00121504
114    -0.01040765     0.00791048    -0.00451671     0.00008310     0.00125570     0.00101655
115    -0.00773000     0.01289685    -0.02660897     0.00030492    -0.00246172    -0.00150549
116     0.00083616     0.00073845     0.00282216    -0.00011810     0.00099180     0.00062417
117     0.00624931    -0.01064293     0.02453253    -0.00021157     0.00133197     0.00063114
118    -0.01924144    -0.00383564    -0.00979636    -0.00026514     0.00106093     0.00369870
119     0.01519316     0.00357287     0.00750769    -0.00006658    -0.00047541    -0.00163341
120     0.00245795     0.00178494    -0.00320948     0.00020516    -0.00028828    -0.00178005
121     0.00522584     0.00199411     0.01906641     0.00470604     0.00559004    -0.00611083
122    -0.00740401    -0.00130310    -0.01347286    -0.00326373    -0.00322577     0.00247391
123     0.00017405    -0.00700901    -0.00884352    -0.00285313    -0.00238449     0.00426287
124     0.01177134    -0.02008565     0.03290589    -0.00353662     0.00027699     0.00076793
125    -0.00885461    -0.00553803    -0.01433581     0.00176191    -0.00029210    -0.00058574
126    -0.00590914     0.02245526    -0.01771289     0.00174698     0.00007952    -0.00047804
127     0.03975029     0.00885174     0.04030551    -0.01907700    -0.01359895    -0.00876222
128    -0.03103765    -0.01178882    -0.02056896     0.00933756     0.00651322     0.00366944
129    -0.00374076     0.00939548    -0.01937414     0.00720955     0.00323341     0.00532833
130     0.00530206    -0.02151680     0.00160778    -0.00001387    -0.00134487     0.00136526
131    -0.01399315     0.00967329     0.00384268     0.00008077     0.00069554    -0.00077523
132     0.00911999     0.01310142    -0.00472133     0.00003489     0.00059234    -0.00056856
133    -0.01006503    -0.00699192    -0.01524050     0.00272320     0.00088432     0.00271983
134    -0.00129235    -0.00039856     0.01021636    -0.00159467    -0.00077677    -0.00161809
135     0.00569462     0.00268932     0.00903367    -0.00136480    -0.00041562    -0.00106872
136    -0.01347043     0.01378761     0.01867033     0.00223696    -0.00220231     0.00027740
137     0.00213805    -0.01044155    -0.00653111    -0.00098956     0.00120826    -0.00005442
138     0.01226943    -0.00311858    -0.00957312    -0.00118514     0.00122121    -0.00034308
139     0.00111045    -0.00101929    -0.00260670     0.00549240    -0.00345318     0.00358946
140    -0.00639956     0.00437824    -0.00613563    -0.00356601     0.00282989    -0.00223462
141     0.00304277    -0.00300304     0.00537779    -0.00203758     0.00167728    -0.00128299
142     0.01444164     0.02074389     0.00884413     0.00219608    -0.00042852     0.00014931
143    -0.01660110     0.01017615    -0.01412320    -0.00131091     0.00023476    -0.00001649
144     0.00154849    -0.02518806     0.00261459    -0.00105286     0.00031505    -0.00007757
145     0.00534960     0.00391767    -0.00030492     0.00020632    -0.00457748     0.00347999
146    -0.00288150    -0.00900193    -0.00334972     0.00011401     0.00305588    -0.00250748
147    -0.00034789     0.00365606    -0.00026125    -0.00000320     0.00232083    -0.00127098
148    -0.03218209     0.02976098    -0.00066163    -0.00447774     0.00361511     0.00050751
149     0.02412750    -0.01711412     0.00930152     0.00169636    -0.00134065    -0.00011875
150     0.00866083    -0.01116748    -0.00467128     0.00261707    -0.00198778     0.00021116
151    -0.02854808    -0.01749070    -0.00630851     0.00197975    -0.00097205     0.00017111
152     0.02038736     0.00876994    -0.00122357    -0.00106367     0.00063947    -0.00006758
153     0.00383563     0.00388931     0.01060939    -0.00097418     0.00047623    -0.00019217
154     0.02036910    -0.00353766    -0.00311745    -0.00304618     0.00241073     0.00201462
155     0.00759800     0.00512408     0.01560611     0.00186691    -0.00140983    -0.00083933
156    -0.02040221    -0.00286781    -0.01180855     0.00149415    -0.00153487    -0.00132796
157    -0.00227597    -0.00937838     0.01270014     0.00143976    -0.00134457     0.00103290
158    -0.00045365     0.00949648    -0.00277873    -0.00065633     0.00056181    -0.00054497
159    -0.00037309     0.00737572    -0.01129643    -0.00059422     0.00067576    -0.00046520
160    -0.00463006     0.00128085     0.01569148     0.01100933     0.00050918    -0.00048314
161    -0.01260552    -0.00161658     0.00416520    -0.00373838    -0.00017479     0.00013804
162     0.01808177     0.00014195    -0.01531495    -0.00589049    -0.00036554    -0.00108616
163     0.02752267     0.01166831     0.00070811     0.00103495    -0.00036881     0.00107548
164    -0.02232075    -0.01462865     0.00060491    -0.00048920     0.00013372    -0.00046928
165    -0.00648943     0.00304786    -0.00360728    -0.00062587     0.00018806    -0.00061604
166     0.00124621    -0.00943680    -0.01117762     0.00217489     0.00077307     0.00128219
167    -0.00226787     0.01144388    -0.00143430    -0.00099371    -0.00049317    -0.00065783
168    -0.00068678     0.00218128     0.01533491    -0.00122290    -0.00042998    -0.00054579
169     0.00148753    -0.01079224     0.00793857    -0.00536078    -0.00115647     0.00911887
170     0.00235924     0.01427307    -0.01561164     0.00165240     0.00075841    -0.00334909
171    -0.00417893     0.00048143     0.00110492     0.00306011     0.00041014    -0.00339070
172    -0.01135166    -0.01319054    -0.00242448     0.00206043    -0.00100383     0.00086638
173     0.00753648     0.01503966     0.01056951    -0.00098808     0.00041335    -0.00051359
174     0.00105251    -0.00521195    -0.00526560    -0.00093912     0.00058944    -0.00045647
175    -0.00317943     0.01138690     0.01035050    -0.00296251    -0.00186966     0.00021623
176    -0.00297761    -0.00365334    -0.00812923     0.00154273     0.00110316    -0.00032233
177     0.00389643    -0.00477159    -0.00351902     0.00150264     0.00110738     0.00006976
178     0.00093806     0.01192495    -0.00187356    -0.00362928    -0.00342984     0.00166474
179     0.00121227    -0.00335799    -0.00263102     0.00172959     0.00147541    -0.00115271
180    -0.00011354    -0.00600921     0.00432728     0.00257694     0.00206542    -0.00083706
181    -0.00299768    -0.02643695     0.02849842     0.00072568    -0.00155169    -0.00286418
182     0.01104547     0.01236802    -0.00338658    -0.00051870     0.00066219     0.00155260
183    -0.00713096     0.01284872    -0.02418856    -0.00047886     0.00101940     0.00145451
184     0.00202087     0.01026636     0.02662791    -0.00001983    -0.00236931     0.00421543
185     0.00636699    -0.01585638    -0.00464652    -0.00003910     0.00162504    -0.00210848
186    -0.00675641     0.00719488    -0.01873649    -0.00009773     0.00090222    -0.00164120
187    -0.01019443    -0.00122796    -0.00541137     0.00325964    -0.00070278     0.00290423
188     0.00048483    -0.00396264    -0.00285809    -0.00168722     0.00003804    -0.00151329
189     0.00998477     0.00450900     0.01028921    -0.00217957     0.00065482    -0.00178756
190     0.01688196    -0.02405592     0.01765537     0.00172872     0.00300744     0.00188852
191     0.00597722     0.00385206    -0.02003085    -0.00106521    -0.00166044    -0.00078328
192    -0.01772088     0.01781431    -0.00238109    -0.00060744    -0.00146411    -0.00081471
193     0.03051814    -0.00952161    -0.02353915     0.00338816     0.00350189     0.00443562
194    -0.01452905     0.00955908     0.01418331    -0.00125725    -0.00184141    -0.00260920
195    -0.00966113    -0.00083111     0.00710594    -0.00135088    -0.00165685    -0.00158482
196     0.02497614     0.01477183     0.00423017     0.00207224     0.00006374     0.00045008
197     0.00152415    -0.00014499    -0.00028524    -0.00107849     0.00005880    -0.00017604
198    -0.02746181    -0.01370328    -0.00059012    -0.00087430    -0.00005077    -0.00016922
199     0.02266794     0.02811677     0.00888058    -0.00077693    -0.00252841     0.00111684
200    -0.01391813    -0.01087479    -0.00035035     0.00029365     0.00149802    -0.00059193
201    -0.00852285    -0.01381584    -0.00767886     0.00043226     0.00127167    -0.00074961
202    -0.01674932    -0.00789342    -0.02755966     0.00268738     0.00080731     0.00064741
203     0.01338544    -0.00688303     0.00685903    -0.00120050    -0.00025062    -0.00028813
204     0.00459178     0.01109762     0.01322510    -0.00160250    -0.00041228    -0.00022901
205    -0.01346395    -0.00650516    -0.01672131    -0.00263318    -0.00192570     0.00273840
206    -0.00027484    -0.00432006     0.00152449     0.00129012     0.00069982    -0.00113624
207     0.01412446     0.00838413     0.01391421     0.00126674     0.00086061    -0.00168813
208     0.02744608    -0.01383189    -0.03303043     0.00006796    -0.00174100     0.00101013
209     0.00059469     0.01633275     0.01757110    -0.00000111     0.00086188    -0.00060351
210    -0.02470174    -0.00402155     0.01350748    -0.00013612     0.00092616    -0.00052157
211    -0.00095730     0.03175867    -0.01609936     0.00140969    -0.00259441    -0.00010929
212    -0.00659680    -0.01576961    -0.00093074    -0.00051917     0.00114736     0.00005174
213     0.00648411    -0.01001299     0.01325774    -0.00076725     0.00140549     0.00023933
214    -0.01163820    -0.01866992     0.01877764     0.00272389    -0.00189970    -0.00295155
215     0.01460429     0.01977976    -0.00679981    -0.00114913     0.00119213     0.00147536
216    -0.00571881     0.00019933    -0.01105584    -0.00114855     0.00067930     0.00148368
217    -0.00272778    -0.00217828     0.00079699     0.00013416    -0.00004430     0.00196541
218    -0.01028696     0.00898664     0.00222980    -0.00002235    -0.00004143    -0.00090554
219     0.01550852    -0.00413394    -0.00438910    -0.00014692     0.00000307    -0.00093436
220    -0.00078143     0.01023030    -0.02467872     0.00408308    -0.00080206    -0.00031441
221     0.01026725     0.00717864     0.02115846    -0.00216966     0.00061706     0.00042372
222    -0.00481575    -0.01364802     0.00030423    -0.00213338     0.00054981    -0.00010408
223    -0.00439568    -0.02010615     0.00101233    -0.00453645     0.01848563     0.00394425
224    -0.00894539     0.00196744    -0.00901699     0.00342062    -0.01042768     0.00031295
225     0.01679841     0.01732331     0.00902637    -0.00050444    -0.00836456    -0.00202941
226    -0.01464005    -0.00492219    -0.01363617    -0.00158896     0.00127179     0.00189531
227    -0.00590992     0.00178437     0.00533823     0.00099386    -0.00080880    -0.00099581
228     0.01904104     0.00250862     0.00867073     0.00070783    -0.00071228    -0.00108325
229    -0.00036695     0.01116639     0.01281661     0.00192099    -0.00290915    -0.00125993
230     0.00207255    -0.00391971     0.00526506    -0.00094958     0.00148957     0.00090429
231    -0.00255737    -0.01097489    -0.01590734    -0.00132830     0.00171580     0.00061073
232    -0.01538477    -0.00074667     0.01087810     0.00057864     0.00468923    -0.00124806
233     0.00343281     0.00161611    -0.00459595    -0.00008471    -0.00193009     0.00066522
234     0.00841659    -0.00168494    -0.00473322    -0.00009952    -0.00244173     0.00032012
235    -0.01386903    -0.02633637    -0.02996512    -0.00004157    -0.00148553     0.00048171
236     0.01687278     0.00684544     0.01040101     0.00008489     0.00075274    -0.00022152
237    -0.00252046     0.02325674     0.02254528     0.00001247     0.00079021    -0.00031895
238     0.00219144    -0.00941107    -0.00353189    -0.00077952    -0.00050793     0.00247594
239    -0.00235445    -0.00013626     0.00382372     0.00030692     0.00034187    -0.00112929
240     0.00722952     0.01527867     0.00135280     0.00029934     0.00020973    -0.00139694
241    -0.00423408    -0.00249762     0.00718796    -0.00048908    -0.00132554     0.00172476
242    -0.00925236     0.00230350    -0.00803113     0.00031217     0.00084479    -0.00102462
243     0.00743103     0.00253272    -0.00323134     0.00030917     0.00059998    -0.00076282
244     0.04414635    -0.00971290     0.01518280    -0.00105824    -0.00303970    -0.00979000
245    -0.01727945     0.00588120    -0.00040244     0.00184599     0.00151665     0.00570089
246    -0.01077454     0.00198937    -0.00289971     0.00053521     0.00092843     0.00341537
247    -0.00127847     0.00239123     0.00619434    -0.00276934     0.00614252     0.00140828
248     0.00430265    -0.00085417    -0.00469783     0.00178531    -0.00449603    -0.00097249
249    -0.00345082     0.00040473    -0.00196625     0.00181763    -0.00269244    -0.00051967
250     0.01328372     0.00261942    -0.00368807     0.00113283     0.00155142     0.00173119
251    -0.00796201    -0.00792368     0.00816181    -0.00061493    -0.00096737    -0.00086941
252    -0.00574924     0.00467977    -0.00465154    -0.00048065    -0.00076655    -0.00098649
253     0.01319151     0.00694922     0.00256272    -0.00158914    -0.00139837     0.00065976
254    -0.01204722    -0.00839746    -0.00619688     0.00070569     0.00062882    -0.00022824
255    -0.00054852     0.00294347     0.00347633     0.00081689     0.00086256    -0.00035392
256     0.02925513    -0.00096344    -0.01900019     0.00027854    -0.00205591     0.00043298
257    -0.02228644     0.02594012    -0.00072346    -0.00008946     0.00120147    -0.00027604
258    -0.01359152    -0.02687859     0.01521203    -0.00007929     0.00088930    -0.00021797
259    -0.01380567    -0.00580471    -0.00818455     0.00417304    -0.00184096    -0.00176014
260    -0.00257485     0.00580860     0.00076027    -0.00158168     0.00082053     0.00071045
261     0.01526385    -0.00422709     0.00366118    -0.00217927     0.00104726     0.00134767
262    -0.00996484    -0.04429885     0.01778154    -0.00028740     0.00246581     0.00070906
263     0.01589305     0.01337683    -0.02097898     0.00022832    -0.00129355    -0.00050610
264    -0.00150706     0.02581969     0.00535523     0.00012549    -0.00101360    -0.00031158
265    -0.00519038    -0.00860583    -0.00414816    -0.00021416    -0.00029590     0.00168039
266    -0.00775628    -0.00486183     0.00510554     0.00011602     0.00023463    -0.00091664
267     0.01629766     0.01392671     0.00534990     0.00004027     0.00012188    -0.00086995
268     0.02072538    -0.01529049     0.00630378    -0.00011850     0.00741497    -0.00530725
269    -0.00729675     0.00154323    -0.00902957    -0.00089199    -0.00383948     0.00328316
270    -0.00836598     0.01730141     0.00366690    -0.00021809    -0.00355610     0.00172522
271    -0.01834269    -0.00530833     0.02078825     0.00273337     0.00376296     0.00066920
272     0.00595150     0.00186743    -0.01544374    -0.00129173    -0.00188738    -0.00001530
273     0.01161596    -0.00261037    -0.00517006    -0.00146041    -0.00153482    -0.00035430
274    -0.02261245     0.00882040    -0.01055018     0.00506581     0.00042627    -0.01101800
275     0.00952796     0.00577956    -0.00387478    -0.00123376     0.00049586     0.00579324
276     0.01529828    -0.01341300     0.01392412    -0.00400674     0.00070100     0.00574468
277     0.00346096     0.00748375     0.00537171    -0.00200228    -0.00110558     0.00120065
278    -0.00573578    -0.00418499    -0.01114094     0.00086054     0.00053422    -0.00065597
279     0.00269151    -0.00543465     0.00672012     0.00094583     0.00062000    -0.00048420
280    -0.01487514     0.00130662     0.00237867     0.00147051    -0.00380784     0.00093808
281     0.00594715    -0.00633360    -0.00428351    -0.00078549     0.00177852    -0.00020967
282     0.00769389    -0.00001063     0.00134875    -0.00101181     0.00190868    -0.00066816
283     0.01328284     0.02006354     0.02402388     0.00067124    -0.00204609     0.00091306
284    -0.00197728    -0.01252082    -0.00732522    -0.00043863     0.00127154    -0.00055002
285    -0.00778291    -0.00282131    -0.01616565    -0.00026344     0.00098754    -0.00034749
286     0.01311922    -0.01935916    -0.00236184    -0.00321305    -0.00066078    -0.00178430
287    -0.00640885     0.00156896     0.00148555     0.00138155     0.00028901     0.00064039
288    -0.00623136     0.01376366    -0.00054684     0.00157217     0.00057661     0.00096866
289     0.00697813     0.01228945    -0.00709060    -0.00062693     0.00257217     0.00160650
290    -0.00468623     0.00138738    -0.00184839     0.00020640    -0.00130086    -0.00098414
291    -0.00524178    -0.00850929     0.00496944     0.00049366    -0.00125966    -0.00085099
292     0.00225626    -0.00142930     0.00328190     0.00054195     0.00142395     0.00223795
293    -0.00599292     0.00371890     0.00025298    -0.00031986    -0.00059665    -0.00121165
294     0.00713430    -0.00787010     0.00009753    -0.00012449    -0.00066463    -0.00105329
295    -0.00501747    -0.03652407     0.01844491    -0.00036580    -0.00413805    -0.00029318
296     0.00896864     0.01101301    -0.00697781     0.00034106     0.00175439     0.00019020
297    -0.00217656     0.02382338    -0.02040534     0.00023300     0.00262981     0.00037515
298    -0.00471399    -0.00368995    -0.02514972    -0.00013702    -0.00022517     0.00332669
299     0.00818879     0.00206704     0.02286214    -0.00002201     0.00007034    -0.00137517
300    -0.00364832    -0.00021940     0.00272466    -0.00010117     0.00017222    -0.00199112
301    -0.01151426     0.00502955    -0.00141160    -0.00194411    -0.00088564    -0.00474910
302    -0.00235599     0.00103306     0.00056692     0.00090702     0.00044691     0.00182824
303     0.00031357    -0.00520665    -0.01025560     0.00155276     0.00039640     0.00284447
304    -0.00410810    -0.00841063    -0.00106064    -0.00164815    -0.00242900     0.00077353
305     0.00277363     0.00021922     0.00140408     0.00066427     0.00124907    -0.00045383
306     0.00058191     0.00667114     0.00280799     0.00110402     0.00147228    -0.00052127
307     0.00598885     0.01861536    -0.00149504     0.00061767     0.00002536     0.00182330
308     0.00280040    -0.00956762    -0.00412192    -0.00032690     0.00007454    -0.00090923
309    -0.01234576    -0.00542558     0.00913249    -0.00039190    -0.00005876    -0.00090268
310    -0.00881277    -0.00382336     0.01609725     0.00415117    -0.00402840    -0.00071975
311     0.01018605     0.00728355    -0.00671167    -0.00249801     0.00179954     0.00060145
312    -0.00154809     0.00035292    -0.00760649    -0.00176265     0.00159117     0.00004848
313     0.01771306    -0.01339122     0.03429535    -0.00388768     0.00459787    -0.00644796
314    -0.01528036    -0.00041600    -0.00656248     0.00135644    -0.00319705     0.00342671
315    -0.00572382     0.01327137    -0.02643776     0.00129045    -0.00159792     0.00241158
316     0.02502950     0.02526363    -0.02573060    -0.00073523    -0.00097152     0.00120488
317    -0.02260905    -0.01715412     0.01896609     0.00032243     0.00041531    -0.00050986
318    -0.00036115    -0.00582820     0.00451428     0.00046291     0.00049032    -0.00063836
319     0.00357544     0.01696761    -0.01931103     0.00053442     0.00276465     0.00133721
320    -0.01455625    -0.00431051     0.01120483    -0.00019446    -0.00133389    -0.00082948
321     0.00312749    -0.00770226     0.01001143    -0.00013333    -0.00138526    -0.00053819
322     0.02526421    -0.03736345    -0.02373926     0.00203617     0.00007514     0.00108327
323    -0.01685455     0.00895258     0.02849697    -0.00105761    -0.00002174    -0.00042913
324    -0.00624992     0.02123594    -0.00259947    -0.00103925    -0.00015579    -0.00058087
325    -0.00661261     0.03034406    -0.01383982     0.00152359    -0.00069769    -0.00283954
326     0.00787627    -0.02141703     0.00366740    -0.00082343     0.00019683     0.00167799
327    -0.00322733    -0.00845120     0.01334001    -0.00060795     0.00023411     0.00115960
328    -0.01548582     0.00364190    -0.00310026    -0.00124389    -0.00060134     0.00192357
329     0.01068606    -0.00864361     0.00352480     0.00075447     0.00022885    -0.00102376
330    -0.00015517     0.00337457    -0.00585517     0.00053229     0.00027283    -0.00104743
331     0.01621246     0.01197563    -0.00302570    -0.00586324    -0.00059162    -0.00011614
332    -0.00110689    -0.00106798     0.00477905     0.00252266    -0.00002682    -0.00015560
333    -0.01447043    -0.00953536    -0.00510672     0.00230577     0.00041035     0.00017497
334     0.00534035    -0.02523593     0.00884284    -0.00820600    -0.00476541     0.00000538
335     0.01162003     0.00377033    -0.00840863     0.00579300     0.00353362     0.00040355
336    -0.01912104     0.01317396    -0.00100490     0.00407052     0.00141573    -0.00007149
337    -0.01034384    -0.00210886     0.00536409    -0.00295470    -0.00078498    -0.00025807
338    -0.00040704    -0.00348709     0.00005014     0.00150429     0.00057982     0.00006653
339     0.01382857     0.00109645    -0.00549334     0.00122663     0.00029246     0.00005220
340     0.01781283     0.00345231    -0.00802495     0.00058308    -0.00110104     0.00100835
341    -0.00434466     0.00657671     0.01620183    -0.00030386     0.00047191    -0.00048870
342    -0.01559694    -0.00477362    -0.00573133    -0.00034273     0.00058445    -0.00046626
343     0.00935970    -0.01434284    -0.01809326     0.00282022     0.00196175     0.00090155
344     0.00055876     0.00271171     0.01672705    -0.00121088    -0.00089238    -0.00056885
345    -0.01311795     0.01339970     0.00240555    -0.00144208    -0.00075646    -0.00038527
346     0.01055622     0.00501527     0.01264816    -0.00004011    -0.00398819     0.00112458
347    -0.00061831    -0.00224591    -0.01032500     0.00015323     0.00208735    -0.00032240
348    -0.00765306    -0.00311087     0.00535086    -0.00027846     0.00209882    -0.00053249
349     0.02799216     0.01348782     0.01147239    -0.00522199    -0.00049877     0.00354947
350    -0.00792534     0.00056888    -0.00252287     0.00232167    -0.00017306    -0.00146290
351    -0.02225629    -0.01381562    -0.01068444     0.00237930     0.00050469    -0.00129014
352     0.00415680    -0.00333500     0.00279685    -0.00324499     0.00085579     0.00190405
353    -0.00528739    -0.00034018     0.00748688     0.00127924    -0.00033416    -0.00089043
354     0.00001300     0.00897993    -0.00443069     0.00168293    -0.00072677    -0.00106445
355    -0.01628862    -0.00458001    -0.00124366     0.00903062     0.00168200     0.00554353
356     0.00591771     0.00867195     0.00332593    -0.00354801    -0.00156166    -0.00256981
357     0.00492266    -0.00219256    -0.00011432    -0.00472394    -0.00045009    -0.00429248
358    -0.00051550    -0.00061191    -0.01429750    -0.00054608    -0.00747336    -0.00274291
359    -0.00388764     0.00601865     0.01643481     0.00057918     0.00502060     0.00110381
360     0.00045570    -0.00497272    -0.00344036    -0.00020710     0.00397463     0.00217020
361     0.00463668    -0.02585968    -0.00586207    -0.00044608    -0.00168038     0.00044852
362    -0.00354827     0.02053355     0.00321405     0.00026185     0.00093761    -0.00031713
363     0.00008684     0.00584681     0.00250806     0.00027989     0.00082282    -0.00017156
364    -0.00862498     0.00925592    -0.00156770     0.00055199    -0.00201327    -0.00004381
365     0.00204639    -0.00664530     0.00058198    -0.00023587     0.00084156     0.00000968
366     0.00685961    -0.00460260     0.00199712    -0.00022551     0.00108184    -0.00005607
367    -0.01024635     0.01763375    -0.02345307     0.00170532    -0.00124030     0.00238321
368    -0.00376867    -0.01978132     0.01639204    -0.00112521     0.00058148    -0.00133781
369     0.01947288     0.00419591     0.00684169    -0.00087428     0.00087813    -0.00136955
370    -0.01085049    -0.00590029     0.00263622     0.00294772    -0.00696675    -0.00724134
371    -0.00918894    -0.00169120    -0.01505655    -0.00086340     0.00298465     0.00454676
372     0.01642820     0.00725054     0.01554610    -0.00297371     0.00446524     0.00424725
373     0.02167196    -0.03879883    -0.02061696    -0.00242796     0.00435968     0.00393909
374    -0.00482155     0.01051808     0.00347664     0.00120745    -0.00265007    -0.00163589
375    -0.01920916     0.02924549     0.02035834     0.00153884    -0.00281564    -0.00303938
376     0.02980228     0.00023193    -0.02228789     0.00156505     0.00018989     0.00326599
377    -0.01469690     0.00354388     0.01700091    -0.00106045    -0.00014088    -0.00163763
378    -0.01136539    -0.00648262    -0.00546102    -0.00083189     0.00005410    -0.00202831
379     0.02754096     0.01686823    -0.00788175     0.00055899    -0.00146482     0.00170383
380    -0.01249772    -0.00012130    -0.00164143    -0.00029613     0.00064969    -0.00070082
381    -0.01716070    -0.02183710     0.00740581    -0.00016372     0.00070768    -0.00080855
382     0.01565474    -0.01714334     0.00305824     0.00242578     0.00399474    -0.00129438
383    -0.01676266     0.00867104     0.00020286    -0.00090908    -0.00219209     0.00066951
384     0.00207240     0.01073485     0.00030642    -0.00169649    -0.00238157     0.00104273
385    -0.03318005     0.00158769     0.02738042     0.00394082    -0.00151288     0.00096455
386     0.02596432    -0.00329839    -0.01626281    -0.00235627     0.00098069    -0.00086676
387     0.00378660     0.00013571    -0.00493311    -0.00154007     0.00064219    -0.00049315
388    -0.01409420     0.01279171    -0.00018914     0.00038599    -0.00112707     0.00237139
389     0.01118759    -0.02453816    -0.00475069    -0.00024141     0.00062580    -0.00105771
390     0.00367638     0.01096134     0.00598056    -0.00029144     0.00045758    -0.00119269
391     0.03209630     0.02604754     0.01036044    -0.00322616    -0.00337729    -0.00087357
392    -0.02328616     0.00383470     0.00779010     0.00147246     0.00198159     0.00068159
393    -0.00875280    -0.02635863    -0.01775945     0.00226714     0.00207879     0.00037951
394    -0.02734279    -0.01199702     0.01001021     0.00149181    -0.00260101     0.00268529
395     0.00906192     0.00638220     0.00296898    -0.00060683     0.00164608    -0.00147579
396     0.00560058     0.00232583    -0.01074833    -0.00051398     0.00102264    -0.00113360
397     0.00010004     0.00508516    -0.00674016     0.00886258    -0.01225479     0.00198470
398     0.00253037     0.00727224     0.00249793    -0.00620448     0.00653184     0.00056550
399     0.00725689    -0.01272952     0.00469842    -0.00312298     0.00410550    -0.00013612
400    -0.00210212    -0.01474731     0.01397904     0.00061190     0.00352029     0.00551880
401     0.00123568     0.01300968    -0.01190813    -0.00013951    -0.00116766    -0.00256201
402    -0.00787363     0.00252357     0.00279149    -0.00019952    -0.00242673    -0.00397436
403    -0.01517503    -0.02125539     0.00728875    -0.00160479     0.00046262     0.00169439
404     0.00516791     0.00330540    -0.00771032     0.00065394    -0.00017676    -0.00071587
405     0.00933921     0.01990580    -0.00323794     0.00078512    -0.00035657    -0.00088976
406     0.02860994     0.01649256     0.00296584    -0.00661116     0.00012361    -0.00318760
407    -0.01718154    -0.01135916    -0.01355386     0.00246994     0.00016968     0.00131595
408    -0.00797009    -0.00467839     0.01163702     0.00352687     0.00000350     0.00099382
409     0.03183207     0.00586064     0.03122371    -0.00014246     0.00120395     0.00197259
410    -0.03341267    -0.00381090    -0.02771213     0.00018295    -0.00069409    -0.00106591
411    -0.00170925    -0.00052199    -0.00063453     0.00009072    -0.00047118    -0.00087995
412    -0.00373465    -0.03401129     0.00676639     0.00177677     0.00041278    -0.00411944
413    -0.00444327     0.01865593     0.00536232    -0.00080954    -0.00045773     0.00185447
414     0.00928264     0.00882874    -0.01194232    -0.00118024    -0.00024778     0.00285143
415     0.01866298     0.01022834    -0.00108062    -0.00025080    -0.00084110     0.00202013
416    -0.01470122     0.00302873     0.00646646     0.00002238     0.00047987    -0.00107989
417    -0.00428186    -0.01488680    -0.00623994     0.00017143     0.00048819    -0.00093666
