 Number of water molecules:
         139

 Atomic and electronic energies:
    -2.20513082    -0.09448438

 Atomic coordinates:
  1     8.83531532     5.96539364    12.18465028
  2    10.64796991     6.26626539    11.94578086
  3     8.22837623     5.07688379    10.59333050
  4    -5.40060448    10.18735420     7.54126385
  5    -4.14920752     8.83548800     8.16234193
  6    -4.99591461    10.41279984     5.66331988
  7     2.88397070     7.30827645    11.30663479
  8     3.94835483     7.09042487    12.89249014
  9     3.50262748     5.94833109    10.06047274
 10    -9.46580442     8.18593052    -7.81369273
 11    -9.65924454     6.30387542    -8.46409453
 12    -7.86518110     8.76757043    -8.67335865
 13    -6.31635507   -12.72210862    -8.35310071
 14    -6.22565438   -11.27229294    -9.70149309
 15    -8.04780387   -12.51852125    -7.48099710
 16   -12.51010826     1.90570203     6.82162631
 17   -12.82722231     3.72015808     7.22037355
 18   -11.91341013     1.74152485     4.97062456
 19     4.45437477     9.63643036   -16.22393217
 20     4.49403016     9.31205587   -14.27546929
 21     3.16115335    10.97740544   -16.44085596
 22     5.07558333     7.64977052    -6.42674228
 23     6.00106652     6.24044677    -5.59469389
 24     4.20728408     8.54207352    -4.96440125
 25     3.37675300    -6.85650232   -13.58074555
 26     2.65479192    -5.61296142   -12.38155978
 27     2.14092856    -8.37873607   -13.51926879
 28    -2.85882913     5.92736386     0.94957750
 29    -2.51937380     5.93104047    -0.97427077
 30    -3.80319657     4.28725670     1.56934688
 31     5.67485914    -0.82934936    11.40848687
 32     6.70668803    -2.08310725    10.36552563
 33     5.48128894     0.85228142    10.42856789
 34     2.50991399    10.25435134    -2.34108759
 35     3.08603459     9.48325183    -0.69866258
 36     3.62433552    11.83829160    -2.64409862
 37    -5.75352617     3.40675609    15.85600500
 38    -5.47676056     1.74760956    16.77840450
 39    -6.61202306     2.84996174    14.23137834
 40    11.83237337    -6.52609230     8.70978858
 41    10.15290264    -5.61954091     8.45321617
 42    13.09546178    -5.18488370     9.28801704
 43   -14.03411796    -5.42845454     9.08381434
 44   -15.67687281    -5.21683234     9.98223213
 45   -12.89316068    -3.90722881     9.56822485
 46     8.96997895   -12.75454921     4.80791765
 47     7.26219298   -12.72851531     3.88937551
 48     9.55092648   -14.56375444     4.65742386
 49     3.35376791     1.08656251    -7.55062875
 50     5.05840121     1.83073678    -6.87646420
 51     1.90107227     2.05065368    -6.91041515
 52     1.16463235     2.26508692     1.25969622
 53     1.04857179     0.71904512     0.13673441
 54    -0.34761215     3.23703941     0.72597496
 55    -2.39648673    -3.56108486    -4.17084897
 56    -0.52217108    -3.22345975    -4.03873399
 57    -3.22604421    -2.03948605    -5.06783156
 58     1.86637212     0.47333029     6.25463309
 59     1.71730631     1.52648265     4.63137931
 60     0.68901953    -1.02500442     6.05646565
 61    -3.23080745    -2.71412935     0.85116459
 62    -4.13541587    -1.01987770     1.03171510
 63    -3.39760209    -3.03400260    -1.04357669
 64    -0.72765998    13.29105634     5.21143766
 65    -0.71198303    11.45414613     4.56476432
 66     0.23059468    13.25050830     6.86727755
 67     1.37372044   -13.37096182    -8.55752806
 68     0.10893397   -12.56890451    -7.35789594
 69     2.55632692   -14.30049071    -7.35943575
 70    -2.77876359    16.29830581    -4.22801853
 71    -2.42259909    17.54912750    -2.75191769
 72    -3.67721363    14.73941439    -3.53345657
 73    -5.65371495    -0.76191413     6.65222754
 74    -5.95418287    -0.50547066     8.48560999
 75    -4.09921659    -1.85815534     6.52011703
 76    -2.27312936     6.60626252    17.20453276
 77    -2.86023784     7.26645156    18.89057495
 78    -3.58022779     5.29191922    16.71132786
 79   -14.55718603    -1.11777342    -0.11966391
 80   -14.92051166    -2.14744166     1.46226028
 81   -14.52062833    -2.39245577    -1.53117788
 82    -5.58898491     3.19653378   -11.30739398
 83    -7.38415466     3.08373206   -10.58317765
 84    -4.98873335     4.99002411   -11.14311712
 85    10.43899036    -9.95581516    12.21522441
 86    11.28740343    -9.39436696    13.85009974
 87    11.02294242    -8.69261927    10.85854969
 88   -11.99636958    -4.31141737   -11.88020817
 89   -11.04853324    -5.41221738   -13.11632049
 90   -11.88467001    -5.29522827   -10.22510509
 91    10.79528715    12.54598487     5.00977008
 92     9.01352045    12.58274136     5.78265881
 93    11.59254124    14.17891501     5.64583330
 94   -10.80218744   -11.53812494    -6.01058021
 95   -10.52401804    -9.69219025    -6.39645982
 96   -10.91944915   -11.74254201    -4.15286616
 97    13.40050091     5.38808952    -4.99367165
 98    13.30947973     3.45376214    -5.15233690
 99    13.48814068     5.94521625    -6.79403933
100    -5.99125885    -7.40238162     4.54264438
101    -7.32420047    -5.97241568     4.46774013
102    -4.24458091    -6.57919092     4.36826281
103    -6.02981394    -8.17145183   -10.75993016
104    -5.43971078    -8.48652288   -12.55766628
105    -4.48747030    -7.54241744    -9.77490877
106     7.44469397    -6.99623891     0.94189915
107     9.11304490    -7.36879649     1.81858445
108     6.26681656    -6.91670668     2.44198391
109    13.34069151    -0.04118705     6.89956235
110    11.72170360     0.02159123     5.88423993
111    14.46154879     1.14810403     5.87131187
112    -3.03552654    -8.75260139   -14.88569191
113    -2.78744808    -7.78969702   -16.48607932
114    -1.74729141   -10.22406347   -14.84780803
115     1.12526913   -11.64366483   -13.32630568
116     2.36936995   -12.79011361   -14.21432691
117     1.11045241   -12.11309584   -11.43777890
118    -1.80622913     6.88234740     9.26478107
119    -0.07446634     6.97341297    10.17658592
120    -2.28530826     5.05588924     9.49574512
121     3.51485608     8.35639034   -11.19358230
122     4.41624901     8.10026299    -9.44708900
123     2.80884911     6.65787167   -11.66641078
124   -15.94163938     3.81910356    -1.02034796
125   -15.47527679     4.80093428     0.58574150
126   -15.72498979     2.02672373    -0.49849470
127    -4.85544301     0.43078102    -6.51594605
128    -3.64326969     1.52264279    -5.47874988
129    -4.93387984     1.12997072    -8.30003112
130    -1.38103777   -11.48564557     9.58177524
131    -2.95147770   -10.29027585     9.48080692
132    -1.77769791   -12.70047830    10.96758829
133     8.61992215     5.62985163     4.83709100
134     7.41286049     6.85079824     4.07124144
135    10.35974798     6.31739125     4.46674797
136    10.84032448    -8.27380652    -3.33761518
137    10.03449875    -9.88625476    -3.98746932
138     9.91790124    -7.65937633    -1.78828585
139     6.22289887    -1.54068609     0.67351311
140     4.88681264    -1.45938107    -0.69142016
141     6.45389093    -3.43691046     0.91277667
142    17.65592124    -0.79318819    -3.40497748
143    16.44566519    -0.21260766    -4.72580911
144    17.15804454    -2.62123261    -3.21298710
145    -0.93660413    -6.62101964     2.61847568
146    -1.68413256    -5.09925327     1.71234508
147    -1.29608225    -8.23088899     1.61096945
148   -10.20630780    10.58754659    -3.46262855
149   -11.35690555    11.99084403    -3.99526159
150   -10.25351911     9.30820667    -4.91191090
151    15.46222253    -5.74847548    -2.92851937
152    14.03751562    -7.06316359    -3.25462511
153    15.60674771    -5.58153352    -1.04919846
154   -10.39650778    10.13345480     1.42627209
155   -10.43294370    10.27767412    -0.52149997
156    -8.51495131    10.02073454     1.82777093
157    11.52887573    -8.30898778     3.90398340
158    11.88639535    -7.65360074     5.68119785
159    11.01949457   -10.12528901     4.18329487
160     7.53924688     3.20513149    -4.87084923
161     9.34848525     2.74397574    -5.04414725
162     7.09609813     3.49737838    -2.98227260
163    14.58485731    -2.83339518    10.88930483
164    15.99465011    -2.37494699    12.00427760
165    14.23096432    -1.44664560     9.53640141
166    13.13005838     8.05931766     4.00300438
167    12.33448703     9.72032657     4.66973862
168    13.83668631     8.40493527     2.27689518
169    -5.50536213     1.95540331     2.45894781
170    -5.82224924     1.19759524     4.24838561
171    -7.32153962     2.14432216     1.73215591
172    14.13526333    -4.26081385     1.80336327
173    14.56475840    -3.31184255     3.41666738
174    13.19680825    -5.81062644     2.48812248
175   -14.42419735    -5.07406349    -3.55068965
176   -14.74587388    -6.35983744    -2.22027499
177   -13.30252017    -5.91130459    -4.92097156
178    -9.30371823    -5.34870142    -0.51237381
179    -9.17926425    -4.55695138     1.27071534
180    -9.22402095    -3.95666094    -1.91166148
181     2.22810392    -4.11893673   -17.83576106
182     3.67402976    -2.86429033   -18.02725311
183     2.50890007    -5.27107978   -16.33581481
184    -1.05269620    -3.52387142     6.72081828
185    -0.72071146    -4.83384830     5.41547341
186    -0.13608902    -4.07339113     8.35130499
187     8.58672849     0.35607262     4.56063929
188     8.48655935     2.25508161     4.44189883
189     7.61521531    -0.20548647     3.01396275
190     4.75942206    13.78778249     2.05943903
191     5.61472145    13.97685890     0.30837348
192     3.38813216    15.14654312     1.98145070
193     4.48906187     8.77914142     2.58195625
194     2.84536919     8.63262978     3.59356676
195     4.97273782    10.60627007     2.53858185
196    18.57809365     3.35515027    -0.36811880
197    18.16915321     1.83618797    -1.51893727
198    20.41762843     3.25343182    -0.04450282
199    -6.01655693   -11.91471126     1.83372624
200    -4.20294015   -11.99890705     1.31425189
201    -6.20829374   -10.25730097     2.77669474
202    15.18708052     7.45702571    -0.88622563
203    16.70388091     6.20386198    -0.82847420
204    14.19542150     6.77214433    -2.37428766
205    -9.28123083    -3.24840296     4.05544438
206   -11.01746062    -2.47071044     4.34002508
207    -8.11175026    -1.91697269     4.76502469
208    -0.00548921   -14.65433255     4.77092282
209    -0.44530296   -13.42499945     6.11703430
210     1.73472701   -14.12531051     4.02404719
211     7.06306661   -11.47107167    -5.21108555
212     6.38048846   -13.25394935    -5.50671159
213     7.07278506   -10.56760030    -6.94847084
214     7.16309854    -2.39086694   -13.85275422
215     5.77876622    -3.53865410   -13.31589106
216     6.67138815    -1.90373443   -15.71362540
217     0.43545928     2.50325284    15.68830484
218    -0.16960556     4.32203873    16.09793010
219     2.37702537     2.60573316    15.62443670
220    12.53208174     0.34124726    -5.72826184
221    11.56760342    -0.56137454    -6.98731291
222    12.33357256    -0.70122957    -4.12919335
223    -2.22203080     8.16438097    -3.95599665
224    -1.86873356     6.68410511    -5.10682929
225    -0.41794510     8.92931047    -3.60261666
226   -10.45405666    10.36035772     6.61441967
227   -10.21698970    10.39053488     4.65974346
228    -8.63788693    10.61815854     7.29478722
229     6.48918660    -8.83182964    -9.66044130
230     5.61873443    -8.37932330   -11.37082296
231     6.09092920    -7.48549293    -8.41934599
232     0.03407142    14.83290017    -8.28950814
233     0.38566683    16.45829974    -9.29630891
234    -0.97102024    15.36470992    -6.62097593
235    -1.57508640   -18.66404982     2.31962047
236    -3.39474711   -18.19468127     2.04143422
237    -0.97926000   -17.38028311     3.64848284
238    -6.18679969    -0.14101047    11.71843059
239    -5.60996945    -1.85806040    12.45284806
240    -4.53863460     0.70329685    11.24704222
241    -5.46979653    -8.50852129     9.40239237
242    -5.53446439    -8.07965925     7.52184390
243    -7.31094299    -8.84888288     9.90092298
244    -1.43739983    -0.06417249   -13.48402330
245    -3.16541449     0.55434276   -12.90618797
246    -1.67685533    -0.64012691   -15.29988873
247    -5.18841473    12.01009633    -2.63290414
248    -4.34873962    10.46625213    -3.53520100
249    -7.08791121    11.72859781    -2.90176483
250     6.30626132    13.54485870     6.93633818
251     5.45098172    14.01913425     5.22637814
252     4.91205827    13.09114726     8.22370278
253   -14.70973849    -8.73671959     0.50740424
254   -15.56149883   -10.40706255     0.84414086
255   -12.83830113    -9.15462188    -0.00352374
256     1.35926230   -16.07995042    -1.13320916
257     0.20592539   -14.56763741    -1.27544298
258     0.31136426   -17.30367420    -0.08705015
259     9.96553246    -2.80095184    -9.55980944
260    10.91969109    -4.29335786   -10.28133608
261     9.17541965    -1.88097782   -11.02701127
262    -3.14060720    19.87399357     0.34935745
263    -3.64585013    18.60408707     1.74955655
264    -4.65003382    20.90536407    -0.11300391
265    -3.31466543    -0.71561255    17.15051190
266    -3.10000564    -2.29658835    16.12818676
267    -1.82289877     0.41895108    17.20858224
268    -1.08826437    10.32792559   -10.35330081
269     0.62542020     9.63524501   -10.68973473
270    -0.82262998    12.13050758    -9.70540205
271     6.35151270    13.47958616    -3.12929095
272     6.33093460    13.45034980    -5.03330784
273     7.90447048    12.37996676    -2.76661260
274     2.00954488     3.60231131   -12.16849794
275     0.33147868     2.79088204   -12.78726888
276     2.66898397     2.54283169   -10.69218838
277   -14.61019306    -4.38495882     3.53648913
278   -14.24270112    -4.86800976     5.37886234
279   -14.59247471    -6.00886583     2.51483458
280     3.82459549    -9.89314217    -1.37455343
281     4.79402455   -10.58642353    -2.87792199
282     4.95777123    -8.38947314    -0.95708874
283     4.42422323   -13.55036683     2.08400931
284     4.18013919   -12.01800213     1.00008348
285     3.73434035   -15.06475350     1.12280512
286   -13.54903424     0.59647947   -12.02521638
287   -15.29728852     0.39393751   -11.29440486
288   -12.86351439    -1.19043727   -11.98164293
289    -4.35636569    16.14692527     3.69324432
290    -2.85179442    14.98412645     3.92343761
291    -5.80284502    15.35381428     4.60919911
292     2.23695696    11.95142575     9.80320121
293     2.59544123    10.28132479    10.66416696
294     0.44093703    12.45293703    10.42058905
295    -2.16613968   -10.85077594    -5.49215338
296    -3.43772537   -11.83622502    -6.49592211
297    -2.00089875    -9.15612125    -6.43305915
298    -1.64660031     1.83130148    10.97266823
299    -1.03422374     2.17136238    12.79567993
300    -0.18981652     0.85019133    10.19121116
301    -6.15229961     1.34418844   -16.23914765
302    -7.84760886     0.57851521   -16.32623105
303    -6.05612111     2.10535329   -14.44320183
304    -9.91076111   -10.06320552    -0.75528629
305    -8.52109228   -11.02972441     0.19785593
306    -9.35805297    -8.13413970    -0.76286101
307     5.37119584     3.46385204    14.96506949
308     5.60929627     1.74547400    14.22576708
309     6.85083306     4.55941375    14.40866030
310     7.10112237    -5.09393875    -5.75941830
311     8.02747309    -4.21335121    -7.22002250
312     8.44496793    -6.22832461    -4.91752607
313    -5.70588656     8.37732626   -11.31162214
314    -4.02178552     8.90976528   -10.70096740
315    -6.01147749     9.03928248   -13.04722334
316   -10.11958306    -8.91461582    10.43961282
317   -11.16026153    -9.70713121    11.82281585
318   -11.24476528    -7.64584562     9.53214008
319     1.19247974    17.22950969     1.80307477
320     0.22326259    16.13719270     2.95406904
321     0.02470652    18.62485005     1.28622913
322    15.56274116     3.74844370     4.11813374
323    16.67882159     3.64432095     2.54746245
324    14.65962094     5.47930711     4.00859774
325     5.78050081    -0.46927638   -18.40308054
326     5.05439562     1.23707659   -17.93165487
327     6.83234859    -0.10071449   -19.98722555
328   -11.14427065    -1.39159089    10.16427782
329   -11.67702418    -0.04443426     8.88869510
330    -9.45258428    -0.85558737    11.02767001
331   -12.87664079     1.76823856    -5.05407033
332   -13.58938920     2.92694574    -3.75445279
333   -14.37786522     0.83688276    -5.73670470
334    -8.84536302    -2.13614312    -4.55379333
335    -7.16970808    -1.28409285    -5.16847233
336    -9.92433965    -0.58579285    -4.43595170
337   -17.05719501    -1.23957000    -5.95277973
338   -16.47618350    -2.76121294    -4.87441400
339   -18.97522455    -0.96267961    -5.89764579
340     7.11494161   -12.76654037     9.56691183
341     8.44476867   -11.85785911    10.56611074
342     7.68195707   -12.99193288     7.69841843
343    10.43992377    10.95365476    -1.16956463
344    10.36745627    12.07254271     0.29073480
345    12.09002849     9.96863113    -1.18657513
346    -1.31900915   -10.74752834    -0.53608475
347    -1.89465222   -10.97198096    -2.33839047
348     0.55673303   -10.28492074    -0.58787449
349   -10.75417574     1.87221327     1.85677620
350   -11.51116912     3.64263195     2.08732885
351   -12.02079936     0.73765940     0.77204602
352   -13.05275676     6.17615767     3.21852599
353   -13.66567572     6.58811597     4.98709549
354   -12.25957933     7.80162739     2.55981222
355     5.91270970     4.23343696    -0.14501734
356     5.27682888     5.85653672     0.71233000
357     4.35654909     3.10412556     0.22892248
358    -1.57167282    -6.38960866    -8.33007537
359    -2.09623827    -5.54179536    -6.60728708
360    -0.36741992    -5.07745563    -9.09141967
361    -6.53042693   -17.00597394     1.13824404
362    -6.58686341   -15.28345408     1.77162210
363    -7.94162484   -17.08339244    -0.10809254
364     4.13233731   -16.29484392    -5.14971358
365     4.08306459   -17.99326043    -5.86638037
366     3.32968143   -16.32171944    -3.39247567
367     7.48158860    -3.53015130     7.41096772
368     7.88860047    -1.94406876     6.24494184
369     6.25512390    -4.47064710     6.30254033
370     1.67115183    -2.94378626   -10.86746710
371     0.58375322    -1.88804112   -12.03781137
372     2.81754309    -1.86349718    -9.85620440
373    -5.64587241    10.20806401     2.38464417
374    -4.90392217    11.45133172     1.17066488
375    -5.12550795     8.50860743     1.66673976
376     5.25409715     3.43327162     8.45687960
377     6.64519299     4.07347993     7.27749371
378     4.13683109     2.24371163     7.48168632
379     3.30608711    -9.41039841     9.02256800
380     4.60780464   -10.76340903     9.52221086
381     1.63148758   -10.37509601     9.38858980
382     5.26180129    13.31931330    -8.18422536
383     3.39959111    13.82898277    -8.14494538
384     5.33537414    11.62368015    -9.03216371
385    11.05365339    -1.96346411    -1.68891248
386     9.28277540    -1.77427104    -0.88961455
387    12.09487312    -2.94423788    -0.41608317
388     1.37018225    -4.39968072    10.95900837
389     1.96394690    -6.22702244    10.86350414
390     2.86932407    -3.27119259    11.32558394
391   -10.05963272    -6.33814536    -7.33760166
392    -8.65617596    -6.78614417    -8.48789877
393    -9.49788322    -4.67493864    -6.50631181
394     3.96389493    -6.81380144     4.69863644
395     2.28043992    -6.62746210     3.77982551
396     3.56851658    -7.99453214     6.17441566
397     2.96857300    -2.83846414    -3.48376858
398     2.68060705    -1.57576446    -4.89017658
399     4.53232629    -3.81403672    -4.04647306
400    -0.18083900     8.14474182     4.55196411
401    -0.86226054     7.74322403     6.27638864
402    -1.24573821     7.23515683     3.24096482
403   -13.46844570     6.87874105     8.46805679
404   -14.75061420     7.85149134     9.41127239
405   -12.08181931     8.15105766     7.82178539
406   -10.23178900     3.43782328    -9.34264192
407   -11.37231928     2.71601660   -10.67131659
408   -10.93145972     2.95513078    -7.62605355
409    -2.56330018    12.68054017    11.27782390
410    -3.53478291    11.65062526    10.01137232
411    -3.51830269    12.47206455    12.87934362
412     4.47397453     4.07407144   -16.54393332
413     4.71797066     5.95515136   -16.78103768
414     3.39163093     3.93448597   -14.95854516
415    -3.41511731    -4.37455210    12.64312128
416    -1.63623325    -4.51986514    11.90958592
417    -4.33758540    -5.97600256    12.12851836

 Atomic and electronic forces:
  1    -0.02337062    -0.01149117    -0.00779022     0.00106136     0.00037236     0.00177184
  2     0.02470565     0.00670210    -0.00074928    -0.00055518    -0.00017884    -0.00077327
  3    -0.00045059     0.00520910     0.00828273    -0.00066567    -0.00018596    -0.00107011
  4     0.01422924    -0.00498488    -0.00229103    -0.00103352     0.00190443     0.00295414
  5    -0.00737665     0.00313294     0.00199810     0.00040013    -0.00086517    -0.00170832
  6    -0.00724492    -0.00036252     0.00487230     0.00063697    -0.00134151    -0.00170407
  7     0.00551829    -0.01797800    -0.00317543     0.00067066     0.00080702     0.00262166
  8    -0.00333714    -0.00171854    -0.00483371    -0.00032049    -0.00029119    -0.00109149
  9     0.00209782     0.00726954     0.01098926    -0.00049689    -0.00037401    -0.00155169
 10    -0.00274790    -0.04229328    -0.00390799    -0.00568035     0.00384564    -0.00225720
 11    -0.00491318     0.03681859     0.01099290     0.00334102    -0.00144340     0.00155703
 12     0.00188733     0.00453322    -0.00806268     0.00269180    -0.00248648     0.00164220
 13    -0.00358083     0.02806665    -0.01406061    -0.00093022    -0.00271194    -0.00068917
 14    -0.00452127    -0.02415296     0.02415719     0.00054908     0.00147292     0.00055535
 15     0.00958323    -0.00408969    -0.00667845     0.00059202     0.00128162     0.00025681
 16     0.01108724    -0.02508763    -0.02500576    -0.00225868    -0.00012328     0.00224559
 17    -0.00342703     0.01818803     0.00451460     0.00105617    -0.00010960    -0.00105883
 18    -0.00726201     0.00924368     0.01965494     0.00150610     0.00011123    -0.00132092
 19     0.00308431    -0.01537338     0.03882507     0.00142842     0.00180046    -0.00295922
 20     0.00185874     0.00283002    -0.02926686    -0.00103327    -0.00123239     0.00176506
 21    -0.00587358     0.00890446    -0.00737503    -0.00050658    -0.00098901     0.00139042
 22    -0.01978557     0.01201750     0.00166607     0.00878594     0.00719313    -0.00260403
 23     0.01909387    -0.01784858     0.00185185    -0.00521332    -0.00269194     0.00077411
 24     0.00099403     0.00666913    -0.00427485    -0.00396798    -0.00448895     0.00029068
 25    -0.00447142    -0.03613696    -0.01124669     0.00138134    -0.00289718    -0.00279273
 26    -0.01246463     0.02252263     0.01721876    -0.00090155     0.00195434     0.00188441
 27     0.01553415     0.00975568    -0.00343328    -0.00043151     0.00145833     0.00120154
 28    -0.00343670    -0.02269894    -0.01156190    -0.00416457     0.00914350     0.01380033
 29    -0.01426653     0.00198552     0.02547333     0.00277306    -0.00746546    -0.00729376
 30     0.00793555     0.02240989    -0.01512254     0.00292391    -0.00218469    -0.00687922
 31    -0.00828298     0.01264703     0.00398013     0.00102364    -0.00049480     0.00238305
 32    -0.00240608     0.00966456    -0.00567520    -0.00061276     0.00035545    -0.00115767
 33     0.00720367    -0.02114331     0.00362097    -0.00061813     0.00014953    -0.00138934
 34    -0.00012861    -0.00101900    -0.01613119     0.00408656     0.00894232     0.00253240
 35     0.00433952     0.00468745     0.00842364    -0.00226044    -0.00382129    -0.00207165
 36    -0.00719425    -0.01220587     0.00555197    -0.00157877    -0.00313535    -0.00064200
 37    -0.01810714     0.00084899    -0.00993567    -0.00041416     0.00008330     0.00183221
 38     0.00861752    -0.00333174     0.00341072     0.00017361     0.00002975    -0.00085339
 39     0.00366134     0.00439082     0.00338890     0.00030239    -0.00002029    -0.00103739
 40    -0.00470224    -0.00324807    -0.00817203     0.00121936    -0.00084800     0.00123786
 41     0.00188482     0.00480843     0.00204333    -0.00067821     0.00048704    -0.00077534
 42    -0.00182039     0.00299862     0.00640152    -0.00061016     0.00032897    -0.00058933
 43     0.01815585     0.00461144    -0.00645738    -0.00125785    -0.00077820     0.00131889
 44    -0.00519162     0.00393987     0.00441913     0.00056752     0.00030306    -0.00056308
 45    -0.00923365    -0.00689466    -0.00105153     0.00066125     0.00036298    -0.00078845
 46    -0.01066615    -0.00800916    -0.00923620     0.00095588    -0.00144701     0.00087647
 47     0.00487316     0.00082679     0.00185986    -0.00047817     0.00087070    -0.00047539
 48     0.00361462     0.00172906     0.00096246    -0.00040481     0.00064822    -0.00034542
 49     0.03216440    -0.01089865    -0.00108826     0.01754000    -0.00577790    -0.01162680
 50    -0.02444142    -0.00581513    -0.00563348    -0.00735973     0.00089845     0.00284744
 51    -0.00606308     0.01840397     0.00957798    -0.00984087     0.00183964     0.00748427
 52     0.00636007    -0.02047790    -0.02004467     0.00729598    -0.00024158     0.01789959
 53     0.00815786    -0.00366578     0.01292199    -0.00422625     0.00318476    -0.00884260
 54    -0.01174958     0.02068178     0.01072626    -0.00169147    -0.00165359    -0.01020868
 55    -0.00969496     0.02198785    -0.01134441    -0.00421048    -0.01803902     0.00066259
 56     0.00643869    -0.00512546     0.00522032    -0.00075302     0.00942568    -0.00063696
 57     0.00416293    -0.01834697     0.00481337     0.00463157     0.00943808     0.00140663
 58     0.00826789     0.02132205    -0.01420803     0.00169084    -0.00109001     0.00600823
 59    -0.00222953    -0.01108915     0.00787843    -0.00131755     0.00039705    -0.00416727
 60    -0.00456494    -0.00508757     0.00365036    -0.00052874     0.00100425    -0.00304438
 61    -0.01057494     0.02642023    -0.02140437    -0.00362637    -0.00913523     0.00892261
 62     0.00224555    -0.00674338     0.01683815     0.00303395     0.00366992    -0.00552802
 63     0.00473042    -0.01445728     0.00350768     0.00252296     0.00622862    -0.00358065
 64     0.00536613    -0.01812367    -0.01099505     0.00011293     0.00285653     0.00255619
 65     0.00488138     0.01192741     0.00799121    -0.00008639    -0.00176279    -0.00176947
 66     0.00238027     0.00013860     0.00229272    -0.00014561    -0.00113566    -0.00119414
 67     0.00146695     0.00390019     0.01197577     0.00043553    -0.00282768    -0.00072505
 68    -0.00303161     0.00177117    -0.00409091    -0.00013089     0.00168204     0.00032126
 69     0.00159249    -0.00491122    -0.00559005    -0.00027944     0.00129284     0.00022189
 70     0.01240427     0.01922504     0.01531676    -0.00048918     0.00415507     0.00010564
 71    -0.00979722    -0.02273671    -0.01986368     0.00014705    -0.00174446    -0.00020913
 72    -0.00059705     0.00373782     0.00488119     0.00051571    -0.00251928    -0.00021418
 73    -0.00191821     0.00230805    -0.02958922    -0.00190950    -0.00138815     0.00471382
 74    -0.00645253     0.00276067     0.02637859     0.00069867     0.00043792    -0.00188483
 75     0.00989729    -0.00472419     0.00301660     0.00067391     0.00099485    -0.00249698
 76     0.01113725     0.01079496     0.01210437    -0.00008456     0.00031350     0.00164412
 77     0.00332307     0.00095512    -0.00437642     0.00005108    -0.00014364    -0.00070073
 78    -0.01161919    -0.00557466    -0.00818406     0.00009981    -0.00011612    -0.00087323
 79     0.00270304     0.02305662    -0.00125105    -0.00354090    -0.00098125     0.00112760
 80     0.00077690    -0.00821193     0.00737809     0.00145911     0.00050152    -0.00062117
 81     0.00198009    -0.00869143    -0.00905398     0.00177383     0.00066316    -0.00037776
 82     0.00936058    -0.03191957     0.00229448    -0.00673778     0.00069901    -0.00980469
 83    -0.00094609     0.01068544    -0.00186386     0.00372070    -0.00022080     0.00353767
 84    -0.00926529     0.01584611    -0.00157635     0.00302159    -0.00174498     0.00496520
 85     0.01172532     0.01095943     0.00834070     0.00070120    -0.00075506     0.00101030
 86    -0.00791543    -0.00590478    -0.01292827    -0.00032117     0.00030759    -0.00047342
 87    -0.00167305    -0.00512360     0.00416177    -0.00043571     0.00040118    -0.00054891
 88     0.00782444    -0.01190481     0.00472850    -0.00269024    -0.00170436    -0.00181988
 89    -0.00383403     0.00511306    -0.00228798     0.00111323     0.00089387     0.00096054
 90    -0.00296477     0.00793879    -0.00146381     0.00142960     0.00104526     0.00076086
 91     0.00754835     0.00928000     0.00430133     0.00159425     0.00134562     0.00127085
 92     0.00026868     0.00173089    -0.00040554    -0.00075827    -0.00075556    -0.00076819
 93    -0.00379987    -0.01169011    -0.00551309    -0.00064744    -0.00059510    -0.00051617
 94     0.00336571    -0.00314206    -0.02095751    -0.00155501    -0.00226018    -0.00025149
 95    -0.00240093     0.00492623     0.00233764     0.00101608     0.00132165     0.00021090
 96     0.00080856     0.00326191     0.01988731     0.00076819     0.00111981    -0.00002148
 97    -0.00452926    -0.02025256    -0.00814285     0.00362178     0.00071619    -0.00012146
 98    -0.00011166     0.00596098     0.00731755    -0.00193972    -0.00012673     0.00008812
 99     0.00097168     0.01007531    -0.00469108    -0.00170492    -0.00039894     0.00026503
100     0.00255834     0.01716198    -0.00266351    -0.00137007    -0.00280117     0.00251368
101     0.01156529    -0.01029691    -0.00077472     0.00096928     0.00133694    -0.00138792
102    -0.01494878    -0.00444261    -0.00312574     0.00057842     0.00168530    -0.00161670
103    -0.00520795     0.00678253     0.01630151    -0.00167870    -0.00362442    -0.00210675
104     0.01004747     0.00086212    -0.00397998     0.00060492     0.00152745     0.00110952
105    -0.00141616    -0.00282522    -0.01069282     0.00083132     0.00243586     0.00126583
106     0.00981730     0.00999315    -0.00395075     0.00260832    -0.00289335     0.00163137
107     0.00809271    -0.00466809    -0.00025511    -0.00111874     0.00107850    -0.00068265
108    -0.01680882    -0.00289053     0.00844549    -0.00115182     0.00146964    -0.00106912
109     0.00442019     0.00305598    -0.01393621     0.00184375    -0.00032024     0.00144686
110    -0.01029671    -0.00321205     0.00542943    -0.00113410     0.00021557    -0.00091208
111     0.00569044     0.00563679     0.00633102    -0.00096753     0.00008236    -0.00064121
112     0.00693204    -0.01810904     0.00443843    -0.00043054    -0.00248612    -0.00227419
113     0.00396915     0.00198985    -0.00749710     0.00017320     0.00105237     0.00121359
114    -0.01128476     0.01753943     0.00288080     0.00006137     0.00117488     0.00094904
115     0.00123171     0.00629176    -0.00440130     0.00037572    -0.00241310    -0.00149977
116    -0.00403174     0.00047168     0.00795616    -0.00022445     0.00099454     0.00062971
117     0.00296589    -0.00687926    -0.00626970    -0.00020428     0.00136776     0.00064771
118     0.01549979     0.00377789    -0.00204485    -0.00017062     0.00119877     0.00370377
119    -0.01277252     0.00842393    -0.00315465    -0.00012288    -0.00051130    -0.00165268
120    -0.00582126    -0.01115802     0.00491237     0.00015749    -0.00037032    -0.00197802
121     0.01961417     0.01741658     0.02542063     0.00386055     0.00475940    -0.00538785
122    -0.01230759    -0.00039944    -0.02079721    -0.00285221    -0.00282335     0.00245322
123    -0.00209559    -0.01792802    -0.00422727    -0.00215499    -0.00218464     0.00378739
124     0.01009771     0.02749153     0.01716565    -0.00341780     0.00028953     0.00078572
125    -0.00519357    -0.00064057    -0.01614780     0.00162978    -0.00025694    -0.00057158
126    -0.00159656    -0.02644920    -0.00178379     0.00173704     0.00006589    -0.00046617
127     0.02212409     0.00576884     0.01761813    -0.01976207    -0.01162330    -0.01063948
128    -0.01730223    -0.00476088    -0.01587192     0.01082760     0.00481053     0.00446485
129    -0.00233454     0.00244305    -0.00104659     0.00675642     0.00275723     0.00625797
130    -0.01156986     0.01843133    -0.00777204    -0.00002789    -0.00147065     0.00147048
131     0.01559232    -0.01287738     0.00081915     0.00010948     0.00076527    -0.00083021
132    -0.00174978    -0.00722244     0.00587131     0.00002655     0.00061321    -0.00062021
133    -0.00458395    -0.02026609     0.01342951     0.00297747     0.00096836     0.00284194
134    -0.01164681     0.01335575    -0.00819730    -0.00164069    -0.00084327    -0.00164227
135     0.01150426     0.00443295    -0.00078227    -0.00137552    -0.00046081    -0.00107054
136     0.00484894     0.00602672    -0.00421792     0.00231494    -0.00208657     0.00021533
137    -0.00533895     0.00005749     0.00461226    -0.00098284     0.00109293    -0.00004111
138    -0.00419977    -0.00644821     0.00109576    -0.00127648     0.00117530    -0.00030635
139    -0.00608726    -0.01920003    -0.00979254     0.00631220    -0.00341530     0.00435226
140     0.00029094     0.00285154    -0.00177300    -0.00442706     0.00289915    -0.00270671
141     0.00363849     0.00305952     0.00329235    -0.00232689     0.00181289    -0.00162881
142     0.00013878     0.00202234     0.00266799     0.00219839    -0.00038563     0.00012586
143    -0.00637645     0.01029391    -0.00922295    -0.00127788     0.00019754     0.00001757
144     0.00293154    -0.01210237     0.00646519    -0.00108549     0.00030405    -0.00007489
145     0.01836304    -0.01773531     0.01693474     0.00006709    -0.00482506     0.00368414
146    -0.00912489     0.00328305    -0.00764476     0.00026805     0.00328507    -0.00260598
147    -0.00359422     0.00762987    -0.00389122     0.00004923     0.00234240    -0.00130259
148     0.00346486    -0.00151673     0.00347574    -0.00405131     0.00366067     0.00046248
149    -0.00504786     0.00488975    -0.00333645     0.00154108    -0.00144182    -0.00007663
150     0.00334923     0.00210942    -0.00556753     0.00253237    -0.00190655     0.00012062
151    -0.01148603    -0.02044866    -0.02068163     0.00210560    -0.00104715     0.00019496
152     0.01610181     0.02045921     0.00297443    -0.00106950     0.00067478    -0.00008504
153    -0.00319021     0.00433816     0.01251013    -0.00101562     0.00049034    -0.00020700
154    -0.00882744    -0.00504911    -0.00495869    -0.00313823     0.00263182     0.00202074
155    -0.00433437     0.00090599     0.00734647     0.00183318    -0.00155981    -0.00078767
156     0.00572300     0.00488939     0.00245398     0.00161161    -0.00168521    -0.00139971
157     0.00395103     0.01482945    -0.00635085     0.00160032    -0.00136668     0.00105546
158    -0.00028205    -0.00025982     0.00481413    -0.00073421     0.00057247    -0.00057128
159    -0.00604481    -0.01140736     0.00107759    -0.00066771     0.00069454    -0.00047433
160    -0.03881194     0.00526736     0.00601265     0.01041406     0.00081959    -0.00049086
161     0.01975431    -0.00384528     0.00681201    -0.00365887    -0.00008200     0.00019827
162     0.01514790    -0.00257709    -0.01117363    -0.00541530    -0.00066147    -0.00096889
163    -0.02163584    -0.00152867    -0.02407204     0.00111252    -0.00037632     0.00108637
164     0.01515851     0.01247424     0.00766216    -0.00049181     0.00013957    -0.00047282
165     0.00698010    -0.01252629     0.01512618    -0.00066488     0.00016988    -0.00060565
166    -0.01603858     0.01152475     0.01732385     0.00216550     0.00084705     0.00128902
167     0.00785814    -0.00913583    -0.00984634    -0.00097365    -0.00052352    -0.00066230
168     0.00580615     0.00341733    -0.01248944    -0.00115078    -0.00045498    -0.00052039
169    -0.02326726    -0.00178737    -0.00641883    -0.00629040    -0.00075221     0.01019255
170     0.00992201     0.00410185    -0.01226841     0.00191035     0.00053114    -0.00358995
171     0.01376594    -0.00349387     0.01151600     0.00367772     0.00022356    -0.00374394
172    -0.00994095    -0.00671038     0.02595385     0.00219758    -0.00097149     0.00090045
173     0.00395816     0.00388420    -0.01041123    -0.00101619     0.00037523    -0.00050958
174     0.00372474    -0.00107138    -0.00741550    -0.00101380     0.00058741    -0.00049075
175     0.01187237     0.00650713    -0.03480575    -0.00297482    -0.00171800     0.00018893
176    -0.00108341    -0.01796854     0.01567738     0.00125414     0.00082473    -0.00020064
177    -0.01304068     0.01078367     0.02063447     0.00151431     0.00105818     0.00006434
178     0.00936157     0.02465505    -0.01157650    -0.00379095    -0.00369345     0.00177870
179    -0.00412896     0.00295868    -0.01666049     0.00183224     0.00163343    -0.00128481
180    -0.00189385    -0.01754563     0.02462716     0.00267473     0.00217824    -0.00079319
181    -0.01082627     0.00081846    -0.00226736     0.00076622    -0.00153357    -0.00304534
182    -0.00167553    -0.00371890     0.00104911    -0.00054758     0.00062023     0.00153733
183     0.00953463     0.00229798    -0.00131760    -0.00047396     0.00102559     0.00154405
184    -0.01029861     0.01261150     0.01530088     0.00002499    -0.00240205     0.00444863
185     0.00316837    -0.01692250    -0.01445192    -0.00008310     0.00162476    -0.00217283
186    -0.00272978     0.00427074    -0.00615764    -0.00013521     0.00089943    -0.00175199
187     0.00505160     0.00147984     0.00847091     0.00326313    -0.00070079     0.00302322
188     0.00656865     0.01413365     0.00313749    -0.00174597     0.00003413    -0.00161471
189    -0.00523331    -0.00794978    -0.01308141    -0.00217560     0.00065638    -0.00185249
190     0.01476153     0.00175103    -0.02578540     0.00161603     0.00311053     0.00180621
191    -0.00569817    -0.00281543     0.01624897    -0.00096609    -0.00165054    -0.00069376
192    -0.00403336     0.00572583     0.00236480    -0.00055329    -0.00155362    -0.00079638
193    -0.00263964    -0.03620493    -0.00647786     0.00337572     0.00380727     0.00426364
194     0.00222033     0.00348849    -0.00017281    -0.00123660    -0.00192979    -0.00252037
195     0.00047428     0.02396786     0.00379437    -0.00131366    -0.00175737    -0.00151900
196    -0.01861562    -0.00442508    -0.00741657     0.00196590     0.00008556     0.00041065
197     0.00129989     0.00492720     0.00548189    -0.00105925     0.00003636    -0.00016267
198     0.01560156    -0.00066041     0.00267600    -0.00082700    -0.00002894    -0.00017048
199    -0.01372972    -0.00166354     0.00350603    -0.00089000    -0.00261950     0.00112947
200     0.01566902     0.00068432    -0.00608760     0.00031426     0.00146930    -0.00057768
201     0.00099066     0.00384102     0.00745493     0.00055536     0.00139500    -0.00078082
202     0.02345093    -0.01111656     0.01377616     0.00250954     0.00076257     0.00055532
203    -0.01668978     0.01707288     0.00483456    -0.00113778    -0.00023639    -0.00023378
204    -0.00683099    -0.00210606    -0.01235346    -0.00151545    -0.00042211    -0.00021012
205    -0.00886690     0.00501911    -0.00062785    -0.00294042    -0.00210617     0.00306248
206     0.00091558    -0.01105710    -0.00373575     0.00143789     0.00073477    -0.00127664
207     0.01136693    -0.00053021     0.00794150     0.00150930     0.00097062    -0.00199679
208     0.02898662     0.00114151    -0.01928768     0.00012016    -0.00188530     0.00100866
209    -0.00366172     0.01098283     0.01459371    -0.00003848     0.00093258    -0.00061595
210    -0.02304630    -0.00607987     0.01239658    -0.00017210     0.00101161    -0.00051317
211    -0.00392366     0.00151614    -0.01102869     0.00155789    -0.00266963    -0.00014344
212     0.00318671     0.00629266    -0.00036480    -0.00057162     0.00120619     0.00007991
213    -0.00225602    -0.01274416     0.00997231    -0.00087586     0.00140178     0.00026540
214    -0.00577844     0.01432240    -0.03279281     0.00278268    -0.00165398    -0.00312046
215    -0.00787493    -0.01221525     0.00421924    -0.00136906     0.00120346     0.00173864
216     0.01439252     0.00011859     0.02813882    -0.00108273     0.00061845     0.00154737
217     0.00401621     0.01525593    -0.00148154     0.00015705     0.00000307     0.00199406
218     0.00384415    -0.01516719     0.00027128    -0.00004571    -0.00008592    -0.00095424
219    -0.00801314     0.00487438     0.00171485    -0.00017031    -0.00000655    -0.00097023
220     0.02892412     0.03577184     0.01624480     0.00413071    -0.00065371    -0.00037682
221    -0.02287166    -0.02587690    -0.03725390    -0.00220031     0.00053170     0.00043346
222    -0.00503568    -0.00505836     0.01320939    -0.00207300     0.00049179    -0.00005153
223     0.04334063    -0.01080240     0.00041057    -0.00389941     0.02027785     0.00247890
224    -0.00550039     0.01100079    -0.00214598     0.00215088    -0.01187143     0.00111447
225    -0.03242036    -0.00089103    -0.00116926    -0.00076049    -0.00803972    -0.00126006
226     0.02416425     0.00210930    -0.02255662    -0.00169147     0.00144396     0.00202782
227    -0.01162026     0.00288273     0.02473844     0.00107490    -0.00094772    -0.00109119
228    -0.01384096    -0.00441311    -0.00107904     0.00072450    -0.00079558    -0.00114716
229    -0.00855712    -0.00890033    -0.03489199     0.00197985    -0.00295802    -0.00134716
230     0.01343823    -0.00542494     0.02729465    -0.00089450     0.00145036     0.00091363
231    -0.00445560     0.01622447     0.00944662    -0.00135863     0.00188505     0.00074139
232    -0.01081377     0.02413699     0.02148940     0.00043709     0.00462830    -0.00137449
233    -0.00774210    -0.01541131     0.01638439    -0.00019204    -0.00176059     0.00059134
234     0.01946502    -0.00627291    -0.03708714    -0.00003008    -0.00237490     0.00036987
235     0.00887400     0.00404556     0.00265209    -0.00003516    -0.00157168     0.00050080
236    -0.01458532    -0.00353265    -0.00552847     0.00009014     0.00081473    -0.00025441
237     0.00168773    -0.00312724    -0.00407309    -0.00000504     0.00082140    -0.00033325
238    -0.01450021    -0.02089827     0.00420578    -0.00081516    -0.00042720     0.00262128
239    -0.00177744     0.01191305    -0.00409776     0.00031261     0.00030549    -0.00118475
240     0.01372048     0.01025203     0.00285508     0.00032822     0.00017273    -0.00152525
241     0.02623460     0.00153344     0.00238368    -0.00058624    -0.00148989     0.00186573
242    -0.00595667    -0.00186922    -0.00000241     0.00039685     0.00095515    -0.00107358
243    -0.00703464     0.00127708     0.00054275     0.00035141     0.00064720    -0.00081441
244    -0.00959015     0.00429095     0.00122372    -0.00034260    -0.00268411    -0.00886037
245     0.00476176    -0.00146076    -0.00522369     0.00122702     0.00120375     0.00478055
246     0.00014296     0.00193330     0.00126607     0.00016804     0.00093698     0.00308613
247    -0.00499891    -0.02073348    -0.01331394    -0.00270726     0.00654500     0.00130996
248    -0.00259793     0.02114197     0.01493900     0.00187085    -0.00481877    -0.00063004
249     0.00697042     0.00298274     0.00084008     0.00173669    -0.00275946    -0.00048461
250    -0.01622786     0.00193615    -0.00900643     0.00111886     0.00166536     0.00171838
251     0.00865953    -0.00878133     0.02340556    -0.00060284    -0.00105780    -0.00089061
252     0.00574429     0.00352942    -0.01231603    -0.00045157    -0.00079292    -0.00094838
253     0.02482060    -0.00268103    -0.00865703    -0.00179430    -0.00149487     0.00064938
254     0.00218593     0.00208683    -0.00059023     0.00072682     0.00065348    -0.00026490
255    -0.02420256     0.00189905     0.00845730     0.00095010     0.00095167    -0.00035667
256    -0.00729840     0.00359489     0.00535813     0.00028840    -0.00219196     0.00038931
257     0.00083427     0.00350985    -0.00225976    -0.00009942     0.00131897    -0.00024350
258    -0.00064010    -0.01093789     0.00529895    -0.00006816     0.00096242    -0.00021107
259     0.00630563    -0.00715370     0.01856167     0.00381173    -0.00182503    -0.00173685
260    -0.00228352     0.00599212    -0.00117158    -0.00145881     0.00082439     0.00069976
261    -0.00474158    -0.00096842    -0.01362302    -0.00192804     0.00082376     0.00121593
262     0.00707890    -0.01602752     0.00758954    -0.00026934     0.00236444     0.00066322
263    -0.00292993     0.01035437    -0.01033553     0.00019008    -0.00123598    -0.00048033
264    -0.00567214     0.00192178     0.00210616     0.00019988    -0.00105589    -0.00025316
265    -0.03433298    -0.01725855     0.01680574    -0.00016742    -0.00024787     0.00167045
266     0.01149600     0.00264697    -0.00468581     0.00008378     0.00020538    -0.00088236
267     0.02325861     0.00356887    -0.01148978     0.00002671     0.00008196    -0.00085980
268    -0.02648134     0.00494989     0.00541485     0.00003781     0.00698019    -0.00505690
269     0.02316996    -0.00590180    -0.00544450    -0.00083666    -0.00335700     0.00284256
270     0.00056283    -0.00123544     0.00231939    -0.00009714    -0.00304449     0.00159448
271     0.01129928    -0.01427689     0.01008351     0.00253610     0.00373121     0.00048321
272    -0.00889543     0.01079931    -0.01640005    -0.00130785    -0.00192080     0.00008128
273    -0.00015812     0.00494723     0.00964470    -0.00149826    -0.00164084    -0.00029419
274    -0.02139968    -0.00643075     0.00672022     0.00455107     0.00135479    -0.01065532
275     0.02330578     0.00114564     0.00693328    -0.00102321    -0.00009636     0.00557694
276    -0.00240044     0.00188676    -0.01104818    -0.00385852     0.00010249     0.00602330
277     0.00218367    -0.00244219     0.02135159    -0.00219160    -0.00113267     0.00129324
278    -0.00524859     0.00061966    -0.01176929     0.00092568     0.00052527    -0.00069233
279    -0.00086501    -0.00476117    -0.00022499     0.00104693     0.00066830    -0.00053842
280     0.00829660     0.01294979    -0.00505949     0.00154870    -0.00391774     0.00096084
281    -0.00328471    -0.01146400    -0.00709802    -0.00079638     0.00177434    -0.00021124
282    -0.00630517    -0.00121566     0.01159250    -0.00113913     0.00205298    -0.00064983
283     0.00927208    -0.01363163     0.02658066     0.00074670    -0.00217345     0.00088058
284    -0.00305712     0.01052226    -0.01593301    -0.00048977     0.00135068    -0.00050366
285    -0.00162016     0.00473590    -0.00557992    -0.00028504     0.00103810    -0.00032788
286    -0.00706319     0.00162054     0.00614865    -0.00318883    -0.00051844    -0.00192990
287     0.00053125     0.00595697    -0.00234650     0.00144542     0.00022619     0.00069495
288     0.00670045    -0.00931222    -0.00442301     0.00159081     0.00051472     0.00101180
289    -0.01006818     0.01556351    -0.01649783    -0.00060170     0.00258976     0.00155068
290     0.00422201    -0.00608898     0.01210565     0.00019635    -0.00146245    -0.00098297
291    -0.00405286    -0.00196978     0.00504334     0.00042474    -0.00118678    -0.00083772
292    -0.02034723     0.02526021    -0.00700849     0.00051712     0.00144931     0.00218024
293     0.00273609    -0.01105624     0.00197292    -0.00028880    -0.00060330    -0.00116699
294     0.01544245    -0.00413926    -0.00011300    -0.00011204    -0.00070055    -0.00104420
295     0.01204409     0.01898770    -0.00596280    -0.00036772    -0.00442350    -0.00034245
296    -0.01695679    -0.01083451    -0.00652627     0.00030414     0.00184161     0.00026040
297     0.00150445    -0.01257966     0.00523722     0.00023297     0.00281946     0.00047209
298     0.01633198    -0.00037239     0.00557254    -0.00010772    -0.00013930     0.00340787
299    -0.00577165    -0.00181717    -0.00651625    -0.00000972     0.00002346    -0.00137559
300    -0.00697900     0.00293926    -0.00184109    -0.00012257     0.00020456    -0.00186398
301     0.01369622     0.01293592     0.03223642    -0.00196860    -0.00049415    -0.00450983
302    -0.01731192    -0.00856370    -0.00859195     0.00107025     0.00032149     0.00185608
303     0.00172634    -0.00251495    -0.02150492     0.00150137     0.00016041     0.00294781
304     0.00192906     0.00867632    -0.00309815    -0.00180662    -0.00259431     0.00074802
305    -0.00221038     0.00674532    -0.00378886     0.00071947     0.00131924    -0.00044628
306    -0.01005274    -0.02804646     0.00234583     0.00122834     0.00159737    -0.00053890
307    -0.00718173     0.01069935     0.00868157     0.00061655     0.00009426     0.00183821
308     0.00700070    -0.01311124    -0.00738005    -0.00035194     0.00003763    -0.00097389
309     0.00170259    -0.00289806    -0.00267853    -0.00037439    -0.00009800    -0.00088388
310     0.00886804    -0.00697537     0.00045416     0.00462556    -0.00426903    -0.00072985
311     0.00079266    -0.00030966     0.00728526    -0.00233607     0.00171161     0.00070021
312    -0.00746151     0.01098472    -0.00742012    -0.00179321     0.00163675     0.00008760
313    -0.02632854    -0.02130465     0.00499199    -0.00373827     0.00469381    -0.00541244
314     0.03112146     0.01991368     0.00157634     0.00147799    -0.00322810     0.00306163
315     0.00282827     0.00678747    -0.00712287     0.00124891    -0.00164115     0.00214244
316    -0.01374003    -0.00122117     0.00310202    -0.00081498    -0.00103887     0.00134852
317     0.00054047     0.00243676    -0.00348622     0.00035176     0.00042961    -0.00057034
318    -0.00259311    -0.00214755     0.00365361     0.00051599     0.00052019    -0.00071264
319     0.01823390     0.00481660    -0.01143909     0.00044473     0.00281368     0.00120596
320    -0.01263143    -0.01512379     0.01929832    -0.00014645    -0.00146299    -0.00079879
321    -0.00731913     0.01114809    -0.00602519    -0.00009417    -0.00129867    -0.00046747
322     0.00192697     0.00039549    -0.00814313     0.00204357     0.00015507     0.00105174
323    -0.00364243    -0.00028538     0.00446620    -0.00103312    -0.00006712    -0.00040749
324     0.00530254    -0.01112394     0.00523715    -0.00107625    -0.00020436    -0.00057841
325     0.01562247    -0.00737601    -0.02314167     0.00143339    -0.00062995    -0.00286830
326    -0.00356192     0.01281183     0.00958243    -0.00078284     0.00016957     0.00168731
327    -0.00940393    -0.00686285     0.01543450    -0.00060072     0.00020117     0.00116335
328     0.02500005    -0.01230668     0.02299947    -0.00136985    -0.00053709     0.00200386
329     0.00258936     0.00825309     0.00039670     0.00085093     0.00020790    -0.00107939
330    -0.02634543    -0.00168469    -0.01778717     0.00059489     0.00024161    -0.00111007
331     0.02988148     0.00132326    -0.01019960    -0.00580186    -0.00043286    -0.00034143
332    -0.01084180     0.01133835     0.01456897     0.00263436    -0.00006670    -0.00013201
333    -0.01529264    -0.01263758    -0.00407959     0.00223702     0.00030275     0.00022687
334     0.04165974     0.02329404    -0.01097273    -0.00813364    -0.00505727    -0.00029714
335    -0.01963637    -0.02229296     0.00395407     0.00575644     0.00373609     0.00086144
336    -0.02722797     0.00323002     0.00332055     0.00425699     0.00158698     0.00007303
337    -0.00996264    -0.00032993     0.00138732    -0.00291321    -0.00070342    -0.00028022
338    -0.01196878     0.01295834    -0.01123283     0.00146100     0.00051104     0.00004418
339     0.02461573    -0.01150093     0.00603615     0.00120220     0.00023971     0.00009878
340    -0.02107662    -0.01666028    -0.03103141     0.00060666    -0.00112555     0.00103205
341     0.01651709     0.00819265     0.00606192    -0.00032744     0.00049160    -0.00051373
342     0.00278354     0.01016403     0.02988970    -0.00035921     0.00063294    -0.00049553
343     0.00119587    -0.02304922    -0.03145850     0.00294900     0.00215613     0.00085327
344     0.00577342     0.01632018     0.02983343    -0.00121124    -0.00100982    -0.00050630
345    -0.00602909     0.00608709     0.00295006    -0.00143976    -0.00081351    -0.00036195
346     0.00911406     0.00081813     0.02657769    -0.00007631    -0.00405821     0.00118189
347    -0.00086192     0.00235873    -0.01784335     0.00013199     0.00214476    -0.00033031
348    -0.00296951    -0.00339335    -0.00861727    -0.00027087     0.00213825    -0.00063702
349    -0.01581594    -0.02672871    -0.02605913    -0.00515658    -0.00037120     0.00338995
350    -0.00722490    -0.00532058    -0.00311836     0.00229676    -0.00024645    -0.00145369
351     0.02363084     0.03155818     0.02736893     0.00247314     0.00042180    -0.00117736
352    -0.00510340    -0.00282806    -0.00500249    -0.00310873     0.00096235     0.00201192
353    -0.00024402    -0.00071845     0.00206275     0.00120906    -0.00039609    -0.00091558
354     0.00153631     0.00346720    -0.00290984     0.00160556    -0.00077281    -0.00102030
355    -0.05066842     0.00193918     0.01128614     0.00927754     0.00233912     0.00570987
356     0.02235995    -0.00018535    -0.00481449    -0.00359549    -0.00189736    -0.00292343
357     0.02554923     0.00270475    -0.00340835    -0.00535741    -0.00067354    -0.00461536
358    -0.00666335     0.02740624     0.03411885    -0.00049538    -0.00775599    -0.00329247
359     0.00560649    -0.01763010    -0.02652037     0.00072919     0.00525151     0.00135323
360    -0.00328076    -0.01215299    -0.00695582    -0.00037056     0.00427024     0.00255521
361     0.00102742    -0.03725901    -0.01233324    -0.00047594    -0.00171439     0.00048818
362     0.00479716     0.04324621     0.01812421     0.00029558     0.00096108    -0.00033380
363    -0.00274447    -0.00725894    -0.00546028     0.00029247     0.00083964    -0.00018491
364     0.01390107     0.03729267    -0.00292117     0.00057057    -0.00205605    -0.00007539
365    -0.00273733    -0.02891802    -0.00652154    -0.00022198     0.00088001     0.00006016
366    -0.00624152    -0.00430271    -0.00065106    -0.00024805     0.00105788    -0.00005940
367     0.01034097     0.02913611    -0.03072817     0.00176733    -0.00123049     0.00243205
368     0.00093274    -0.02363800     0.03081201    -0.00117137     0.00057092    -0.00138743
369    -0.00940909    -0.01432158     0.00499938    -0.00093933     0.00088334    -0.00136608
370    -0.00513992    -0.03222133     0.00642507     0.00324716    -0.00633373    -0.00732993
371    -0.00350283     0.01147323    -0.00428734    -0.00096871     0.00253840     0.00424283
372     0.01016465     0.01993820     0.00630701    -0.00303883     0.00333217     0.00404945
373     0.00663023    -0.01265630     0.00775114    -0.00246619     0.00437165     0.00385050
374     0.00347883     0.01494598    -0.01228225     0.00104278    -0.00255803    -0.00160386
375     0.00479616    -0.00305582     0.00338607     0.00180398    -0.00286435    -0.00287895
376     0.02105374     0.01969524     0.01341132     0.00172302     0.00026677     0.00347987
377    -0.00813297    -0.00307027    -0.00206704    -0.00111644    -0.00023367    -0.00168415
378    -0.01117625    -0.01052648    -0.01114971    -0.00096987     0.00003461    -0.00219327
379    -0.02361019    -0.02309910     0.01108157     0.00056900    -0.00153353     0.00173110
380     0.00866549     0.00843288    -0.00431613    -0.00028900     0.00066995    -0.00070452
381     0.00905282     0.01619326    -0.00741542    -0.00016152     0.00075808    -0.00081267
382    -0.01198295     0.00051391     0.00249294     0.00232701     0.00392840    -0.00130298
383     0.00748377     0.00020122     0.00006893    -0.00090424    -0.00225927     0.00070415
384     0.00191121    -0.00051944    -0.00235388    -0.00152494    -0.00213922     0.00104005
385    -0.03135126    -0.00104404     0.01313861     0.00423435    -0.00154404     0.00095633
386     0.02104227     0.00197961    -0.00891391    -0.00259017     0.00105558    -0.00087947
387     0.01002407    -0.00006644     0.00186183    -0.00165058     0.00067724    -0.00050268
388    -0.00565230    -0.01034815    -0.00261148     0.00041109    -0.00113194     0.00253160
389     0.00868973     0.00597506     0.00068282    -0.00022130     0.00062473    -0.00109604
390     0.00677911    -0.00064228     0.00235974    -0.00031905     0.00045802    -0.00125686
391    -0.01403972     0.01405139     0.01516871    -0.00331072    -0.00329295    -0.00106709
392     0.01983019    -0.01185034    -0.01791019     0.00150610     0.00185830     0.00079596
393    -0.00695188    -0.00729216     0.00378123     0.00234955     0.00203305     0.00058441
394    -0.00448062     0.00547576    -0.01057156     0.00150686    -0.00276914     0.00270844
395     0.00161339    -0.00144065     0.00071577    -0.00066910     0.00181564    -0.00162418
396     0.00622548    -0.00017479     0.00803783    -0.00050113     0.00112529    -0.00113534
397    -0.00798440     0.01390610    -0.00346329     0.00985659    -0.01298138     0.00223143
398     0.00814375    -0.00181734    -0.00106914    -0.00672083     0.00717352     0.00078782
399     0.00350151    -0.00617750    -0.00238676    -0.00361034     0.00404805    -0.00024811
400     0.01222478     0.01448007    -0.01099977     0.00062894     0.00372538     0.00587301
401    -0.00477442    -0.00815161     0.01440742    -0.00007243    -0.00125878    -0.00254070
402    -0.00463662    -0.00400478    -0.00143068     0.00004757    -0.00255800    -0.00407897
403     0.02872862    -0.00033428    -0.02630226    -0.00161891     0.00057768     0.00170420
404    -0.00903061     0.01164870     0.01037086     0.00068131    -0.00026879    -0.00069661
405    -0.02146770    -0.01022765     0.01455994     0.00085135    -0.00044326    -0.00096094
406     0.02841057     0.01194273     0.01143007    -0.00655862     0.00054828    -0.00350361
407    -0.01947300    -0.01159027    -0.00835494     0.00242742    -0.00001595     0.00146050
408    -0.01181017    -0.00610038     0.00069470     0.00360475    -0.00010391     0.00118345
409     0.00684560     0.00078811    -0.00403307    -0.00017057     0.00124967     0.00192627
410    -0.00583409    -0.00053609    -0.00998539     0.00018594    -0.00072494    -0.00114184
411    -0.00275753     0.00178793     0.01361395     0.00011731    -0.00049965    -0.00086647
412    -0.00413410     0.00420167    -0.00188788     0.00193817     0.00051052    -0.00411361
413     0.00298435     0.00365103    -0.00446091    -0.00088501    -0.00050756     0.00183536
414     0.00349872    -0.00421168     0.00097727    -0.00125390    -0.00036512     0.00284604
415    -0.00687663    -0.00539204     0.00187539    -0.00029074    -0.00087852     0.00218247
416     0.00013620     0.00335865     0.00420665     0.00003640     0.00050973    -0.00118766
417     0.00203769     0.00176791    -0.00222852     0.00019471     0.00051614    -0.00100718
