 Number of water molecules:
         139

 Atomic and electronic energies:
    -2.21402727    -0.09263940

 Atomic coordinates:
  1     8.94388366     5.94810830    11.78011004
  2     9.95155078     7.38921968    11.05411753
  3     7.83473920     5.09187893    10.45874709
  4    -5.13555576    10.66622760     7.37845142
  5    -4.21544099     9.29979038     8.38498604
  6    -5.04316430     9.99045799     5.58442665
  7     2.66660823     7.63804841    11.18910432
  8     2.94632203     7.19086390    13.08077681
  9     3.63421495     6.31306817    10.26079014
 10    -9.52627307     8.06397821    -7.86322824
 11    -9.67427811     6.31311418    -8.69061519
 12    -8.10423773     8.87873987    -8.87088097
 13    -6.37415139   -13.31649661    -8.42307544
 14    -6.46149032   -11.91005528    -9.63126507
 15    -7.81265487   -13.00032092    -7.14963745
 16   -12.90477072     1.87530013     6.54080002
 17   -12.79525513     3.72065836     7.08969366
 18   -12.65084438     1.75104879     4.71532787
 19     4.91162938     9.25016631   -15.69772220
 20     4.04511847     9.15911239   -14.02376321
 21     4.95375027    11.08469329   -16.23807924
 22     5.32100447     7.85341800    -6.50901625
 23     6.48651845     6.38332693    -6.00824867
 24     4.20845416     8.13393340    -4.94202274
 25     3.75741341    -7.28914395   -13.29565109
 26     2.71849062    -6.03301319   -12.36096506
 27     2.77885055    -8.97738282   -13.48492380
 28    -2.79862444     5.79500322     0.96998881
 29    -2.62982563     6.29868332    -0.92362437
 30    -4.05867568     4.31355521     1.06907785
 31     5.13326997    -0.92213566    10.86410548
 32     6.13604109    -2.00243062     9.57209251
 33     5.54271999     0.82581826    10.39331296
 34     2.02421839     9.87866706    -2.24883081
 35     2.73680364     8.99683322    -0.70314198
 36     3.11663494    11.30840367    -2.70079356
 37    -5.84979904     3.14694261    16.18171499
 38    -5.41969114     1.47228076    17.03381257
 39    -6.63561397     2.60360754    14.54574562
 40    12.02685726    -6.41290025     8.87539410
 41    10.44124013    -5.41459068     8.76354234
 42    13.32054126    -5.04190808     9.31894400
 43   -14.16584100    -4.93151222     8.88888180
 44   -15.62247285    -4.46626473     9.97701996
 45   -12.83404705    -3.52048822     9.30718706
 46     9.11690977   -13.08633148     4.66061208
 47     7.55776709   -13.31253122     3.60180859
 48     9.70410993   -14.88441639     5.15834836
 49     3.31597911     1.33270106    -7.01262932
 50     5.07779305     2.05395486    -6.59692602
 51     2.14714811     2.56878132    -6.07200232
 52     1.03958107     2.31882676     1.05601588
 53     0.42760112     1.35545786    -0.50229703
 54    -0.18470800     3.79573982     1.15837015
 55    -1.79732372    -3.38418756    -4.02348994
 56     0.09988450    -2.98810130    -3.94515437
 57    -2.60209066    -2.12979055    -5.17615896
 58     1.74008873     1.05388827     6.04097224
 59     1.52228668     1.52190072     4.19920151
 60     0.97989260    -0.66712646     6.24016885
 61    -3.78381828    -3.30437808     1.03366723
 62    -4.30735260    -1.49857845     1.35556473
 63    -3.51254549    -3.44503668    -0.89584952
 64     0.17777514    13.38641288     5.14873923
 65     0.33851393    11.58171612     4.56515545
 66     0.70112047    13.26356478     6.97614335
 67     1.77176899   -13.01729002    -8.51080788
 68     0.43506081   -12.37029784    -7.31083440
 69     2.73039732   -14.47333390    -7.58081301
 70    -2.72960143    16.02741904    -4.20775518
 71    -3.47719779    17.16109156    -2.81290615
 72    -3.10902250    14.23683616    -3.62129917
 73    -5.27924769    -0.65839442     6.59923017
 74    -5.61059944    -0.34252478     8.48070552
 75    -3.74284420    -1.94731808     6.54206007
 76    -1.94971342     6.14429235    17.68895764
 77    -2.39466296     6.87790185    19.35589124
 78    -3.69497733     5.36344513    17.02749085
 79   -14.67820263    -0.85127149    -0.19232609
 80   -14.97333842    -2.15106435     1.20055425
 81   -14.55813589    -1.87237636    -1.89027383
 82    -5.70117980     2.71524716   -11.16852265
 83    -7.58443438     2.69968534   -10.67126053
 84    -5.23208063     4.57039206   -11.31325533
 85    10.42687920   -10.14530650    11.86048941
 86    11.27550338    -9.73136190    13.49331554
 87    10.98856412    -8.75160748    10.71383361
 88   -11.92995465    -4.51433772   -11.78750582
 89   -10.81219635    -4.90730160   -13.21694439
 90   -11.64918037    -5.71791196   -10.37944470
 91    10.82949822    12.82514672     4.47063503
 92     9.49597688    12.50244705     5.81811291
 93    11.00062466    14.73622752     4.40773397
 94   -10.06267531   -11.53004330    -5.46892839
 95   -10.23820195    -9.69231972    -6.10724332
 96   -10.01094947   -11.32649545    -3.59725657
 97    13.38005020     5.44274957    -5.63568666
 98    13.51334720     3.56860380    -5.97241312
 99    12.62076128     6.26211080    -7.19196821
100    -5.61687620    -6.80690515     4.88036643
101    -7.41131260    -6.06957265     4.93758675
102    -4.67421245    -5.64646681     3.69375477
103    -5.98223295    -8.10278106   -10.98750726
104    -5.25902516    -8.49737504   -12.73438394
105    -4.40893217    -7.61620155    -9.91212527
106     7.57347867    -6.79852479     1.22013924
107     9.14078143    -7.68676204     1.98046889
108     6.21633244    -6.74575665     2.70192011
109    13.37173473     0.15830322     6.99018287
110    11.76874675     0.10146685     5.93123198
111    14.47037729     1.45150837     6.01956484
112    -3.00396854    -8.60078698   -15.26970493
113    -2.06093665    -7.56208566   -16.55770502
114    -1.67206047    -9.73971315   -14.55758575
115     0.69113863   -11.57329895   -13.25810002
116     0.55219617   -13.33857533   -13.95472386
117     1.28268980   -11.73133849   -11.42778132
118    -1.97711256     6.90902266     9.11333082
119    -0.55943217     7.67074659    10.05885545
120    -1.70868379     4.98428068     9.30999421
121     3.07733363     8.56440076   -10.95087880
122     3.93977622     8.19983085    -9.17051351
123     2.66983648     6.76408725   -11.55519173
124   -15.35383366     4.04367044    -1.34523697
125   -14.73053883     4.95183296     0.20478963
126   -15.68546338     2.25842078    -0.82762786
127    -4.64690075     0.09945006    -6.50752482
128    -3.75659076     1.15388627    -5.24205164
129    -4.66589164     1.09347014    -8.11083331
130    -1.58464489   -11.69606311     9.23345432
131    -3.11219203   -10.55632219     9.08391630
132    -2.19489777   -12.90599903    10.60689920
133     8.56807103     5.60717902     4.81041898
134     7.13759263     6.81192410     4.40531102
135    10.24198049     6.40381119     4.31551993
136    10.44804702    -8.05827720    -3.37099762
137     9.69888929    -9.68440323    -3.88364713
138     9.25053499    -7.45422429    -2.03571761
139     6.13466477    -1.93691524     0.32422767
140     4.60580481    -1.82412373    -0.91766875
141     6.64146190    -3.75806128     0.51698684
142    17.08594322    -0.33173958    -3.83378422
143    15.50062161    -0.07262834    -4.98524266
144    16.99899626    -2.22722354    -3.39838009
145     0.00972731    -6.18434862     2.55987371
146    -1.24434384    -4.79649855     1.87390674
147    -0.28738207    -7.86933322     1.55144826
148   -10.20057567    11.10749517    -3.62106259
149   -11.35980970    12.50556913    -4.32943834
150   -10.08081768     9.82687997    -5.07497469
151    15.09651818    -5.35080674    -2.78605798
152    13.90745018    -6.79968734    -3.34959616
153    14.62468012    -5.05022836    -0.92941277
154   -10.33105537    10.19983811     1.27945070
155   -10.41726198    10.42966295    -0.71543718
156    -8.39950371    10.13138917     1.54259492
157    11.71419579    -8.72894685     4.01201543
158    11.84097829    -8.24968188     5.86766753
159    10.85425406   -10.44812529     3.94360274
160     7.80145454     3.38016515    -4.96433865
161     9.73730026     3.37185751    -4.94713736
162     7.27597135     3.47530931    -3.03400867
163    14.63414349    -2.59198784    11.00351768
164    15.36225451    -1.86011831    12.52462100
165    14.25184686    -1.23604968     9.67712782
166    13.02284172     8.00098530     3.83739207
167    12.29780524     9.73937850     4.19093469
168    13.46942167     7.72868494     2.00192653
169    -5.55975915     1.49987681     2.21026454
170    -5.11600673     0.77335603     3.96893214
171    -7.45971829     1.64232620     2.06815186
172    13.42135020    -4.28458060     2.11026426
173    14.77456373    -3.92625642     3.39262802
174    12.61707008    -5.93218005     2.74638862
175   -14.12397700    -5.16023335    -3.76728149
176   -14.25631353    -6.17638192    -2.11663295
177   -12.51490311    -5.89588311    -4.65968025
178    -8.99451134    -5.15726561    -0.81715477
179    -9.31834081    -4.50157218     0.92395648
180    -9.22624734    -3.67385680    -2.03050969
181     1.67498528    -4.24492722   -16.94775885
182     2.85673858    -3.02964149   -17.84605207
183     2.74843978    -5.64294019   -16.10786270
184    -1.00290635    -3.62142986     6.93714834
185    -0.72664891    -4.89738330     5.49020018
186     0.14281221    -4.18008360     8.37310673
187     8.71875009     0.25487685     4.40826348
188     8.49037304     2.07714102     4.15727531
189     7.84068690    -0.61639077     2.95828842
190     5.15408798    13.95718418     2.21746339
191     5.75246152    13.73743173     0.37419615
192     3.68045667    15.25588367     2.00706395
193     4.93000718     8.57126025     2.56395634
194     3.16252109     8.42159127     3.44739296
195     5.19730489    10.46098560     2.37509002
196    18.33987969     3.48853337    -0.49008700
197    17.50596264     2.12598609    -1.55458639
198    20.15813098     3.60767685    -1.13724157
199    -5.77391382   -11.40518084     2.20142918
200    -4.08362941   -11.39574343     1.16552185
201    -5.62166149    -9.91446942     3.40681937
202    14.42451388     7.54641764    -1.04887495
203    16.19016485     6.78211554    -0.95883696
204    13.73103861     6.80321565    -2.72525030
205    -9.78162886    -3.77967256     4.65495710
206   -11.54867846    -3.00867847     4.60252732
207    -8.63493257    -2.47293572     5.43494509
208     0.24607481   -14.58153701     5.19906661
209    -0.35656657   -13.45034663     6.69990479
210     2.05937424   -13.90387855     4.71597826
211     6.95026838   -11.44904212    -5.05512744
212     6.40302040   -13.26866523    -5.26622710
213     6.64843409   -10.59702828    -6.75061684
214     6.76142498    -2.59724096   -13.26903484
215     5.70976780    -4.15846402   -13.07600871
216     6.43697375    -1.87333921   -14.95835702
217     0.68583731     1.82076888    15.74931204
218    -0.21790420     3.27664598    16.59900605
219     2.44957615     2.46864515    15.54796976
220    12.44734743     0.24017114    -5.99736098
221    11.45821838    -0.52863007    -7.42925192
222    11.85542741    -0.57466207    -4.31128390
223    -2.17780022     7.74789293    -3.41347759
224    -1.91219692     6.37955511    -4.70259668
225    -0.41445865     8.52816471    -3.11461485
226   -10.53098276    11.06864064     6.69972751
227   -10.59604472    11.10153372     4.80600579
228    -8.75284091    10.74317930     7.30564186
229     6.44676997    -8.78249687    -9.29626774
230     5.61025513    -8.40204232   -10.97801386
231     6.44351639    -7.19336450    -8.23440387
232    -0.10452808    15.31166132    -8.67390216
233     0.25107139    17.01676758    -9.25875442
234    -1.06792785    15.48904694    -6.97415387
235    -1.24358768   -18.18062334     2.16217417
236    -3.08909595   -18.01050295     2.01776204
237    -0.57187168   -16.98753753     3.55686525
238    -5.90685734    -0.02201031    11.49827783
239    -5.33353411    -1.74486193    12.21557568
240    -4.35104933     0.96658703    11.20738692
241    -5.80346138    -8.68093153     9.55610277
242    -5.71628858    -7.91685320     7.79185044
243    -7.69233802    -8.69427454     9.98757017
244    -1.58168760     0.12639203   -13.61332149
245    -3.24791608     0.56191374   -12.70523086
246    -2.01563446    -0.42130818   -15.37434436
247    -5.13983235    11.84739591    -2.50578377
248    -3.92156269    10.40269679    -3.06564390
249    -6.95312753    11.37397158    -2.97312572
250     6.24131219    13.28267674     7.26429620
251     5.66181141    13.81793179     5.51816466
252     4.61662765    13.29917461     8.32469474
253   -14.99666145    -8.56677237     0.54899042
254   -16.34025215    -9.89915068     0.45738805
255   -13.37185519    -9.37628583     0.03704556
256     1.15265426   -16.25638786    -1.75394831
257    -0.09576575   -15.00751786    -2.44547034
258     0.22327136   -17.26586226    -0.34012351
259    10.24108933    -2.58132545    -9.58547973
260    11.78206073    -3.38737516   -10.25299736
261     8.84675432    -2.45559862   -10.95662436
262    -3.41199693    19.31423318     0.71790042
263    -3.94486898    17.87867940     1.98327036
264    -3.97847800    20.88313491     1.53248062
265    -3.62414154    -1.58236734    17.20573566
266    -3.53225234    -3.01491898    15.89569299
267    -1.86781702    -0.74456223    16.96610261
268    -1.48657190    10.69543550   -10.69344305
269     0.19672332     9.89439232   -10.95501871
270    -1.13533695    12.27235842    -9.65287321
271     6.35896392    12.97065737    -2.74574951
272     6.61880953    13.44468561    -4.58379950
273     7.98153539    12.09719075    -2.09787565
274     2.52160040     3.40919814   -11.86404660
275     0.78297070     2.64219843   -12.29553377
276     3.10532939     2.43042147   -10.32041489
277   -14.80984416    -4.32810904     3.70948139
278   -14.30872458    -4.79407599     5.48059233
279   -14.81856583    -6.02082795     2.79713375
280     3.64530011    -9.88138041    -1.18248134
281     4.69208305   -10.25750015    -2.76856672
282     4.47786378    -8.45464904    -0.27563551
283     4.63288422   -13.59968424     1.97991704
284     4.52793814   -11.95987520     0.99065256
285     3.35287587   -14.69620254     1.16719853
286   -13.43569506     0.38398316   -12.37767394
287   -15.18069577     0.21191071   -11.66728550
288   -12.73782586    -1.45062629   -12.31519495
289    -4.56391220    15.28386454     3.77304927
290    -2.75830005    14.79628212     4.27311315
291    -5.72523747    13.85757819     4.32580214
292     1.95620853    12.23531975     9.78707265
293     2.32955119    10.36707822    10.26922887
294     0.30383054    12.55830399    10.73645934
295    -2.49412672   -10.82452012    -5.87320149
296    -3.52065091   -12.06599170    -6.94640659
297    -2.03388843    -9.26276074    -6.89057148
298    -1.31191076     1.92435953    11.01727802
299    -0.69970993     1.67575536    12.81373001
300     0.02631512     1.29394330     9.77633667
301    -6.45592462     1.36120182   -16.44902689
302    -8.27476391     0.81832263   -16.74740260
303    -6.28053421     2.12315668   -14.74151992
304   -10.04885204    -9.96382534    -0.63619150
305    -8.87159355   -10.73937451     0.59292193
306    -9.43196527    -8.16395749    -0.98575215
307     5.64674161     3.49067345    14.86323107
308     6.07498329     1.77286531    14.12121946
309     7.08507846     4.71821242    14.43158123
310     7.36307534    -4.91136824    -6.07928005
311     8.09419667    -3.72369045    -7.35010003
312     8.85334280    -6.00234869    -5.42817715
313    -5.64738677     8.06397838   -11.68531619
314    -4.08147853     9.03624766   -11.08578310
315    -5.86330080     8.44575320   -13.51456866
316   -10.88693014    -8.67009453    10.39911363
317   -11.71034043   -10.12577622     9.57593421
318   -11.87817464    -7.06096753     9.98006689
319     1.13309737    16.93554187     1.55931215
320     0.37380097    15.73164506     2.83708031
321    -0.40353595    17.95836533     0.90976540
322    16.16910035     3.47937086     4.00933813
323    17.12379509     3.50564896     2.31255052
324    15.36765940     5.16542629     4.28767690
325     5.29066618    -0.62879739   -18.34523724
326     4.60151082     1.06488817   -17.70645815
327     6.63368186    -0.42659672   -19.67729491
328   -10.84931446    -1.36115947    10.32582939
329   -11.32005441     0.07529186     9.18892576
330    -9.14140960    -0.79393583    11.10215931
331   -12.79453127     1.89662625    -5.09829415
332   -13.76845347     3.13036699    -3.94369487
333   -14.18732048     0.60890993    -5.46785518
334    -8.89195080    -1.45897744    -4.56660539
335    -7.30129819    -0.68667802    -5.37634182
336   -10.15522847    -0.03189426    -4.70119012
337   -16.79318947    -1.41883984    -6.07515979
338   -15.89059260    -2.97490001    -5.46708640
339   -18.65840408    -1.76397990    -6.10647876
340     6.72191361   -12.81139519     9.58504894
341     8.05211683   -12.01214030    10.73078979
342     7.67158191   -12.83024570     7.94033903
343    10.43594506    11.09338118    -0.78629066
344    10.42497798    11.78845904     0.99544095
345    11.92583040     9.85732463    -0.84213437
346    -1.57900352   -10.48722637    -0.64949724
347    -2.16200745   -10.71860701    -2.51389756
348     0.37306097   -10.52252426    -0.78797840
349   -10.55851681     1.88751090     1.80732728
350   -11.06337498     3.72601350     1.61947071
351   -11.86581257     0.94044687     0.80351653
352   -13.43171452     6.44140248     2.55249501
353   -13.59422471     6.54712400     4.43019637
354   -12.63267004     8.12130202     2.05455614
355     6.17369006     3.81089947    -0.08855844
356     6.01380513     5.46778458     0.85446043
357     4.49429810     2.94139667     0.35093457
358    -2.15760120    -6.10724495    -8.35651329
359    -2.18580431    -5.31534770    -6.62235359
360    -0.93218040    -5.07973136    -9.44093955
361    -6.71659822   -16.72207735     1.58795263
362    -6.09478455   -14.95521175     1.90825129
363    -8.43128718   -16.52940677     0.73832442
364     4.59392661   -16.02518918    -5.39690743
365     5.41592504   -17.80129682    -5.31806849
366     3.33873274   -16.14073699    -3.88768217
367     7.87455858    -3.53465928     7.67079318
368     8.56721278    -2.20488689     6.52656823
369     6.79231212    -4.63694645     6.51025826
370     1.54028843    -3.24664734   -10.99306022
371     0.39951393    -2.19181820   -12.23030777
372     2.39383789    -1.99276104    -9.83750951
373    -5.21954619     9.87755256     2.33801353
374    -4.76183709    10.93724744     0.84677505
375    -4.32837271     8.18665885     2.03950233
376     5.63844365     3.53494307     8.35487748
377     6.87347828     4.25468698     7.00735660
378     4.29546352     2.48006296     7.36583416
379     2.82929676    -9.30988613     8.86109099
380     4.25428628   -10.65538198     9.24862951
381     1.12291555   -10.26485575     9.21094693
382     4.94083761    13.83468039    -7.58282506
383     3.12258245    14.33261132    -7.89750783
384     5.34554705    12.11151543    -8.34195230
385    10.73246090    -1.86529026    -1.71202895
386     8.97493944    -1.34790853    -0.96093771
387    11.76517241    -2.58371773    -0.26335586
388     1.42444902    -4.80123260    11.32563505
389     2.46938181    -6.40686038    11.40725359
390     2.63712199    -3.34888920    11.28909120
391    -9.89341014    -6.44586277    -7.37439820
392    -8.36980729    -7.04338044    -8.33960485
393    -9.47781649    -4.64912907    -6.83266839
394     4.38387426    -6.60247782     4.96440172
395     2.72452405    -6.13421291     4.03835040
396     3.78530154    -7.89868064     6.28535175
397     3.36641867    -2.61196939    -3.91718494
398     3.31930728    -1.05724469    -5.06595272
399     4.98260342    -3.56409886    -4.44406140
400     0.20027227     8.08142048     4.66236138
401    -0.56040824     7.43435355     6.28287444
402    -0.70693812     7.21586368     3.21567456
403   -13.52313640     6.98128362     7.88835169
404   -15.21646369     7.67397259     8.42889676
405   -12.28992483     8.48159866     8.05144794
406   -10.29863965     3.11816537    -9.37395218
407   -11.44561181     1.95518322   -10.52835919
408   -10.99886842     2.97010869    -7.60877370
409    -2.93306130    12.72767707    11.69735356
410    -3.84308632    12.89557820    10.03515285
411    -4.14051274    12.45512226    13.10237089
412     4.66495992     3.87723901   -16.30567533
413     4.43217353     5.77554732   -16.63316753
414     3.77795608     3.63335638   -14.68123988
415    -3.60033263    -4.44818291    12.86000307
416    -1.82785496    -4.73837099    12.21349168
417    -4.62109091    -5.87376239    11.95625178

 Atomic and electronic forces:
  1    -0.00279756    -0.00095389     0.00440413     0.00114105     0.00032861     0.00191777
  2    -0.00509908    -0.00589424    -0.00487384    -0.00061301    -0.00024276    -0.00089145
  3     0.00887838     0.00735666     0.00034962    -0.00068200    -0.00015363    -0.00118988
  4    -0.00229471    -0.01045034     0.00236211    -0.00112970     0.00193693     0.00301490
  5     0.00099875     0.00283244     0.00422753     0.00045635    -0.00080764    -0.00166401
  6    -0.00291317     0.00848762    -0.00659727     0.00081825    -0.00131126    -0.00189507
  7    -0.00018101    -0.00897824     0.03880377     0.00059783     0.00080631     0.00279392
  8    -0.00481346     0.00868991    -0.02571543    -0.00024217    -0.00027024    -0.00116712
  9     0.01010117    -0.01142755    -0.01019526    -0.00046354    -0.00034135    -0.00157967
 10     0.01406341    -0.00501807    -0.00716557    -0.00597309     0.00335035    -0.00230827
 11    -0.00852848     0.00741187     0.00770420     0.00328240    -0.00114268     0.00156265
 12    -0.00613914    -0.00086223     0.00131748     0.00275352    -0.00214414     0.00163034
 13     0.00223779    -0.01372414     0.02288378    -0.00079063    -0.00233063    -0.00057245
 14    -0.00361198     0.01902340    -0.01985945     0.00047183     0.00125404     0.00043554
 15     0.00416119    -0.00271125    -0.00690104     0.00050054     0.00115255     0.00019879
 16     0.00000533     0.00175133     0.04291249    -0.00224583    -0.00023475     0.00202664
 17    -0.00473536    -0.00509970    -0.00403242     0.00106692    -0.00005239    -0.00102114
 18     0.00686399     0.00275205    -0.03077456     0.00143062     0.00016848    -0.00109976
 19     0.00251415     0.00769233    -0.02333477     0.00170399     0.00179718    -0.00338203
 20    -0.00334398     0.00216412     0.01807588    -0.00108097    -0.00132563     0.00215242
 21     0.00079446    -0.00986328     0.00356290    -0.00065914    -0.00090607     0.00136337
 22    -0.01292479    -0.01665317     0.02345387     0.00993310     0.00763934    -0.00353869
 23    -0.00042685     0.00876526    -0.00661998    -0.00551783    -0.00236386     0.00127875
 24     0.01266052     0.00689095    -0.01523936    -0.00531477    -0.00549241     0.00057581
 25     0.01328509    -0.03293946    -0.01933859     0.00119394    -0.00279233    -0.00235089
 26    -0.02132437     0.01364196     0.01249966    -0.00068792     0.00183690     0.00156920
 27     0.00368311     0.01987897     0.00430207    -0.00037646     0.00130413     0.00096777
 28     0.00533423    -0.01591326    -0.00745949    -0.00566935     0.00786659     0.01479006
 29    -0.00780817     0.00327286     0.01593087     0.00381620    -0.00675986    -0.00704740
 30     0.00243383     0.00429875     0.00390536     0.00402084    -0.00172315    -0.00688908
 31    -0.00568438    -0.03779139     0.00130981     0.00100057    -0.00069869     0.00260880
 32    -0.00287974     0.00364565     0.01366242    -0.00063983     0.00048267    -0.00130139
 33     0.00514703     0.03265638    -0.00916868    -0.00060054     0.00022439    -0.00142083
 34    -0.01856173    -0.04501295     0.00658443     0.00434307     0.01221880     0.00397906
 35     0.00594762     0.01297319    -0.00208862    -0.00265976    -0.00495092    -0.00310335
 36     0.02676721     0.03161742    -0.00252721    -0.00188631    -0.00428066    -0.00093280
 37     0.00148137    -0.00420400     0.00574739    -0.00043924     0.00000090     0.00176382
 38     0.00295794     0.00205686     0.00173512     0.00018068     0.00006431    -0.00082468
 39    -0.00244042     0.00156925    -0.00717086     0.00030943     0.00002766    -0.00099247
 40     0.01954299    -0.00679204    -0.00450979     0.00116795    -0.00088134     0.00121167
 41    -0.02592583     0.01221237    -0.00386876    -0.00064023     0.00049407    -0.00075204
 42     0.00352654    -0.00529191     0.00619625    -0.00059796     0.00035144    -0.00058253
 43     0.03008404     0.01949305     0.00064487    -0.00126572    -0.00076539     0.00125183
 44    -0.01416863    -0.00013196     0.00603496     0.00056906     0.00029253    -0.00054952
 45    -0.01238644    -0.01717402    -0.00454873     0.00067328     0.00037277    -0.00076281
 46     0.01947022    -0.02559270     0.01768903     0.00086090    -0.00142502     0.00078551
 47    -0.01539024    -0.00364998    -0.00937252    -0.00041675     0.00083073    -0.00039808
 48    -0.00790474     0.02644663    -0.00899890    -0.00035346     0.00061314    -0.00032145
 49    -0.00883036     0.03099744     0.02000208     0.01805905    -0.00937063    -0.01206799
 50     0.00239190    -0.00950132    -0.00584102    -0.00769763     0.00187081     0.00310339
 51     0.01124191    -0.01627099    -0.01590964    -0.01056521     0.00315348     0.00646334
 52    -0.00771328    -0.00342946    -0.02761131     0.00630911    -0.00252708     0.01984856
 53     0.00975243    -0.00045388     0.01880061    -0.00317055     0.00442636    -0.01047850
 54    -0.00065509     0.00157620     0.00958633    -0.00084045    -0.00128410    -0.00958118
 55     0.01834519    -0.00192374     0.01548657    -0.00267888    -0.01660325     0.00043410
 56    -0.00502591    -0.00982803     0.00062007    -0.00116353     0.00858944    -0.00034849
 57    -0.01335038     0.00791489    -0.01181176     0.00312552     0.00898538     0.00153570
 58     0.00592450     0.01019943     0.00509735     0.00152342    -0.00126613     0.00646999
 59    -0.00017593     0.00037386    -0.00553154    -0.00120912     0.00083825    -0.00464516
 60    -0.00653498    -0.01231727     0.00219168    -0.00047160     0.00103561    -0.00292746
 61     0.01381161    -0.00172803    -0.01932535    -0.00346715    -0.00737098     0.00599745
 62    -0.00785649     0.00592560     0.00186106     0.00258268     0.00335151    -0.00410980
 63    -0.00503017    -0.00375181     0.01623908     0.00213427     0.00516115    -0.00254578
 64    -0.01046949     0.00267364    -0.01160287     0.00023314     0.00299651     0.00279297
 65    -0.00193362    -0.00727700    -0.00347546    -0.00020038    -0.00181826    -0.00192736
 66     0.00565982     0.00444461     0.01408561    -0.00015222    -0.00115549    -0.00129857
 67     0.00957122    -0.01810687     0.01006944     0.00041912    -0.00270633    -0.00069276
 68     0.00067696    -0.00157791     0.00233495    -0.00011923     0.00157612     0.00030018
 69    -0.01047322     0.02329564    -0.01108587    -0.00023043     0.00117461     0.00021473
 70    -0.00287136     0.00825825     0.01179189    -0.00074708     0.00468288     0.00012318
 71     0.01040057    -0.00717654    -0.01444988     0.00038202    -0.00191830    -0.00023333
 72    -0.00684299     0.00373058     0.00115536     0.00066322    -0.00302764    -0.00025731
 73     0.03306637    -0.03127302    -0.00565077    -0.00190183    -0.00157456     0.00459488
 74    -0.00100455    -0.00168326    -0.00281477     0.00069899     0.00049564    -0.00184521
 75    -0.02949821     0.02536863     0.00795781     0.00064726     0.00108626    -0.00234214
 76    -0.04519308    -0.02628163    -0.02566461    -0.00009116     0.00022069     0.00162332
 77     0.00173364     0.00654217     0.01155880     0.00004926    -0.00010918    -0.00069499
 78     0.04449395     0.01363385     0.01183126     0.00011872    -0.00008870    -0.00085369
 79     0.00663153    -0.02058075    -0.03381556    -0.00330565    -0.00096687     0.00099434
 80    -0.00135347    -0.00112424     0.00284929     0.00137676     0.00051964    -0.00054024
 81    -0.00363586     0.01599580     0.03557719     0.00170639     0.00063259    -0.00030573
 82     0.00892277    -0.00561161     0.00021706    -0.00679175    -0.00091759    -0.00909204
 83     0.00241620     0.00328090     0.00172030     0.00344033     0.00032877     0.00313552
 84    -0.00564008     0.00513816    -0.00134292     0.00313876    -0.00085036     0.00472674
 85    -0.00645704    -0.01287903     0.01238216     0.00067828    -0.00081183     0.00098604
 86     0.00069909    -0.00393845     0.00814635    -0.00031087     0.00033508    -0.00046249
 87     0.00645073     0.01385506    -0.01864996    -0.00042010     0.00042879    -0.00054031
 88    -0.02066898     0.02869544    -0.00468194    -0.00244131    -0.00170554    -0.00161560
 89     0.01488256    -0.01181917    -0.01308199     0.00106729     0.00087025     0.00093510
 90     0.00675026    -0.01400751     0.01442956     0.00123295     0.00101957     0.00067931
 91    -0.00033995     0.00387948    -0.00165862     0.00176975     0.00148635     0.00137082
 92    -0.00333326     0.00252568     0.00000351    -0.00082175    -0.00075578    -0.00082972
 93     0.00037277    -0.00939555    -0.00026935    -0.00073788    -0.00073189    -0.00055934
 94    -0.00176480     0.02523269    -0.02621913    -0.00141510    -0.00224796    -0.00017171
 95     0.00072651    -0.02082059     0.00023532     0.00092184     0.00125964     0.00017189
 96    -0.00056931    -0.00193332     0.02358031     0.00073460     0.00115682    -0.00005819
 97    -0.01067844     0.01005006    -0.00375702     0.00391794     0.00059707    -0.00035069
 98     0.00118295    -0.00721528    -0.00146319    -0.00198632    -0.00003670     0.00022436
 99     0.00647464    -0.00450289     0.00625807    -0.00201741    -0.00044855     0.00042557
100    -0.01049530    -0.00071483     0.00028652    -0.00131830    -0.00270095     0.00248645
101     0.00480868    -0.00062952    -0.00176084     0.00085939     0.00119329    -0.00119521
102     0.00155680     0.00177124    -0.00530442     0.00081505     0.00182685    -0.00165452
103     0.01406415    -0.00230448     0.01384700    -0.00149498    -0.00325330    -0.00188614
104    -0.00090765     0.00345865    -0.00044767     0.00053346     0.00139437     0.00098657
105    -0.01721587     0.00124036    -0.01220228     0.00071991     0.00214143     0.00108678
106    -0.01473882    -0.00946574     0.02229789     0.00238835    -0.00287680     0.00158204
107    -0.01246040     0.00958855    -0.00268150    -0.00098591     0.00108895    -0.00062756
108     0.02940997    -0.00245395    -0.01979549    -0.00103428     0.00147839    -0.00103883
109     0.00424467     0.01608029    -0.01713890     0.00186093    -0.00040420     0.00150168
110    -0.00152899    -0.00216818     0.00437994    -0.00114318     0.00028537    -0.00094354
111    -0.00066950    -0.01018112     0.00863382    -0.00098558     0.00011513    -0.00067515
112    -0.00402785     0.01178250    -0.00724669    -0.00042605    -0.00225258    -0.00205791
113    -0.00576039     0.00427613    -0.00130415     0.00012229     0.00101897     0.00113958
114     0.00926720    -0.01457797     0.01010349     0.00008294     0.00117788     0.00091892
115     0.00236199     0.01050778    -0.00690852     0.00022525    -0.00231489    -0.00138421
116     0.00094086    -0.00106206     0.00357482    -0.00007531     0.00095911     0.00055296
117    -0.00111629    -0.01090864     0.00363612    -0.00017883     0.00131816     0.00062042
118    -0.01954738    -0.03250773    -0.02158474    -0.00037284     0.00110370     0.00391241
119     0.02294532     0.01145907     0.01990493    -0.00001378    -0.00053496    -0.00169727
120    -0.00859555     0.01623647     0.00598745     0.00015476    -0.00028889    -0.00209897
121     0.00997003    -0.02779715     0.03703861     0.00397588     0.00550126    -0.00671821
122    -0.01002317     0.01655602    -0.03472837    -0.00326233    -0.00345128     0.00329692
123     0.00406404     0.00667287    -0.00262558    -0.00215917    -0.00214802     0.00442442
124    -0.00409331     0.01084424    -0.02253586    -0.00358015     0.00021248     0.00075288
125     0.00169496     0.01100599     0.01239859     0.00176467    -0.00022756    -0.00058570
126    -0.00233068    -0.01769951     0.00650479     0.00168850     0.00010603    -0.00040439
127     0.01096412    -0.00294933     0.00562162    -0.01589926    -0.01340785    -0.00899268
128     0.00077866     0.00850137     0.00947525     0.00987971     0.00711427     0.00322909
129    -0.00731612     0.00530337    -0.02122956     0.00634629     0.00375387     0.00589836
130    -0.00745948    -0.01758835     0.01631897    -0.00008457    -0.00148291     0.00135140
131    -0.00628426     0.01344163    -0.00524714     0.00013411     0.00077575    -0.00075744
132     0.01236169     0.00262405    -0.00904916     0.00005595     0.00061748    -0.00057331
133    -0.00896118    -0.01428227     0.00762541     0.00321554     0.00083376     0.00320789
134     0.00524933     0.00985439    -0.00749745    -0.00170958    -0.00079304    -0.00193789
135     0.00324882     0.00516786     0.00043336    -0.00152125    -0.00044393    -0.00121566
136     0.01250621     0.02046101     0.00545588     0.00224958    -0.00227522     0.00019001
137    -0.00964291    -0.03003947    -0.01554440    -0.00092945     0.00115173    -0.00003868
138    -0.00029740     0.01009218     0.01204882    -0.00125700     0.00134648    -0.00028492
139    -0.02739389     0.02589089    -0.00821219     0.00597040    -0.00446252     0.00399232
140     0.02746888    -0.01247313     0.01637365    -0.00395959     0.00372708    -0.00244474
141     0.00116816    -0.01650674    -0.00233363    -0.00212150     0.00200160    -0.00137468
142    -0.02585181    -0.01253394    -0.01258779     0.00242264    -0.00049085     0.00007177
143     0.02242418    -0.00201374     0.01744869    -0.00145983     0.00030242     0.00005655
144     0.00084965     0.01287322    -0.00204162    -0.00113279     0.00035152    -0.00006119
145    -0.01211203    -0.00668306    -0.02116861     0.00037946    -0.00483284     0.00351536
146     0.01331735    -0.03199029     0.00460635     0.00020752     0.00315870    -0.00242267
147    -0.00516091     0.03526225     0.01447824    -0.00009257     0.00230519    -0.00120831
148    -0.01238252     0.01025022    -0.01983482    -0.00400456     0.00342481     0.00037478
149     0.01394043    -0.01540837     0.01150144     0.00152942    -0.00135972    -0.00002424
150    -0.00069328    -0.00032183     0.00141474     0.00250547    -0.00182059     0.00015626
151    -0.01219557    -0.01852422     0.00573641     0.00218444    -0.00118933     0.00021472
152     0.01137771     0.02015776     0.00468736    -0.00106517     0.00073222    -0.00007171
153     0.00340753     0.00142491    -0.01074374    -0.00111828     0.00060517    -0.00024834
154     0.02380983     0.00389317    -0.03935724    -0.00334886     0.00251277     0.00202236
155    -0.00837186     0.00022531     0.03693239     0.00192862    -0.00148180    -0.00075642
156    -0.01454116     0.00003597     0.00922571     0.00178859    -0.00167469    -0.00141927
157    -0.00624107     0.00970468    -0.00674818     0.00144279    -0.00138580     0.00096719
158     0.00245854    -0.00130825     0.00300544    -0.00065909     0.00060132    -0.00053511
159     0.00152121    -0.00575102     0.00731614    -0.00061703     0.00072802    -0.00044044
160    -0.00937164     0.00789808     0.03487396     0.01096908    -0.00000834    -0.00084642
161    -0.01053093    -0.00322152    -0.00051488    -0.00370816    -0.00000996     0.00021685
162     0.01386944    -0.00333051    -0.03078725    -0.00591536    -0.00009658    -0.00096748
163    -0.01117296    -0.01956078    -0.02351506     0.00110419    -0.00041725     0.00110612
164     0.01085872     0.01780561     0.02003493    -0.00048446     0.00015267    -0.00050938
165     0.00175533     0.00040851     0.00231069    -0.00066200     0.00019667    -0.00062159
166    -0.00533024    -0.01300086     0.01899363     0.00240592     0.00083969     0.00144735
167     0.00567218     0.00491274    -0.00906740    -0.00110633    -0.00055750    -0.00073410
168     0.00208385     0.01067480    -0.00987615    -0.00137292    -0.00043618    -0.00062114
169     0.03450659     0.00460090    -0.01364281    -0.00660636    -0.00214379     0.00919896
170    -0.01690648     0.00384823    -0.00145024     0.00192337     0.00100686    -0.00368407
171    -0.01620738    -0.00314285     0.00682338     0.00320559     0.00070630    -0.00313638
172    -0.00463431    -0.00970674     0.00133402     0.00223929    -0.00119126     0.00102094
173     0.00335745     0.00691349     0.00128050    -0.00096403     0.00044564    -0.00048163
174     0.00305109     0.00271792    -0.00366359    -0.00099078     0.00068048    -0.00052559
175     0.03241933    -0.02025439    -0.00064943    -0.00276126    -0.00173998     0.00011982
176    -0.00396271     0.00601164    -0.01076434     0.00120757     0.00084329    -0.00019951
177    -0.03055336     0.01497409     0.01166683     0.00145452     0.00113438     0.00004003
178    -0.00267960     0.00438435    -0.01533165    -0.00361386    -0.00369059     0.00152727
179    -0.00067801     0.00468383     0.01326414     0.00172512     0.00155812    -0.00105712
180     0.00471195    -0.00329316     0.00105853     0.00247842     0.00203444    -0.00066073
181     0.00488778    -0.01733221     0.00607299     0.00061013    -0.00188516    -0.00312392
182     0.00286455    -0.00033254     0.00269114    -0.00041663     0.00072858     0.00154066
183    -0.00995302     0.01929465    -0.00983764    -0.00041517     0.00105604     0.00138031
184     0.00177748     0.00100563    -0.02005522    -0.00009836    -0.00240805     0.00402364
185    -0.00166092     0.00657997     0.01204831    -0.00000034     0.00161042    -0.00196260
186    -0.00185979    -0.00457670     0.00731952    -0.00011203     0.00094236    -0.00163728
187     0.00822959    -0.03378749     0.00838591     0.00331928    -0.00103892     0.00308664
188    -0.00076505     0.03535205    -0.00486746    -0.00188327     0.00023306    -0.00174960
189    -0.00465776     0.00029464    -0.00855513    -0.00208365     0.00093008    -0.00177685
190    -0.01263780     0.00574535    -0.02100638     0.00172482     0.00324574     0.00199556
191    -0.00002437     0.00299409     0.00977174    -0.00111511    -0.00186398    -0.00084664
192     0.01400173    -0.00953034     0.00566514    -0.00058873    -0.00166770    -0.00088716
193    -0.03544926    -0.00855429     0.00623889     0.00394862     0.00386597     0.00500883
194     0.02588222     0.00138999    -0.00623858    -0.00142639    -0.00202013    -0.00301455
195     0.00530026     0.00742910     0.00313419    -0.00153568    -0.00194522    -0.00180972
196     0.01838513     0.01086552    -0.00722896     0.00211854     0.00002592     0.00043244
197     0.00105286    -0.00707801    -0.00543348    -0.00118558     0.00007411    -0.00018327
198    -0.01725363    -0.00283219     0.00630835    -0.00090797    -0.00001539    -0.00014113
199     0.02322134    -0.00396465    -0.01467139    -0.00086707    -0.00252137     0.00112244
200    -0.02387221     0.00433752     0.01430986     0.00033622     0.00147112    -0.00054972
201    -0.00052351     0.00012851    -0.00035962     0.00048861     0.00131434    -0.00077260
202    -0.00226392    -0.01031913    -0.01527145     0.00297427     0.00084514     0.00065787
203    -0.00450446     0.00160774     0.00370368    -0.00127241    -0.00026594    -0.00025843
204     0.00616833     0.00643449     0.01024130    -0.00177282    -0.00043428    -0.00020385
205     0.00098765     0.00280841    -0.00465569    -0.00239346    -0.00184573     0.00239074
206     0.00695106    -0.00506955    -0.00056929     0.00122562     0.00070337    -0.00101965
207     0.00126378     0.00487665     0.00329833     0.00123319     0.00088079    -0.00153461
208     0.03827404     0.03739831     0.01250848     0.00009743    -0.00176117     0.00094226
209     0.00554397    -0.01654246    -0.01994088    -0.00001954     0.00085511    -0.00056596
210    -0.04080962    -0.01695347     0.01118374    -0.00015310     0.00093688    -0.00049439
211     0.00049904     0.00480368     0.01530514     0.00136878    -0.00261412    -0.00013068
212    -0.00404535    -0.00714861    -0.00298366    -0.00050012     0.00115561     0.00006572
213     0.00092689     0.00082680    -0.01006593    -0.00075464     0.00141317     0.00024703
214     0.01242343    -0.00161029     0.02737494     0.00274595    -0.00215666    -0.00323406
215    -0.00572133    -0.00761056    -0.00530388    -0.00116418     0.00134045     0.00155852
216    -0.00646143     0.00928427    -0.02437126    -0.00112518     0.00081093     0.00164608
217    -0.01676434    -0.00313250     0.00056658     0.00013775    -0.00013075     0.00198729
218    -0.00662068     0.00475972     0.00414860    -0.00002174    -0.00000588    -0.00092894
219     0.02129133     0.00101817    -0.00159601    -0.00015684     0.00003387    -0.00099138
220     0.01009751     0.01689494     0.02140019     0.00423274    -0.00098672    -0.00053098
221    -0.00739601    -0.01309443    -0.00469750    -0.00219565     0.00069329     0.00055572
222     0.00006836    -0.00168473    -0.01420951    -0.00225922     0.00069612    -0.00000354
223     0.00219033    -0.01352125    -0.01110730    -0.00731122     0.02251050     0.00584871
224    -0.00346372     0.00603791    -0.00595863     0.00442325    -0.01185684     0.00006023
225    -0.00348564     0.01013677     0.00160716    -0.00005755    -0.00939506    -0.00251290
226    -0.00788904    -0.00482689     0.01445791    -0.00167294     0.00136552     0.00190758
227     0.00456544     0.00054053    -0.00899753     0.00104052    -0.00084948    -0.00098061
228     0.00580097     0.00430376    -0.00545392     0.00077986    -0.00074611    -0.00114431
229     0.00135990    -0.00869169     0.00260184     0.00177538    -0.00297089    -0.00121914
230     0.00020263     0.00339692    -0.00084596    -0.00079520     0.00145799     0.00082547
231     0.00096164     0.00399525    -0.00021994    -0.00125461     0.00182277     0.00067818
232    -0.01214947    -0.03647908     0.03004935     0.00021681     0.00465053    -0.00157992
233     0.00474974     0.03274090    -0.01041682    -0.00012079    -0.00179904     0.00061472
234     0.00626720     0.00451809    -0.01285727     0.00008308    -0.00253189     0.00049483
235     0.03413274    -0.00399170    -0.00107585    -0.00003662    -0.00156214     0.00047376
236    -0.02992524     0.00443986     0.00481609     0.00008678     0.00078552    -0.00023483
237    -0.01274931    -0.00385533    -0.00561627    -0.00000676     0.00081071    -0.00031624
238    -0.03855850    -0.02918914     0.01025177    -0.00085828    -0.00052252     0.00263569
239     0.00181204     0.01136572    -0.00176371     0.00032853     0.00034863    -0.00118492
240     0.03423460     0.01797930     0.00106314     0.00035189     0.00020890    -0.00151461
241    -0.00152295     0.00232446     0.00557887    -0.00060601    -0.00141907     0.00166337
242     0.00261913     0.00105980    -0.00470898     0.00040198     0.00089615    -0.00097962
243     0.00207207    -0.00182714     0.00316038     0.00036255     0.00061938    -0.00074793
244    -0.00497293     0.00651582     0.02847421    -0.00070591    -0.00282403    -0.00798262
245     0.01144940    -0.00257219    -0.01391190     0.00135454     0.00151161     0.00443312
246    -0.00475770    -0.00149528    -0.00901425     0.00032540     0.00098101     0.00284334
247     0.01957954    -0.02118754    -0.00276311    -0.00344375     0.00693045     0.00161615
248    -0.02318857     0.01457370     0.00445072     0.00223981    -0.00519431    -0.00108075
249     0.00464424     0.00255869    -0.00206599     0.00216059    -0.00293501    -0.00055486
250    -0.00438623     0.00111619     0.00178079     0.00115694     0.00170384     0.00196596
251     0.00292210     0.00046336    -0.00656843    -0.00064268    -0.00109127    -0.00101715
252     0.00926367    -0.00490581     0.00170410    -0.00042900    -0.00082872    -0.00104027
253    -0.01365327     0.01288943     0.00293847    -0.00166188    -0.00137677     0.00057202
254    -0.00181979    -0.00175957     0.00005485     0.00069583     0.00058618    -0.00021498
255     0.02034123    -0.00922706    -0.00305544     0.00083438     0.00083407    -0.00028966
256     0.00099045    -0.00376262     0.00868686     0.00020087    -0.00206563     0.00027215
257    -0.00638467    -0.00090847     0.00241637    -0.00004291     0.00120856    -0.00012396
258     0.00600945     0.00737102    -0.01014962    -0.00004330     0.00091907    -0.00017867
259    -0.03206783     0.01594367     0.00828085     0.00361103    -0.00193790    -0.00171893
260     0.01238041    -0.00996890    -0.01537672    -0.00141289     0.00075498     0.00066465
261     0.01798766    -0.00369961     0.00024514    -0.00178926     0.00107617     0.00122740
262    -0.00234792    -0.04527226     0.01428997    -0.00043666     0.00258835     0.00083096
263     0.00426733     0.01734786    -0.02152118     0.00030092    -0.00136214    -0.00059554
264    -0.00618355     0.02229015     0.00635568     0.00019596    -0.00105727    -0.00035767
265     0.03505935     0.00367470    -0.01900509    -0.00021396    -0.00034944     0.00159338
266    -0.01106914     0.00527503     0.00809459     0.00011762     0.00025865    -0.00085010
267    -0.02275224    -0.00405993     0.00976468     0.00004578     0.00015543    -0.00085202
268    -0.02456681     0.00361143     0.01008942    -0.00068168     0.00659050    -0.00536253
269     0.02340858    -0.00694730    -0.00459483    -0.00045664    -0.00333880     0.00319690
270     0.00014781     0.00654745    -0.00528910     0.00016063    -0.00325406     0.00181414
271    -0.00546868    -0.00818668     0.01530102     0.00314398     0.00444145     0.00076859
272    -0.00151330     0.00247482    -0.00257625    -0.00149313    -0.00212022     0.00002671
273     0.00025494     0.00651289    -0.00844270    -0.00175873    -0.00182632    -0.00047649
274    -0.02829781    -0.00626955     0.01040110     0.00498907     0.00001135    -0.01093009
275     0.01507804     0.00319128    -0.00482862    -0.00123008     0.00055892     0.00587962
276     0.00496463     0.00095167    -0.00207198    -0.00399739     0.00101073     0.00595930
277    -0.00061357    -0.00393584    -0.01495772    -0.00200979    -0.00107716     0.00115584
278    -0.00374160     0.00176083     0.01809393     0.00086852     0.00051190    -0.00063144
279    -0.00413053     0.00133432    -0.00638549     0.00094329     0.00061953    -0.00048024
280    -0.00986254    -0.00836012    -0.01096458     0.00125207    -0.00373978     0.00088229
281     0.00006355     0.00107537     0.00514935    -0.00071010     0.00176198    -0.00019866
282     0.01141793     0.01216329     0.00120318    -0.00088642     0.00198137    -0.00067659
283     0.01381368     0.00978695     0.01782971     0.00066517    -0.00208292     0.00077890
284    -0.00092152     0.00103172    -0.00460498    -0.00044502     0.00128251    -0.00044673
285    -0.01285697    -0.01866736    -0.01058097    -0.00023735     0.00103930    -0.00031779
286     0.01402287    -0.02324282     0.00535366    -0.00291121    -0.00066573    -0.00182920
287    -0.00691558     0.00422376     0.00045701     0.00133212     0.00028260     0.00067086
288    -0.00617185     0.01533965    -0.00128241     0.00142053     0.00056236     0.00093787
289     0.00603903     0.00086021    -0.00101063    -0.00089685     0.00282189     0.00190538
290    -0.01156695    -0.00438024     0.00384674     0.00026804    -0.00149590    -0.00111510
291     0.00881180     0.00606364     0.00008879     0.00063675    -0.00136845    -0.00111492
292    -0.01284884    -0.00827040     0.00526174     0.00042779     0.00149228     0.00232855
293     0.00599014     0.01274538    -0.00257106    -0.00026561    -0.00064344    -0.00130602
294     0.00064206     0.00688234     0.00022010    -0.00006965    -0.00067662    -0.00108717
295     0.01135716    -0.00935618     0.00601825    -0.00048872    -0.00393170    -0.00043378
296    -0.00283769     0.01022843     0.00113694     0.00028839     0.00159330     0.00027155
297    -0.00872261    -0.00290388    -0.00360674     0.00024863     0.00241028     0.00049286
298     0.00150958     0.00294839    -0.02735440    -0.00013180    -0.00026245     0.00339086
299     0.00999596    -0.00191566     0.00663841    -0.00000098     0.00011572    -0.00136934
300    -0.00479547     0.00189625     0.01462058    -0.00010330     0.00025491    -0.00198269
301    -0.01095311    -0.01073350    -0.01500456    -0.00191772    -0.00065802    -0.00402185
302     0.01381998     0.00614349     0.00442094     0.00098421     0.00032555     0.00160685
303    -0.00368237     0.00430990     0.01239217     0.00140183     0.00030630     0.00259351
304    -0.02673285    -0.00137179    -0.01893090    -0.00166788    -0.00236915     0.00066146
305     0.02273134    -0.00658603     0.01683032     0.00069029     0.00118759    -0.00041751
306     0.00340963     0.00302393     0.00700478     0.00111571     0.00146709    -0.00042753
307    -0.00245051    -0.00035162    -0.00165423     0.00062185     0.00003234     0.00188756
308     0.00235241     0.00818096     0.00331252    -0.00035989     0.00007388    -0.00098298
309    -0.00497077    -0.01143873    -0.00264400    -0.00037377    -0.00007461    -0.00090485
310    -0.00592606    -0.01911081     0.01978251     0.00412231    -0.00416314    -0.00089913
311     0.01737463     0.01073583    -0.01255186    -0.00225585     0.00179199     0.00077162
312    -0.01034381     0.01148529    -0.00295441    -0.00163292     0.00157831     0.00019006
313     0.00186884    -0.01090510     0.01584510    -0.00404975     0.00398188    -0.00587993
314     0.00037625     0.00493383    -0.00591559     0.00163764    -0.00285216     0.00318071
315    -0.00064695     0.00541804    -0.01024254     0.00134675    -0.00136560     0.00235756
316     0.01316703     0.01965622     0.00481528    -0.00083650    -0.00097778     0.00121749
317    -0.01156144    -0.01036095    -0.00703641     0.00041176     0.00050018    -0.00052333
318    -0.00128895    -0.01138532    -0.00012199     0.00050313     0.00046295    -0.00064852
319    -0.02044388     0.01029266    -0.00941431     0.00041038     0.00322244     0.00140455
320     0.00621581    -0.00427261     0.00670389    -0.00013103    -0.00165882    -0.00095801
321     0.01806463    -0.00477892     0.00246211    -0.00002517    -0.00154672    -0.00056119
322     0.00345478    -0.01516843     0.00165477     0.00205990     0.00002983     0.00102458
323    -0.00578627     0.00186128     0.00757828    -0.00105812    -0.00001553    -0.00039722
324    -0.00391613     0.01271396    -0.00212728    -0.00106423    -0.00012822    -0.00057491
325    -0.00633781    -0.02199692     0.00322547     0.00127970    -0.00083343    -0.00293889
326     0.01550734     0.00429464    -0.00714801    -0.00072325     0.00030410     0.00178457
327    -0.00518832     0.01155128     0.00466954    -0.00057955     0.00029286     0.00119527
328     0.02530908     0.00031381     0.01331974    -0.00132163    -0.00059024     0.00192555
329    -0.01162628     0.01021828    -0.01199886     0.00081030     0.00023531    -0.00104203
330    -0.01677333    -0.00998279    -0.00619161     0.00058447     0.00027384    -0.00107830
331    -0.01094976     0.00124855     0.00431134    -0.00549628    -0.00062253    -0.00033595
332     0.00947257    -0.00006599    -0.00027203     0.00242970     0.00001612    -0.00008285
333     0.00218087    -0.00157205    -0.00735320     0.00213278     0.00042127     0.00017481
334     0.00691302     0.00218237    -0.00316677    -0.00779904    -0.00461490    -0.00029378
335    -0.00187510    -0.01341649     0.00273685     0.00538657     0.00334797     0.00093722
336    -0.01525226     0.00201021     0.00256458     0.00385688     0.00137991     0.00016157
337    -0.00107704     0.01665227    -0.00551207    -0.00276919    -0.00080676    -0.00029326
338     0.00336997    -0.01510440     0.00499822     0.00140750     0.00057999     0.00010244
339     0.00159124    -0.00203504     0.00100113     0.00112908     0.00031585     0.00010865
340     0.00573356     0.00940689    -0.00240453     0.00053523    -0.00115007     0.00099986
341    -0.00357575     0.00111270     0.01081536    -0.00028987     0.00050224    -0.00049762
342    -0.00428344    -0.00525526    -0.01196810    -0.00032868     0.00062729    -0.00048006
343     0.00924929    -0.01187017     0.00512794     0.00323458     0.00230224     0.00105909
344     0.00140473     0.00311326     0.00319488    -0.00133890    -0.00103968    -0.00065516
345    -0.00452164     0.00629512    -0.00397554    -0.00163640    -0.00086154    -0.00046316
346     0.01905366    -0.00558584    -0.02399948    -0.00023739    -0.00387591     0.00102526
347     0.00157214     0.00613643     0.01818544     0.00020526     0.00201710    -0.00025623
348    -0.01546012     0.00132693     0.00169211    -0.00015774     0.00195004    -0.00049448
349     0.00493142     0.00942512    -0.00191445    -0.00501351    -0.00065395     0.00320206
350    -0.00152246     0.00196962     0.00350145     0.00247721    -0.00014286    -0.00146369
351    -0.00925169    -0.01057786    -0.00563639     0.00235913     0.00047901    -0.00110733
352     0.00368181    -0.00298322    -0.00813913    -0.00316349     0.00083185     0.00175015
353    -0.00413632    -0.00039565     0.01822192     0.00129403    -0.00034645    -0.00089566
354     0.00446418     0.00166779    -0.00450734     0.00162230    -0.00068917    -0.00089199
355    -0.03050205     0.00051706    -0.00145700     0.01023891     0.00077001     0.00646908
356     0.01159269     0.00519425     0.00156018    -0.00391446    -0.00129113    -0.00310724
357     0.01589289    -0.00214565    -0.00197544    -0.00544767     0.00029694    -0.00506666
358     0.00604691    -0.00618796    -0.01290543    -0.00104943    -0.00690056    -0.00292207
359     0.00131699     0.00367429     0.00867991     0.00079353     0.00466946     0.00123918
360    -0.00211181    -0.00401927     0.00449105     0.00007854     0.00360606     0.00217173
361    -0.01222037    -0.00154754    -0.00986893    -0.00048097    -0.00160698     0.00047695
362     0.00117906     0.00919251     0.00425459     0.00027591     0.00093767    -0.00032148
363     0.01395471    -0.00470599     0.00695149     0.00030384     0.00078137    -0.00020068
364     0.00225359    -0.03954638     0.01909290     0.00054308    -0.00196057    -0.00010809
365    -0.00678948     0.02809344    -0.00891131    -0.00023861     0.00081537     0.00003789
366     0.00469169     0.00732927    -0.00990339    -0.00021501     0.00102081    -0.00002319
367    -0.01243104    -0.02615768     0.00035618     0.00163676    -0.00127917     0.00228816
368     0.00907599     0.02096517    -0.01112995    -0.00106433     0.00061834    -0.00124660
369    -0.00036090    -0.00072739     0.00823308    -0.00085278     0.00088632    -0.00122920
370    -0.02587679     0.01478759    -0.01033715     0.00214338    -0.00598052    -0.00600215
371     0.01985274    -0.01446291     0.01579070    -0.00054125     0.00249295     0.00351615
372     0.00217979     0.00005816    -0.00353253    -0.00224292     0.00367483     0.00376313
373    -0.00592219    -0.01460802     0.01506258    -0.00297486     0.00457052     0.00452893
374     0.00226990     0.01655985    -0.01629348     0.00146569    -0.00287911    -0.00193586
375    -0.00202377     0.00275774     0.00004490     0.00190737    -0.00277046    -0.00346419
376    -0.00695183     0.00151045    -0.01609457     0.00178092     0.00010407     0.00359369
377    -0.00945308    -0.00863875     0.00894479    -0.00119698    -0.00016989    -0.00180903
378     0.01399171     0.01261005     0.00989101    -0.00097362     0.00013130    -0.00229866
379     0.00783288    -0.04298723     0.01191822     0.00045738    -0.00160485     0.00169431
380    -0.02500542     0.02180695    -0.00460833    -0.00025401     0.00070550    -0.00069191
381     0.02197180     0.01335476    -0.00633960    -0.00010766     0.00078033    -0.00078561
382     0.01135569    -0.01109645    -0.00392394     0.00236734     0.00450964    -0.00131029
383    -0.00079252    -0.00466008    -0.00474159    -0.00083848    -0.00248080     0.00075131
384    -0.01055980     0.01431509     0.00259479    -0.00165043    -0.00244496     0.00106221
385    -0.02843495     0.01863855     0.00511292     0.00440549    -0.00197615     0.00100224
386     0.02954105    -0.01284176    -0.00992973    -0.00277855     0.00132139    -0.00095885
387     0.00170493    -0.00203900     0.00311768    -0.00172193     0.00080545    -0.00056032
388    -0.01151192    -0.00927252    -0.00127249     0.00031507    -0.00116656     0.00229875
389    -0.00158930     0.00169353    -0.00365390    -0.00019958     0.00059797    -0.00098405
390     0.01447709     0.01229024     0.00464598    -0.00026650     0.00051601    -0.00124210
391    -0.00442205     0.00635473     0.01243379    -0.00289461    -0.00308282    -0.00095991
392     0.00853058    -0.00543432    -0.00983763     0.00128410     0.00174117     0.00067190
393    -0.00134448    -0.00285174     0.00155717     0.00203197     0.00185236     0.00058295
394    -0.01096873     0.00346045    -0.00921893     0.00138720    -0.00265020     0.00251049
395     0.00890727    -0.00383591     0.00411903    -0.00064927     0.00174556    -0.00156119
396     0.00423296     0.00435888     0.00635759    -0.00045227     0.00110907    -0.00106061
397    -0.00502456     0.00734916     0.00137999     0.00860757    -0.01221722     0.00053261
398     0.00552633    -0.00623630    -0.00297786    -0.00621959     0.00660147     0.00131910
399    -0.00509818    -0.00141283    -0.00198694    -0.00319379     0.00380791     0.00011033
400     0.01589710     0.00623739    -0.02269633     0.00055866     0.00357185     0.00650752
401    -0.00783081    -0.00224038     0.01193805    -0.00002085    -0.00115003    -0.00282915
402    -0.00690555    -0.00147768     0.00443672     0.00008411    -0.00248010    -0.00456225
403     0.00520620     0.01148869    -0.00055283    -0.00174339     0.00052763     0.00168312
404     0.00214141    -0.00349206     0.00048471     0.00075531    -0.00023749    -0.00067177
405    -0.00697739    -0.00850175    -0.00506698     0.00083510    -0.00038924    -0.00090443
406    -0.00580300    -0.01821332    -0.03396908    -0.00620440    -0.00011909    -0.00323955
407     0.01396269     0.02401696     0.02005450     0.00230181     0.00028916     0.00131903
408    -0.01384220    -0.00530184     0.01060286     0.00338441     0.00010317     0.00107093
409     0.02279950     0.00451678    -0.00463374    -0.00027141     0.00116328     0.00195140
410    -0.00844133    -0.00387279    -0.00067434     0.00023119    -0.00071831    -0.00106143
411    -0.01102425    -0.00143426     0.00507820     0.00017239    -0.00046788    -0.00087840
412     0.00199625     0.02604034    -0.03372469     0.00198250     0.00019837    -0.00431819
413     0.01186661    -0.01027386    -0.00201935    -0.00087196    -0.00041157     0.00203998
414    -0.00950888    -0.01000420     0.03089460    -0.00132446    -0.00008144     0.00296049
415    -0.02638269    -0.02774027    -0.02011495    -0.00033891    -0.00089765     0.00203445
416     0.01479529     0.00383061     0.00177603     0.00007236     0.00051929    -0.00109074
417     0.01189780     0.02000918     0.01678726     0.00023011     0.00053479    -0.00096594
