 Number of water molecules:
         139

 Atomic and electronic energies:
    -2.21034087    -0.10185115

 Atomic coordinates:
  1     8.82515313     6.16868431    11.11215438
  2    10.02249802     7.58736108    11.42813590
  3     8.74903642     6.21046939     9.16415720
  4    -4.97423845    10.63962676     7.49564004
  5    -3.87685421     9.11460458     7.92914986
  6    -4.98042243    10.54230398     5.53596241
  7     2.98633635     7.33639679    11.75838108
  8     3.88562869     6.88965139    13.37118700
  9     3.45699897     5.90216800    10.54143285
 10    -9.25949598     8.34994043    -7.79266673
 11   -10.19906193     6.78606358    -8.30406829
 12    -7.70534206     8.32265847    -8.86630405
 13    -6.46895312   -11.83006049    -7.74807103
 14    -6.27545647   -10.62459580    -9.24633563
 15    -8.35501228   -11.85477652    -7.32400995
 16   -12.67643632     2.19399966     6.73588956
 17   -12.49554976     4.02778768     7.32419145
 18   -11.70819151     1.89005291     5.14247993
 19     4.91055464     8.92867332   -16.17177369
 20     4.35839037     8.78460299   -14.32825707
 21     5.34821879    10.71261140   -16.46663306
 22     5.21062378     8.04685888    -6.56404518
 23     6.23312093     6.49326806    -6.01358389
 24     4.19350377     8.51642350    -5.00109561
 25     3.51309676    -6.87811825   -12.85268354
 26     2.28397945    -5.50246898   -12.26509988
 27     2.56643804    -8.57500421   -12.90396119
 28    -2.68890274     5.91426757     0.97736843
 29    -2.57377370     6.26193620    -0.93958695
 30    -3.75815503     4.26008803     1.26930459
 31     5.05010447    -0.72305031    11.25313759
 32     6.08492648    -1.83874957    10.12062636
 33     4.71765793     0.90725804    10.17444299
 34     2.94263047    10.24264365    -2.11265880
 35     3.36701707     9.34997167    -0.40708551
 36     4.30490624    11.59547468    -2.25138193
 37    -7.14547869     2.32124708    16.66010857
 38    -5.98407625     1.01628352    17.41345387
 39    -7.56916649     1.67638761    14.95117801
 40    11.83222114    -6.24327408     9.02650944
 41    10.49698523    -4.94270072     8.55516922
 42    13.33866583    -5.24120522     9.76608350
 43   -14.44488491    -5.37110279     9.35756674
 44   -16.20994751    -4.65477658     9.79349047
 45   -13.22941214    -4.00235974     9.87564939
 46     9.00388090   -13.26282675     4.81236205
 47     7.40455798   -13.25266636     3.84132959
 48     9.68522709   -15.01559809     4.74938585
 49     3.19523060     1.31453506    -7.94493195
 50     4.78650635     2.21024898    -7.16836745
 51     1.74537226     2.17146881    -6.90284662
 52     1.71471352     2.52548921     1.01455206
 53     1.14774347     1.62063468    -0.61813273
 54     0.74895837     4.13733064     1.04709035
 55    -1.25945331    -3.02636722    -3.84599260
 56     0.74671713    -2.97326166    -3.70716898
 57    -1.73845772    -1.55074032    -5.00439231
 58     0.49177950     1.22757314     5.70376261
 59     0.73088712     1.87938356     3.87096322
 60     0.00409921    -0.59187336     5.63864073
 61    -3.41887699    -3.27262467     0.79823729
 62    -3.95161695    -1.46463827     1.04283880
 63    -2.82689590    -3.26260195    -1.05836294
 64    -0.61059890    13.92962071     5.71256202
 65    -0.24698646    12.27484484     4.71962489
 66     0.24394450    13.68031409     7.42052105
 67     0.76990536   -13.01653812    -8.49803626
 68    -0.43863435   -12.33866303    -7.18334076
 69     2.38816666   -13.31774533    -7.46565196
 70    -2.60957726    15.73653661    -3.81552760
 71    -2.75760140    16.88400984    -2.26187245
 72    -3.58688838    14.20607067    -3.28895809
 73    -5.93966621    -1.05773781     6.52373585
 74    -6.54919740    -0.53165543     8.33745606
 75    -4.33941213    -2.11687663     6.74753873
 76    -3.16331437     5.61040217    18.01595588
 77    -3.67770649     6.62439359    19.51541794
 78    -4.62506890     4.52172030    17.33154711
 79   -15.00948890    -0.71869372     0.20655394
 80   -15.54692462    -1.50588350     1.92008689
 81   -15.10478064    -2.24530412    -0.97303332
 82    -5.73047679     2.70997825   -10.77641448
 83    -7.55571101     2.61566052   -10.33368512
 84    -5.42879879     4.59078263   -10.84174824
 85    11.09787039   -10.36855057    11.72007344
 86    12.86338650   -11.02088481    12.12679939
 87    11.31188651    -8.67012535    10.72970532
 88   -12.31021539    -4.58711279   -12.12458870
 89   -12.18824551    -5.89943707   -13.48153572
 90   -11.67200872    -5.34901453   -10.43152222
 91    11.50359368    12.17892016     4.75772198
 92     9.85635866    12.28469776     5.82195102
 93    12.61109280    13.73481088     5.06989555
 94   -11.29427187   -10.69158856    -5.35758150
 95   -11.26580329    -8.96046817    -6.14084345
 96   -10.71898719   -10.46340337    -3.50350868
 97    13.48180367     5.12801936    -6.00363297
 98    12.95950751     3.24774380    -5.92628454
 99    12.95085047     5.69107428    -7.67135071
100    -5.89375475    -6.95142663     3.64903299
101    -7.69986003    -6.46320093     4.21333906
102    -5.37010325    -5.33981994     2.59973447
103    -5.73485949    -7.50223334   -10.96439162
104    -4.73417849    -7.43606863   -12.63026192
105    -4.38816506    -6.77143366    -9.82838403
106     8.18528487    -6.57616579     1.10461161
107     9.75776084    -7.14380542     2.20624153
108     6.67962794    -6.63785624     2.33889368
109    13.97919830    -0.77751941     5.46596646
110    12.16608260    -0.47197479     5.17737472
111    14.86445411     0.88491329     5.28038071
112    -2.13451290    -7.85549609   -14.77718096
113    -1.08570093    -6.66607402   -15.85351024
114    -1.11153776    -9.45695297   -14.36902091
115     1.14703786   -11.55694565   -13.35259919
116     2.13769276   -12.99067588   -14.09210530
117     0.69303764   -12.11318094   -11.56784518
118    -1.46853202     6.73454092     8.79888640
119    -0.07605225     7.41109725     9.95338556
120    -1.82377945     4.95221144     9.50124191
121     3.23397818     7.69301257   -11.37588199
122     3.84085782     7.67195371    -9.58440667
123     2.88651512     5.79954208   -11.87065365
124   -15.20809683     4.06669661    -2.52066218
125   -14.55980426     5.25897911    -1.13648376
126   -16.03047243     2.61088995    -1.65328296
127    -3.79583653     0.58449914    -6.64391608
128    -2.61109785     1.81317045    -5.78755768
129    -4.43043116     1.43909938    -8.29183320
130    -1.70845417   -11.65575339     9.33384672
131    -3.19156921   -10.53220796     9.57524733
132    -1.59754185   -12.90086452    10.77448615
133     8.28894267     5.47363384     5.63599033
134     7.24420779     6.61938178     4.48395538
135    10.17586344     5.69905132     5.01914768
136    10.72064210    -7.89817312    -3.67252751
137     9.91409506    -9.64514343    -4.13171863
138    10.15172519    -7.37330581    -1.90563945
139     6.44100242    -1.82540564     0.16188222
140     5.09249139    -1.63702285    -1.25446804
141     6.92472317    -3.69213506     0.19397144
142    17.21189570     0.07845781    -3.57250490
143    15.99048570     0.81983964    -4.81804601
144    16.58707623    -1.68266114    -3.21296935
145    -0.15147276    -6.38896421     2.93097942
146    -1.27688194    -5.07015879     2.01190429
147    -0.64154228    -8.03717160     2.10286708
148   -10.46824654    10.79471771    -3.23771655
149   -11.33729486    12.36941130    -3.86516607
150   -10.06794223     9.63730650    -4.70524460
151    15.35125589    -4.76395355    -2.99594692
152    14.34467026    -6.09037392    -3.91335496
153    14.70131420    -4.72342008    -1.16068476
154   -10.16006983    10.83915897     1.84757874
155   -10.35465388    10.76650835    -0.08431320
156    -8.28010145    10.37437897     2.22250899
157    11.48972758    -8.63812944     4.44331727
158    11.98487480    -8.00908569     6.24830820
159    10.57007989   -10.26611704     4.65727445
160     7.19081609     3.55996902    -4.93260289
161     8.97804064     2.86948561    -5.16385998
162     6.98977737     3.63377001    -2.97690401
163    15.51680817    -2.68960262    10.10378105
164    16.13675213    -1.21765769    11.09156374
165    15.05680840    -1.98916307     8.34171675
166    12.61114654     7.17832244     3.95763989
167    12.29379134     8.94924206     4.50598939
168    12.81445739     7.35002439     2.01529567
169    -5.66187221     1.68223345     2.12738737
170    -5.47908586     0.97547504     3.91496399
171    -7.59452991     1.70515297     1.90201376
172    13.97781490    -4.41788100     1.80202777
173    14.50923779    -3.11159504     3.10238774
174    13.34717240    -5.87647917     2.88821596
175   -14.24166422    -5.26307092    -2.07737616
176   -14.67234798    -6.92858031    -1.26504827
177   -12.28553812    -5.28068112    -2.19629029
178    -9.04662859    -5.10608702    -1.18121130
179    -9.09754258    -4.20729394     0.56127589
180    -8.40234759    -3.88754779    -2.46750423
181     0.89142673    -4.70098002   -17.41641863
182     1.72537860    -3.10831189   -18.05295616
183     2.28157127    -5.78811145   -16.70960754
184    -1.34492270    -3.47618890     7.04398397
185    -1.03289122    -4.60322990     5.51962034
186    -0.27318955    -4.17553060     8.41662630
187     8.82226226     0.47193171     4.10312562
188     8.45868885     2.32302406     4.41651185
189     7.83309490    -0.18121668     2.57866969
190     4.65847943    13.97932407     2.30096375
191     5.23213529    14.09734184     0.51511138
192     3.53053230    15.51366773     2.42976570
193     5.35456676     8.84546394     2.54255053
194     3.77063753     8.55269576     3.50593367
195     5.57625687    10.81511559     2.39184561
196    17.81743058     3.67603881    -0.06157098
197    17.60832249     2.21083055    -1.32615105
198    19.50634590     4.36106337    -0.50417845
199    -5.63706261   -11.38577186     1.21504648
200    -3.84302690   -11.84572836     0.72240565
201    -5.46613271    -9.72001519     2.31473742
202    13.43401445     6.72723650    -1.00073864
203    14.97215708     5.60802288    -0.46429369
204    13.38078243     6.30191609    -2.89521288
205   -10.10846040    -3.48902616     3.80247562
206   -11.93489405    -3.80394642     4.27691567
207    -9.43566751    -2.33156621     5.15028848
208    -0.26547919   -14.32516907     5.10593595
209    -0.98035322   -13.51775812     6.67024199
210     1.47351878   -13.63690697     4.82411099
211     7.37689568   -12.00126430    -5.05677185
212     6.77425207   -13.77197385    -4.97523549
213     6.89691668   -11.33476680    -6.79603022
214     6.93749437    -3.41504975   -13.93251260
215     5.94427654    -5.05670910   -14.05455250
216     5.87702877    -2.17036580   -14.93543071
217     0.51651045     2.33774846    15.98890627
218    -0.64365050     3.64635667    16.81000048
219     2.10664128     3.21123341    15.44979167
220    11.64410860     0.43946117    -6.10706376
221    11.67189296    -1.02995547    -7.37640556
222    11.62017916    -0.19676027    -4.27855539
223    -1.77823758     8.43792353    -3.55174598
224    -1.42054563     7.09529039    -4.92433118
225    -0.20633286     9.40527266    -3.22119770
226    -9.91651738    11.82589859     6.94353846
227   -10.10040173    11.58001006     4.92604968
228    -8.01949629    11.45262055     7.22438991
229     6.19704821    -9.07969970    -8.98594694
230     5.04938060    -8.28675195   -10.34908056
231     6.87507585    -7.51407771    -8.15717152
232    -0.24482416    14.59615448    -8.12870498
233    -0.47325763    15.98303124    -9.48842540
234    -1.25244955    15.24116252    -6.61951834
235    -1.84267817   -18.62648903     2.05054143
236    -3.53263655   -18.13784820     1.22458721
237    -1.51245628   -17.24156116     3.33792120
238    -6.12255679     0.11152518    11.68970828
239    -5.46032681    -1.57614339    12.22781085
240    -4.59732583     1.16449413    11.58177587
241    -5.43175699    -7.91181740     9.61120594
242    -5.01248886    -8.20674548     7.78174607
243    -7.38597284    -8.21475663     9.66270294
244    -1.77388629    -0.19177158   -13.01792140
245    -3.23836791     0.66436613   -12.03000311
246    -2.67758604    -0.78937614   -14.64609912
247    -5.49502223    11.67233834    -2.32513595
248    -4.13396843    10.43682686    -2.96088147
249    -7.09076582    11.28389665    -3.27765537
250     7.07097715    12.17215178     7.06081562
251     6.20548915    13.09893134     5.63861210
252     6.04464476    12.51858641     8.59177325
253   -15.20390733    -9.14581341     1.68004232
254   -16.04997549   -10.54184199     2.49968628
255   -13.54334562    -9.77765060     0.95207149
256     1.03961810   -15.55279116    -1.49504430
257     0.32559490   -13.77195367    -1.29916856
258    -0.19840791   -16.70151141    -0.60410507
259    10.52694035    -2.86439332   -10.33185366
260    12.03156264    -3.64380723   -11.16907636
261     9.09437396    -2.61405242   -11.55668936
262    -4.03927369    18.54368125     0.69030156
263    -4.54587100    17.62374227     2.27361168
264    -5.60545110    18.95327489    -0.17696437
265    -3.46845892    -1.09823791    17.24659058
266    -3.67749702    -2.49503151    16.02771651
267    -1.82632646    -0.12261830    16.76197684
268    -1.11731083    10.13444616   -10.62099648
269     0.53224813     9.28338523   -11.19828784
270    -0.74912575    11.60207963    -9.43055179
271     6.74726491    13.46771198    -2.63678703
272     6.67014383    13.68167876    -4.54882813
273     8.39004003    12.53812396    -2.30126421
274     2.50431768     2.80034432   -12.90641423
275     0.89762969     1.78152607   -13.31125735
276     3.03084658     2.21673424   -11.13369843
277   -15.63635441    -4.37954481     3.98189610
278   -15.41372844    -5.16993015     5.74112497
279   -15.59806689    -5.83672705     2.76024112
280     4.61887290    -9.53534302    -1.32221107
281     5.36984063   -10.47860054    -2.83959715
282     6.02759240    -8.51908852    -0.57273282
283     4.67288145   -13.44205455     2.10851909
284     4.58173758   -12.04958983     0.78654905
285     3.39890474   -14.70597594     1.43233963
286   -12.86691695     0.14957687   -13.70556861
287   -14.72448632    -0.00230049   -14.20761030
288   -12.28430209    -1.65381511   -13.11007007
289    -5.57672906    15.99635535     4.77589584
290    -4.02528079    14.94192746     5.46782580
291    -7.11104697    15.67625586     5.81379832
292     2.34098115    12.50010736    10.57575425
293     2.52136370    10.77450704    11.28544137
294     0.73632321    13.27083747    11.40411904
295    -2.41125547   -10.48901095    -5.08936554
296    -3.95882439   -11.30484522    -6.01265032
297    -2.06717579    -8.89939498    -6.15098199
298    -1.41696396     1.92060483    10.80633923
299    -0.21796483     1.87473895    12.31055509
300    -0.54633215     1.17957033     9.28515436
301    -6.80794294     0.44618710   -15.31633737
302    -8.57877646     0.44489817   -15.93341840
303    -6.72366044     1.08959640   -13.49981243
304   -10.05837000    -9.80868974    -0.38138407
305    -8.39385552   -10.68186302     0.14201367
306    -9.40956137    -7.97653231    -0.69619928
307     5.50812681     3.56694656    14.16890504
308     5.44921425     1.73925059    13.77694900
309     6.87960404     4.30666149    13.05370119
310     7.71708687    -4.78147709    -6.53633944
311     8.62036986    -4.06784322    -8.12205689
312     9.13264755    -5.51711927    -5.53505087
313    -5.42901220     7.51818643   -11.67535461
314    -3.82377504     8.52404407   -11.53619124
315    -5.91864865     7.60350249   -13.54821869
316   -10.51456026    -8.71624476     9.12333701
317   -11.19046747   -10.09764418    10.20626119
318   -11.78746288    -7.22488870     9.24781547
319     1.02314097    17.65770981     2.76219150
320     0.29156111    16.63117439     4.14538415
321    -0.36627113    18.20035793     1.66419552
322    16.05472025     3.70476731     4.78008382
323    16.51286545     3.56243366     2.89925265
324    14.88787053     5.24713286     4.85269372
325     4.32878576    -1.06830458   -18.65255654
326     4.84975554     0.69276453   -18.03427777
327     5.11330875    -1.15944401   -20.40187043
328   -10.95873048    -1.53788752    10.24374282
329   -11.72866480     0.00316974     9.27746515
330    -9.33666714    -0.84876526    10.98677189
331   -12.72635144     0.79509549    -5.40193065
332   -13.51256642     2.20667435    -4.31245731
333   -14.16492519    -0.47833817    -5.83105320
334    -8.04851999    -2.10074187    -4.99093765
335    -6.38400741    -1.16389395    -5.44158344
336    -9.55063600    -0.98348030    -5.27446716
337   -16.43749411    -2.63629725    -5.87097897
338   -15.75953668    -3.62951411    -4.33774783
339   -17.09025921    -3.83544208    -7.22742599
340     6.53600287   -12.61939409     9.60270266
341     7.99209567   -12.08529417    10.72654939
342     7.50411904   -13.13978782     7.88298961
343    10.77979624    11.24796413    -0.74604333
344    10.95554984    11.82812655     1.05272678
345    11.71727417     9.57198224    -1.03403148
346    -0.36777715   -10.58866419    -0.58733570
347    -1.27881071   -10.51613179    -2.36257151
348     1.36435489    -9.83421520    -1.03186279
349   -10.71628729     2.04206468     1.88293666
350   -11.32443377     3.85666919     1.87548774
351   -12.05495476     0.98553030     1.02487722
352   -13.56888795     6.75786434     1.93645869
353   -13.63203439     6.89262879     3.81884587
354   -12.49244771     8.31695310     1.40698415
355     6.32095894     4.19504826     0.20509619
356     6.07022192     5.97941094     0.81581378
357     4.67583859     3.31269112     0.40166989
358    -1.79664747    -6.20554943    -7.82319754
359    -2.24261135    -5.01428438    -6.34691389
360    -0.38382257    -5.24681188    -8.70366033
361    -6.41613204   -16.33006863     1.23487111
362    -6.30577796   -14.41009365     1.31888661
363    -8.27107819   -16.69976638     1.20419818
364     4.39752293   -16.41770840    -5.51917770
365     4.41375008   -18.14194549    -6.35270246
366     3.18292054   -16.45235716    -3.95260645
367     7.98879764    -3.29680502     7.42554000
368     8.67741604    -1.88316998     6.35587915
369     6.60779706    -4.29454100     6.50979892
370     1.07988826    -2.87649505   -10.19033432
371     0.09743786    -1.83678550   -11.48336768
372     2.03990924    -1.52645391    -9.17375921
373    -5.11876692    10.01489439     2.61138824
374    -5.07702998    10.94398007     0.88363428
375    -4.55594151     8.19511215     2.20243902
376     3.98105767     3.44257863     8.51449651
377     5.52211575     4.03703174     7.45108261
378     2.58771073     2.80477834     7.34571451
379     3.12778169    -9.10262286     8.95703768
380     4.45050129   -10.46260462     9.14100211
381     1.48259509    -9.99983985     8.87181568
382     4.74555299    13.11820982    -7.38112804
383     2.88699511    13.38862142    -7.62525665
384     5.08772874    11.24095389    -7.44394832
385    11.35010106    -0.87365553    -1.30138438
386     9.52725412    -1.16432378    -0.62982278
387    12.51237797    -1.76633105    -0.13876106
388     1.42067075    -4.75692234    11.44112170
389     2.14556443    -6.38759328    10.69882060
390     2.98491010    -3.77517388    11.81158914
391    -9.81516843    -6.18070069    -7.79654410
392    -8.29866195    -6.63271323    -8.90657243
393    -9.42291446    -4.77543715    -6.63371119
394     4.58530823    -6.62536174     4.61294023
395     2.87420561    -6.37514088     3.86935037
396     4.33301412    -7.53430696     6.29173328
397     3.70947088    -2.69884573    -4.27123326
398     3.57561399    -1.11164346    -5.30974135
399     5.10345851    -3.76468378    -5.16920547
400     0.60250678     8.26889343     4.49285818
401    -0.18599918     7.66936522     6.12907865
402    -0.47099408     7.71336062     3.05291507
403   -12.85672596     7.41070573     7.69243454
404   -14.03706445     7.79770819     9.05892491
405   -11.70238900     8.99843180     7.61080680
406   -10.68156341     2.93550658    -9.87874288
407   -11.69541797     2.18998070   -11.36824511
408   -11.35069946     2.33647272    -8.23681349
409    -2.86139322    12.48666858    11.76887355
410    -3.73787408    12.00411899    10.00422557
411    -3.59538236    11.39132176    13.08862919
412     5.23057060     3.69349630   -17.16804327
413     5.20628186     5.64888479   -17.40585624
414     4.34348065     3.37201496   -15.54496117
415    -3.76073285    -4.26650336    13.04607719
416    -1.86353484    -4.39154571    12.72712659
417    -4.54609517    -5.39002312    11.67107797

 Atomic and electronic forces:
  1     0.00327437     0.00400510    -0.03445046     0.00119859     0.00040416     0.00208061
  2     0.00482001     0.00528760     0.01528059    -0.00056709    -0.00024728    -0.00088666
  3    -0.00836684    -0.01165897     0.01655181    -0.00079408    -0.00027411    -0.00121708
  4     0.00659161    -0.01234395    -0.01401397    -0.00114928     0.00181765     0.00291671
  5    -0.00058602     0.00056905     0.00962420     0.00051018    -0.00083506    -0.00173746
  6    -0.00273552     0.00744938     0.00921466     0.00080470    -0.00125879    -0.00171355
  7    -0.01156399     0.00626872    -0.01310303     0.00051516     0.00068409     0.00264499
  8     0.00445034    -0.00424011     0.00535936    -0.00025339    -0.00023400    -0.00111375
  9    -0.00000149     0.00321208     0.00389687    -0.00038135    -0.00029182    -0.00157830
 10    -0.00114719    -0.00105223     0.01264338    -0.00576651     0.00325685    -0.00202927
 11    -0.00876984    -0.00560778    -0.00199651     0.00291166    -0.00101507     0.00108394
 12     0.01029672     0.00478608    -0.01054422     0.00307914    -0.00208467     0.00174257
 13    -0.00824755     0.00834679    -0.00768894    -0.00110857    -0.00264606    -0.00057189
 14    -0.00176932    -0.00538997     0.00587424     0.00062221     0.00141060     0.00048183
 15     0.00867618    -0.00096930     0.00168627     0.00063350     0.00116808     0.00021911
 16    -0.00266029    -0.00031942     0.02780506    -0.00213032    -0.00017167     0.00192602
 17    -0.00126800    -0.00608041    -0.01097693     0.00100637    -0.00006888    -0.00097294
 18     0.00457387     0.00575783    -0.01254711     0.00137239     0.00015699    -0.00115499
 19    -0.00596707    -0.01808901     0.00810508     0.00157771     0.00173552    -0.00352999
 20     0.00109671    -0.00232946    -0.00478468    -0.00107574    -0.00128957     0.00225589
 21     0.00491141     0.01777992    -0.00428679    -0.00066986    -0.00089495     0.00141747
 22    -0.00905642    -0.01465230     0.00848281     0.01004705     0.00892273    -0.00351152
 23     0.00211636     0.00545627    -0.00451821    -0.00609650    -0.00311401     0.00132911
 24     0.00435173     0.00767375    -0.00099112    -0.00488747    -0.00593839     0.00039440
 25    -0.01129619    -0.00728582    -0.00035849     0.00117255    -0.00325162    -0.00266781
 26     0.00338170    -0.00894173     0.00122506    -0.00057953     0.00209805     0.00184664
 27     0.00025811     0.00861615    -0.00142212    -0.00034459     0.00150643     0.00106622
 28    -0.00661896    -0.03145726    -0.01303292    -0.00618944     0.00729514     0.01396123
 29    -0.00704741     0.00090715     0.01995187     0.00448473    -0.00626501    -0.00708664
 30     0.01223245     0.02562602    -0.00483238     0.00390491    -0.00135255    -0.00646816
 31    -0.00936369     0.02371812    -0.01549080     0.00086054    -0.00063237     0.00259292
 32     0.01022068    -0.00621336    -0.00489089    -0.00055404     0.00043858    -0.00129319
 33     0.00250460    -0.02133321     0.01849842    -0.00052430     0.00023572    -0.00157143
 34    -0.00019131    -0.03550606     0.02663159     0.00447052     0.01041373     0.00362563
 35    -0.00565392     0.01816870    -0.02495581    -0.00241926    -0.00433192    -0.00285831
 36     0.00296557     0.01024885    -0.00594532    -0.00188225    -0.00356757    -0.00099469
 37    -0.00369957     0.01919938     0.00969125    -0.00051147    -0.00006162     0.00155894
 38     0.00905356    -0.01116672     0.00457974     0.00020048     0.00007412    -0.00075911
 39    -0.00331235    -0.00478065    -0.01523469     0.00033193     0.00006670    -0.00087649
 40     0.02029279     0.00118764     0.00571456     0.00115799    -0.00090591     0.00130393
 41    -0.00507943     0.00258839     0.00056987    -0.00066816     0.00050606    -0.00081681
 42    -0.01122229    -0.00202699    -0.00677127    -0.00056678     0.00035190    -0.00059826
 43    -0.03579279     0.00514119     0.00013778    -0.00114688    -0.00069034     0.00111500
 44     0.02502865    -0.01260648    -0.00516747     0.00054838     0.00026936    -0.00048971
 45     0.01367687     0.01299463     0.00386629     0.00060143     0.00033228    -0.00066322
 46     0.02370444     0.00970934     0.02484965     0.00080864    -0.00145108     0.00081943
 47    -0.02926846    -0.00154167    -0.01958666    -0.00039189     0.00085210    -0.00043064
 48     0.00354586    -0.00867786    -0.00270620    -0.00034634     0.00064026    -0.00032460
 49    -0.01134688     0.04351368     0.05404324     0.01648332    -0.00946124    -0.01649619
 50    -0.01037905    -0.01813215    -0.01770407    -0.00860239     0.00179267     0.00460291
 51     0.02728681    -0.02031327    -0.03033793    -0.00830338     0.00459364     0.00983720
 52    -0.01139600    -0.02261433    -0.03937867     0.00683031    -0.00165802     0.01989749
 53     0.00992182     0.00648928     0.02839124    -0.00372360     0.00385804    -0.01112447
 54    -0.01124235     0.01731311     0.00694307    -0.00156370    -0.00181270    -0.00947354
 55     0.03700470     0.02275995     0.00234874    -0.00362306    -0.01807639     0.00143277
 56    -0.03836862    -0.01114883    -0.00515643    -0.00109532     0.00878440    -0.00091569
 57    -0.00578790    -0.01487652     0.00373301     0.00380617     0.01050647     0.00127770
 58     0.00546254     0.02833320    -0.01323907     0.00049131    -0.00130618     0.00731480
 59     0.00124669    -0.01480470     0.01853270    -0.00059934     0.00073497    -0.00536474
 60    -0.00670393    -0.01694199     0.00059687    -0.00005855     0.00119011    -0.00329748
 61     0.00640247     0.00938266    -0.01926055    -0.00374228    -0.00732316     0.00579792
 62    -0.00988746     0.00659720     0.01163883     0.00280893     0.00340472    -0.00397911
 63    -0.00112944    -0.01201513     0.00707129     0.00225204     0.00534623    -0.00266510
 64     0.00558883    -0.03176577    -0.00499295    -0.00010077     0.00264572     0.00251882
 65    -0.00427362     0.02450648     0.01569515     0.00001097    -0.00168782    -0.00171097
 66    -0.00139333     0.00162531    -0.00388205    -0.00004417    -0.00106043    -0.00120435
 67     0.02159315     0.00156010     0.01659123     0.00015572    -0.00280690    -0.00069329
 68    -0.00900106     0.00097180    -0.00097669     0.00003235     0.00161010     0.00028037
 69    -0.01254592    -0.00462196    -0.01570008    -0.00020965     0.00137662     0.00024875
 70     0.00141581     0.01887762     0.01255948    -0.00090756     0.00482529     0.00033314
 71     0.00491054    -0.00088093    -0.01067936     0.00036309    -0.00197814    -0.00034506
 72    -0.00990090    -0.01423481     0.00137436     0.00086095    -0.00286180    -0.00036349
 73    -0.01327230     0.01273256     0.02603980    -0.00206947    -0.00150909     0.00394892
 74     0.01810798    -0.01152869    -0.03039016     0.00080433     0.00046521    -0.00162143
 75    -0.00141297     0.00144939     0.00517946     0.00076366     0.00096058    -0.00205039
 76     0.00431780    -0.01343264    -0.01916495    -0.00020276     0.00016816     0.00154023
 77    -0.00947506    -0.00132543     0.00352831     0.00009642    -0.00009614    -0.00066613
 78     0.00408008     0.01228263     0.01369170     0.00016257    -0.00005033    -0.00080229
 79    -0.00881940    -0.01250337     0.01891840    -0.00292245    -0.00078780     0.00093177
 80     0.00645034     0.01038112    -0.01524692     0.00121282     0.00037635    -0.00050840
 81     0.00519912     0.00561737     0.00078129     0.00141420     0.00052456    -0.00033495
 82     0.03108874    -0.02220106     0.00552397    -0.00770501    -0.00108219    -0.00846919
 83    -0.03524702    -0.00353039     0.00549152     0.00359416     0.00040996     0.00280067
 84     0.00407966     0.01960390    -0.00965445     0.00374727    -0.00082431     0.00441638
 85     0.01229619     0.00629716    -0.00864231     0.00067121    -0.00080602     0.00096567
 86    -0.01505799     0.00813280    -0.00334905    -0.00032373     0.00035234    -0.00041282
 87    -0.00150989    -0.02038360     0.01216512    -0.00041584     0.00042831    -0.00055120
 88     0.00524304    -0.00065896     0.01927736    -0.00226274    -0.00147744    -0.00141420
 89     0.00264852    -0.00670175     0.00203461     0.00090559     0.00069540     0.00067370
 90    -0.00509500     0.00590346    -0.02067983     0.00124849     0.00094253     0.00064109
 91     0.00622554     0.00843652    -0.00006872     0.00179045     0.00138323     0.00142615
 92     0.01376966     0.00245741    -0.00591238    -0.00082394    -0.00075016    -0.00085123
 93    -0.01749706    -0.01390017     0.00217954    -0.00074116    -0.00061274    -0.00055752
 94     0.00721759    -0.00270309     0.01849149    -0.00158905    -0.00199392    -0.00012477
 95     0.00208977     0.00635993    -0.00497985     0.00099181     0.00109439     0.00014788
 96    -0.00751728    -0.00473061    -0.01590861     0.00082831     0.00107723    -0.00007589
 97     0.00150256    -0.02456409     0.03118352     0.00414041     0.00058912    -0.00043718
 98     0.00300638     0.01191088    -0.00104388    -0.00232330    -0.00001256     0.00024415
 99    -0.00616541     0.01446547    -0.02943168    -0.00207267    -0.00039350     0.00048779
100    -0.01563872     0.04091181    -0.01207564    -0.00162988    -0.00288002     0.00229039
101     0.01737443    -0.00840764    -0.00278776     0.00091067     0.00116819    -0.00104554
102     0.00035891    -0.03369195     0.01769881     0.00116603     0.00190498    -0.00156198
103     0.01229712     0.00698484    -0.01185532    -0.00173953    -0.00336029    -0.00200197
104    -0.01336423    -0.00971489    -0.00305156     0.00065436     0.00153141     0.00115298
105     0.00246603    -0.00089939     0.01734798     0.00096784     0.00228543     0.00120524
106     0.02557174    -0.01111067     0.01141247     0.00248148    -0.00289362     0.00165120
107    -0.03133183     0.00733545    -0.01622200    -0.00103198     0.00107129    -0.00069376
108     0.00586576    -0.00066855     0.00502443    -0.00107886     0.00154427    -0.00106980
109     0.01552508    -0.03367049     0.01064884     0.00206086    -0.00057004     0.00145148
110    -0.02818010     0.00999433    -0.00670736    -0.00121047     0.00035297    -0.00094906
111     0.01102743     0.02301154    -0.00213410    -0.00103915     0.00015585    -0.00067643
112    -0.00759665    -0.00944068     0.01336476    -0.00045380    -0.00255162    -0.00233939
113     0.00221021    -0.00040279    -0.00532947     0.00011050     0.00118663     0.00134358
114    -0.00192125     0.01175269    -0.00695733     0.00009413     0.00124432     0.00096023
115     0.00025983     0.00918732    -0.00534977     0.00020342    -0.00233272    -0.00139039
116     0.00135162    -0.00375861    -0.00196827    -0.00013665     0.00097058     0.00057176
117    -0.00001063    -0.00415118     0.00928919    -0.00007011     0.00129521     0.00059512
118    -0.00235531    -0.00478445     0.00807277    -0.00038755     0.00110212     0.00405034
119    -0.00131293    -0.00158639    -0.00035780    -0.00001343    -0.00050959    -0.00171796
120     0.00179638     0.00850619    -0.00415248     0.00023101    -0.00026123    -0.00198627
121    -0.01601749    -0.03443856    -0.02131395     0.00420832     0.00531802    -0.00800220
122     0.01266075     0.00335604     0.01492576    -0.00340849    -0.00366653     0.00403171
123     0.00828080     0.03208110     0.00126585    -0.00222853    -0.00175321     0.00506533
124     0.01488547     0.02185162     0.00202998    -0.00351770     0.00018487     0.00047668
125    -0.00896814    -0.00802636    -0.00539936     0.00178800    -0.00025000    -0.00042757
126    -0.00572217    -0.01197326     0.01023705     0.00155679     0.00006566    -0.00028427
127     0.01182025     0.01266265    -0.00047312    -0.01856143    -0.01421190    -0.01045510
128    -0.01324166    -0.00134490    -0.00720761     0.01078202     0.00661956     0.00523262
129     0.00082470    -0.00861975     0.01154955     0.00669553     0.00322403     0.00564348
130     0.02483509    -0.01772537    -0.00629259    -0.00015070    -0.00144185     0.00134106
131    -0.01697966     0.01313758     0.01010742     0.00015829     0.00071586    -0.00073302
132    -0.00439196     0.00565064    -0.00046947     0.00005362     0.00060056    -0.00056935
133     0.01590350    -0.00182485    -0.00775794     0.00283182     0.00078600     0.00339533
134     0.00630792     0.00184676     0.00413794    -0.00167415    -0.00078762    -0.00203147
135    -0.03041927     0.00302859     0.00924944    -0.00144291    -0.00035795    -0.00132940
136    -0.01075800    -0.01836279    -0.00403138     0.00235105    -0.00239646     0.00017219
137     0.01009983     0.02775661     0.01202222    -0.00094693     0.00120822    -0.00003163
138    -0.00037822    -0.00897097    -0.00717359    -0.00125602     0.00128546    -0.00031129
139    -0.01811911     0.00749410    -0.02154915     0.00631653    -0.00468924     0.00440363
140     0.02131746    -0.01081952     0.01857732    -0.00436763     0.00394894    -0.00262386
141     0.00039037    -0.00078108     0.00260199    -0.00224363     0.00215753    -0.00146503
142     0.00030560     0.01543643     0.00073391     0.00255978    -0.00045540     0.00014016
143     0.00044579    -0.00070230    -0.00273083    -0.00151471     0.00022057     0.00002711
144    -0.00045262    -0.01644732     0.00076461    -0.00127931     0.00037038    -0.00009936
145    -0.00830721     0.01729872    -0.00764663    -0.00001694    -0.00441510     0.00338442
146     0.00572103    -0.01070619     0.00782774     0.00041278     0.00288896    -0.00223595
147     0.00205766    -0.00913054    -0.00184881     0.00009804     0.00209126    -0.00121102
148     0.00204800     0.00187502     0.01074765    -0.00395040     0.00295389     0.00054053
149    -0.00066579    -0.00549718    -0.00549943     0.00151893    -0.00125992    -0.00010526
150    -0.00639699     0.00047453    -0.01340535     0.00249050    -0.00163782     0.00001905
151    -0.00146360     0.00669738     0.00144646     0.00235959    -0.00120670     0.00022862
152    -0.00332063    -0.00367734     0.00290827    -0.00116027     0.00074129    -0.00004640
153     0.00648432    -0.00359476    -0.00681137    -0.00120325     0.00063820    -0.00026968
154     0.02270390    -0.01502563     0.00412754    -0.00287509     0.00223584     0.00187761
155     0.00297972     0.00574367     0.00390785     0.00170992    -0.00129188    -0.00076995
156    -0.02333933     0.00948230    -0.00787346     0.00157001    -0.00142269    -0.00134188
157     0.02058307     0.03707324     0.01457883     0.00142217    -0.00143962     0.00108850
158    -0.01105744    -0.00984529    -0.02163179    -0.00065140     0.00059840    -0.00057519
159    -0.00920003    -0.02304425     0.00539468    -0.00059473     0.00074435    -0.00050599
160    -0.00416497    -0.00408038     0.02087685     0.01421909     0.00080429    -0.00081361
161    -0.00386524    -0.00090422    -0.00440136    -0.00471518     0.00014186     0.00033214
162     0.00452672     0.00192501    -0.01578188    -0.00684492    -0.00049955    -0.00144177
163    -0.01058563    -0.00178777    -0.02050993     0.00116758    -0.00043442     0.00108701
164     0.00460439     0.00658683     0.00700728    -0.00054915     0.00014702    -0.00052519
165     0.00413836    -0.00601049     0.01101157    -0.00071502     0.00024101    -0.00060302
166     0.00509741    -0.01061257    -0.02384652     0.00260079     0.00082022     0.00172614
167    -0.00438229     0.02661577     0.01118555    -0.00114317    -0.00053175    -0.00082880
168    -0.00042182    -0.01046952     0.01286589    -0.00152843    -0.00049405    -0.00077054
169     0.00314938     0.00117621    -0.00247166    -0.00659783    -0.00175206     0.00800473
170     0.00044460    -0.00337791     0.00205489     0.00204243     0.00082778    -0.00323727
171     0.00211404     0.00153076    -0.00290792     0.00307765     0.00062278    -0.00268095
172    -0.00744879    -0.00567899     0.00879995     0.00224905    -0.00120320     0.00100026
173     0.00221360     0.00613142     0.00205677    -0.00108660     0.00046313    -0.00056239
174     0.00188443    -0.00246399    -0.00678928    -0.00097162     0.00064908    -0.00053005
175     0.02279145     0.00145992    -0.00905727    -0.00249362    -0.00151664     0.00042758
176    -0.00599565    -0.00513086     0.00507365     0.00101607     0.00071536    -0.00022593
177    -0.01892053     0.00272178     0.00426304     0.00146722     0.00103882    -0.00027553
178    -0.00985056    -0.00776245     0.03863069    -0.00356254    -0.00336232     0.00130226
179    -0.00178292    -0.00643482    -0.01838979     0.00179510     0.00150121    -0.00100482
180     0.00771327     0.01783786    -0.01580473     0.00244828     0.00213658    -0.00057740
181    -0.00446466    -0.00834810     0.00674042     0.00024745    -0.00186569    -0.00298981
182     0.00639839     0.00631668    -0.00364868    -0.00022924     0.00077233     0.00161897
183     0.00202112     0.00088342    -0.00143932    -0.00027618     0.00102500     0.00137032
184    -0.01113463     0.00917093    -0.02239988    -0.00040790    -0.00226305     0.00394428
185    -0.00026274    -0.00560501     0.00011584     0.00018008     0.00156218    -0.00200902
186     0.01053697    -0.00580076     0.02279358     0.00001413     0.00091810    -0.00161956
187     0.01021022    -0.01316649     0.00736911     0.00353292    -0.00103093     0.00337490
188    -0.00419015     0.00261931    -0.00613307    -0.00182846     0.00016490    -0.00188841
189    -0.00185892     0.00958100     0.00208375    -0.00233795     0.00095231    -0.00206235
190     0.00236895    -0.00768794     0.01199123     0.00151947     0.00340669     0.00215901
191     0.01478229    -0.00093400    -0.02232976    -0.00095225    -0.00192860    -0.00089759
192    -0.01138668     0.00956604     0.01014871    -0.00047886    -0.00159361    -0.00090324
193     0.02664854     0.02231303    -0.02759464     0.00369243     0.00382291     0.00472992
194    -0.02537142     0.00346682     0.01981344    -0.00138913    -0.00192195    -0.00284163
195    -0.00676189    -0.03028342     0.00932706    -0.00141016    -0.00188790    -0.00170382
196    -0.01491624    -0.00648334    -0.00703029     0.00229804     0.00006554     0.00057080
197    -0.00317644    -0.00070663     0.00435743    -0.00122725     0.00006581    -0.00022094
198     0.01371143     0.00840129     0.00168758    -0.00098742    -0.00005978    -0.00020229
199     0.01008828     0.02766483     0.02103546    -0.00097741    -0.00259858     0.00100565
200     0.00161712     0.00426954     0.00000294     0.00034690     0.00140927    -0.00048235
201    -0.00584141    -0.02836811    -0.01926308     0.00058096     0.00141124    -0.00073573
202     0.03040844    -0.02367915    -0.00768742     0.00361348     0.00094676     0.00093973
203    -0.01969815     0.01744767    -0.00017752    -0.00154664    -0.00025006    -0.00041562
204    -0.00676587     0.00670349     0.00218506    -0.00201031    -0.00046460    -0.00024479
205    -0.00386675    -0.00777800    -0.00215391    -0.00261135    -0.00176529     0.00217639
206    -0.00182575     0.00076012    -0.00460395     0.00111943     0.00067004    -0.00083477
207     0.00810038     0.00397385     0.00303913     0.00125229     0.00074885    -0.00130365
208    -0.00369301    -0.01075452    -0.01222739    -0.00001202    -0.00179667     0.00098053
209    -0.00139729     0.00695417     0.00743758     0.00004180     0.00084232    -0.00056100
210     0.00540826     0.00256027     0.00033199    -0.00009238     0.00095945    -0.00052896
211     0.00923959     0.02281898     0.01125593     0.00125078    -0.00253052    -0.00009814
212    -0.00966800    -0.02585852    -0.00291534    -0.00045823     0.00112526     0.00003343
213     0.00044189     0.00440590    -0.00464278    -0.00066076     0.00136653     0.00021821
214    -0.00523899     0.01307952    -0.00875594     0.00232339    -0.00218463    -0.00306594
215     0.00179174    -0.00275971     0.00879977    -0.00090231     0.00123004     0.00140508
216     0.00779707    -0.00171024    -0.00014160    -0.00107908     0.00097218     0.00184562
217    -0.01848401    -0.00503516    -0.00187116     0.00006631    -0.00007542     0.00193374
218     0.00478559    -0.00014648    -0.00061027     0.00001911    -0.00002128    -0.00089832
219     0.01226811     0.00507405     0.00173731    -0.00011557    -0.00000391    -0.00100651
220     0.00263767     0.00577698    -0.01407309     0.00520961    -0.00120270    -0.00070068
221    -0.00342368     0.00766237     0.01487229    -0.00225449     0.00080258     0.00054472
222    -0.00027611    -0.01081896    -0.00054542    -0.00260792     0.00074010    -0.00004856
223    -0.02276696    -0.04724211    -0.02480872    -0.00593792     0.02060477     0.00477829
224    -0.00262922     0.03071904     0.01745212     0.00365763    -0.01215921     0.00024245
225     0.02775845     0.01679801     0.00405108     0.00008763    -0.00822899    -0.00196539
226     0.01302126    -0.01883479    -0.06782518    -0.00150721     0.00135098     0.00179490
227    -0.00475021     0.01229368     0.05885135     0.00097048    -0.00083060    -0.00093782
228    -0.01319478     0.00439240     0.00935138     0.00072309    -0.00077229    -0.00109641
229    -0.01947118     0.00918508    -0.02084774     0.00166736    -0.00323956    -0.00118486
230     0.00945608    -0.01564110     0.00449580    -0.00078394     0.00174255     0.00088478
231     0.00913730     0.00544042     0.01401835    -0.00120620     0.00184625     0.00063306
232    -0.00308881     0.01705994    -0.03051087    -0.00000208     0.00545913    -0.00163334
233     0.00580424    -0.02078796     0.01966223     0.00003707    -0.00205214     0.00076932
234     0.00014937    -0.00080922     0.01182908     0.00022405    -0.00267501     0.00042301
235    -0.00757348     0.01289412    -0.01124110    -0.00011571    -0.00149467     0.00044625
236     0.00599752    -0.00477182     0.01119405     0.00012381     0.00078207    -0.00020851
237     0.00239326    -0.00277569     0.00233144     0.00005284     0.00079343    -0.00030273
238    -0.04496527    -0.00577562    -0.00604677    -0.00089976    -0.00046053     0.00245590
239     0.00751029    -0.01965775     0.00953575     0.00036008     0.00032255    -0.00114132
240     0.03265815     0.02314287    -0.00381600     0.00038027     0.00017006    -0.00138809
241    -0.02866474    -0.00792486    -0.00073083    -0.00065827    -0.00138598     0.00175969
242     0.00323335     0.00566152    -0.00787372     0.00037610     0.00088223    -0.00094805
243     0.02222825     0.00587406     0.00156378     0.00039544     0.00062474    -0.00077455
244    -0.03470537     0.01363026    -0.00939151    -0.00162536    -0.00363737    -0.00845364
245     0.01692713    -0.00749780    -0.01203290     0.00202297     0.00180983     0.00480512
246     0.01135931     0.00373848     0.01312336     0.00073840     0.00122775     0.00294831
247     0.02394928    -0.00492918     0.00360707    -0.00382236     0.00632618     0.00174390
248    -0.00636921     0.00478947     0.00138576     0.00247454    -0.00476695    -0.00114178
249    -0.01132836    -0.00015966    -0.00065817     0.00225249    -0.00271284    -0.00046805
250     0.01065125     0.00191863    -0.01087698     0.00133886     0.00166793     0.00214285
251    -0.00456727     0.00143943    -0.00490010    -0.00068599    -0.00107016    -0.00109487
252    -0.01321489     0.00066803     0.01668820    -0.00049209    -0.00074122    -0.00103797
253     0.02101274     0.03327233    -0.02236319    -0.00143944    -0.00118763     0.00059100
254    -0.01620369    -0.03070958     0.01613092     0.00059794     0.00051945    -0.00026344
255     0.00156865    -0.00168726     0.00317478     0.00074519     0.00072621    -0.00030272
256     0.00212704     0.00692200    -0.00201879     0.00013928    -0.00221841     0.00035018
257     0.00190167    -0.00377832     0.00111953    -0.00003623     0.00134575    -0.00024923
258    -0.00053260    -0.00731257     0.00396982     0.00000271     0.00097604    -0.00018904
259     0.00801200     0.00500055     0.03172621     0.00344009    -0.00195791    -0.00186831
260    -0.00216453    -0.00160123    -0.01102440    -0.00134093     0.00075465     0.00072972
261    -0.00386945    -0.00579797    -0.02066214    -0.00171506     0.00108398     0.00130030
262     0.03434441    -0.00381967    -0.00742004    -0.00066414     0.00268576     0.00092758
263    -0.00509959    -0.00809841     0.01813489     0.00038635    -0.00129690    -0.00061708
264    -0.02746552     0.01044193    -0.01400385     0.00042736    -0.00125819    -0.00035478
265     0.02634668     0.03606341     0.01283054    -0.00023825    -0.00030863     0.00157910
266     0.00000476    -0.02155035    -0.01927552     0.00014229     0.00023004    -0.00083600
267    -0.02168207    -0.01532548     0.00777695     0.00006677     0.00013305    -0.00086566
268    -0.00585735    -0.01321468    -0.00277413    -0.00091246     0.00732193    -0.00623797
269    -0.00342597     0.01259015     0.00721394    -0.00045114    -0.00343816     0.00368219
270     0.00576586     0.00158004    -0.00601016     0.00022548    -0.00379286     0.00211917
271    -0.01056726     0.00202553    -0.00303061     0.00281657     0.00418958     0.00080054
272    -0.00568542     0.00414562     0.00042602    -0.00141644    -0.00216774    -0.00001684
273     0.01181234    -0.00080180     0.00825641    -0.00162687    -0.00177960    -0.00043404
274    -0.00731637    -0.00542698     0.01630267     0.00333010    -0.00069763    -0.00993776
275     0.00731980     0.00429412    -0.00147142    -0.00064510     0.00091632     0.00493416
276    -0.00034480    -0.00168869    -0.01079108    -0.00311936     0.00110090     0.00614466
277     0.00738654     0.00044167     0.02285139    -0.00178225    -0.00087936     0.00097900
278    -0.00282129     0.00825861    -0.01294481     0.00075875     0.00041864    -0.00051043
279    -0.00130265    -0.01037235    -0.00533455     0.00087748     0.00051733    -0.00041315
280    -0.01189149    -0.01460799    -0.01345201     0.00142161    -0.00381168     0.00092856
281     0.00201109     0.00507701     0.00445524    -0.00068882     0.00171302    -0.00020028
282     0.01198302     0.00936474     0.00470543    -0.00096300     0.00182729    -0.00060181
283    -0.00910826    -0.00217839    -0.00624391     0.00061802    -0.00213394     0.00084173
284     0.00442873     0.00593149     0.00391667    -0.00040751     0.00131584    -0.00045140
285     0.00286662    -0.00459559     0.00324094    -0.00020534     0.00103807    -0.00034129
286    -0.00175797    -0.01765226     0.00396984    -0.00254687    -0.00064286    -0.00183585
287     0.01695714    -0.00132009     0.00485671     0.00106432     0.00024435     0.00070626
288    -0.01558740     0.02190626    -0.00725653     0.00129677     0.00053646     0.00091639
289     0.04361483    -0.01856656     0.00115742    -0.00092248     0.00221880     0.00161791
290    -0.03679811     0.02373189    -0.01090800     0.00038263    -0.00118826    -0.00101191
291    -0.00472411    -0.00603320     0.01087147     0.00051006    -0.00092948    -0.00077194
292    -0.02224965     0.03630116    -0.00297085     0.00035609     0.00131712     0.00212675
293     0.00372396    -0.02370353     0.00806991    -0.00019733    -0.00055649    -0.00115216
294     0.01874611    -0.01440879    -0.01004421    -0.00005639    -0.00061246    -0.00096431
295    -0.01057471    -0.00430583    -0.01829931    -0.00068736    -0.00411224    -0.00019287
296     0.01050093     0.00636375     0.01257320     0.00045212     0.00171804     0.00018303
297    -0.00044360    -0.00225986     0.00377413     0.00041736     0.00258307     0.00036164
298    -0.00397086     0.00830638     0.00691352    -0.00027338    -0.00026532     0.00340112
299    -0.00217783    -0.00329376    -0.00350070     0.00000283     0.00010624    -0.00143372
300     0.00513394    -0.00310834    -0.00189338     0.00005502     0.00029067    -0.00208589
301     0.01870265    -0.00017947     0.01015071    -0.00248644    -0.00109943    -0.00401198
302    -0.01357508     0.00106988     0.00113167     0.00114999     0.00039997     0.00155211
303    -0.00594105    -0.00128339    -0.01374016     0.00186225     0.00065809     0.00252188
304     0.01215139     0.00776831    -0.00238984    -0.00167505    -0.00221006     0.00068968
305    -0.00895661    -0.00327478     0.00095205     0.00070894     0.00119762    -0.00039489
306    -0.01400948    -0.00897057     0.00121800     0.00111510     0.00135416    -0.00045174
307    -0.00369464     0.02180927     0.01460169     0.00062257     0.00004774     0.00204394
308     0.00006683    -0.02574711    -0.00661599    -0.00032619     0.00008048    -0.00105940
309     0.00563890     0.00427813    -0.00200235    -0.00042299    -0.00007053    -0.00105246
310    -0.00647439     0.01715006    -0.02878968     0.00428192    -0.00435115    -0.00113095
311    -0.00707041    -0.00198954     0.01123301    -0.00208770     0.00173204     0.00086567
312     0.01449952    -0.01491870     0.01771797    -0.00181771     0.00170583     0.00021016
313    -0.01720769    -0.00424092    -0.01923253    -0.00461701     0.00372653    -0.00621511
314     0.01642263     0.01363511     0.00600698     0.00177431    -0.00259879     0.00338403
315     0.00255169     0.00015153     0.01741673     0.00157168    -0.00118035     0.00244949
316    -0.00315276     0.02397000    -0.00071586    -0.00093333    -0.00107588     0.00122808
317    -0.00561732    -0.00621468     0.00430717     0.00038674     0.00046704    -0.00051589
318     0.00946806    -0.02004063    -0.00289413     0.00052875     0.00047508    -0.00062573
319     0.03914005     0.00840203    -0.00788589     0.00023039     0.00272251     0.00138085
320    -0.01261806    -0.01627767     0.01895076    -0.00004879    -0.00132948    -0.00086061
321    -0.02536564     0.01088028    -0.01499052     0.00001442    -0.00142201    -0.00059285
322    -0.00075619     0.00143268    -0.00966097     0.00201781     0.00006921     0.00115632
323     0.00711610    -0.00080548     0.00887599    -0.00111898    -0.00002754    -0.00049767
324     0.00075719    -0.00393498     0.00120229    -0.00107959    -0.00015056    -0.00067199
325     0.01093790     0.00353598    -0.00869364     0.00100673    -0.00097300    -0.00312911
326    -0.00493560     0.00215201     0.00058246    -0.00066589     0.00034418     0.00176968
327    -0.00612094    -0.00371024     0.00813207    -0.00042230     0.00035432     0.00125791
328    -0.01579210     0.02682345    -0.01872028    -0.00130858    -0.00057397     0.00179297
329     0.00699682    -0.02399827     0.01017326     0.00077555     0.00021420    -0.00092788
330     0.00421529    -0.00252893     0.00506982     0.00059726     0.00026256    -0.00101196
331     0.00361162    -0.00758437    -0.01080507    -0.00484065    -0.00098999    -0.00034350
332    -0.00475784    -0.00845903    -0.00439372     0.00229382     0.00019345    -0.00003730
333     0.00822131     0.01570326     0.00929475     0.00186460     0.00050947     0.00017550
334     0.03346534    -0.00097930    -0.00336221    -0.00710731    -0.00494067    -0.00051756
335    -0.02645395    -0.00611386     0.00111685     0.00508869     0.00371743     0.00084702
336    -0.00949934     0.01524481    -0.00242465     0.00341679     0.00159806     0.00029698
337     0.00106516    -0.00559336    -0.00427161    -0.00253969    -0.00092984    -0.00021133
338    -0.00662871    -0.00239252    -0.01473545     0.00128950     0.00057430    -0.00001404
339     0.00660444     0.00517631     0.01633566     0.00108664     0.00045937     0.00017389
340     0.04280639    -0.02040267    -0.06336603     0.00050032    -0.00117936     0.00105160
341     0.00062400     0.00446384     0.00843609    -0.00027306     0.00051054    -0.00050908
342    -0.03539251     0.01726648     0.05260631    -0.00030033     0.00063921    -0.00048420
343     0.00055848    -0.01124701    -0.01463252     0.00314088     0.00231706     0.00109420
344     0.00587245    -0.00457858     0.00789786    -0.00129935    -0.00101175    -0.00065481
345    -0.00211815     0.01169133     0.00910881    -0.00178407    -0.00096081    -0.00052806
346    -0.00745701     0.00736369    -0.03295695    -0.00006918    -0.00380754     0.00105637
347     0.00405490    -0.00279419     0.02446774     0.00017565     0.00206994    -0.00030996
348     0.00085685    -0.00436960     0.01071749    -0.00024228     0.00213845    -0.00055381
349     0.01353979     0.00717591     0.00421719    -0.00450778    -0.00051458     0.00275814
350    -0.00830948    -0.00117246    -0.00367532     0.00214788    -0.00012166    -0.00124660
351    -0.01051408    -0.00364317    -0.00355158     0.00207471     0.00039886    -0.00097159
352     0.02675907     0.01956585    -0.02111482    -0.00306166     0.00081489     0.00149603
353    -0.00653488    -0.00165279     0.01602037     0.00128394    -0.00035414    -0.00080428
354    -0.01717229    -0.01901325     0.00813807     0.00162559    -0.00068089    -0.00079685
355     0.02219246     0.00848752    -0.02005684     0.00968398     0.00160763     0.00704105
356     0.00378988     0.00791331     0.00663982    -0.00377120    -0.00170937    -0.00322214
357    -0.01885724    -0.01244477     0.01220864    -0.00539672    -0.00027163    -0.00551087
358    -0.01070837     0.00929775     0.01647018    -0.00129538    -0.00717528    -0.00252719
359     0.00337482    -0.01476837    -0.00588531     0.00128390     0.00487820     0.00111067
360     0.00296249     0.00022349    -0.00958557     0.00013840     0.00399143     0.00197075
361    -0.00411499    -0.00166875    -0.00184892    -0.00052856    -0.00165045     0.00048124
362     0.00502641     0.00218251     0.00012677     0.00033708     0.00096567    -0.00031633
363    -0.00145717    -0.00509202    -0.00062999     0.00030146     0.00074053    -0.00021096
364    -0.01335315     0.00021031     0.02019508     0.00045080    -0.00194958    -0.00010342
365    -0.00442758     0.00765579     0.00852594    -0.00017716     0.00082978     0.00007252
366     0.01642669    -0.00234965    -0.02543012    -0.00017118     0.00101281    -0.00002665
367    -0.01124541    -0.01731692     0.01837659     0.00168161    -0.00132175     0.00245329
368    -0.00723956     0.00665714    -0.01529630    -0.00110132     0.00062124    -0.00134876
369     0.01217415     0.01043652    -0.00377710    -0.00083979     0.00091834    -0.00136048
370     0.02162457     0.00664934     0.01780267     0.00160448    -0.00812189    -0.00744385
371    -0.01047784    -0.00205557    -0.00803561    -0.00015597     0.00320719     0.00426106
372    -0.00134058    -0.01220425    -0.00929045    -0.00237259     0.00512617     0.00498554
373    -0.00356323    -0.00431765    -0.02330769    -0.00285169     0.00406674     0.00424108
374     0.00042150    -0.00364066     0.01507790     0.00158159    -0.00258826    -0.00181641
375     0.00197825     0.01183499     0.00239857     0.00198926    -0.00237529    -0.00315860
376     0.02702897     0.01177429    -0.00660760     0.00131747     0.00010746     0.00412450
377    -0.02227498    -0.00834348     0.00974993    -0.00099266    -0.00016195    -0.00208306
378     0.00185478    -0.00131881    -0.00593320    -0.00062525     0.00006400    -0.00267675
379     0.00000839     0.03235319    -0.00690123     0.00042451    -0.00158354     0.00173365
380     0.01390938    -0.01492887     0.00728924    -0.00024269     0.00071721    -0.00071640
381    -0.02069809    -0.01233125     0.00157175    -0.00010064     0.00080845    -0.00081881
382     0.01519049    -0.00025323    -0.00052639     0.00268941     0.00536757    -0.00145929
383    -0.01209588     0.00699582    -0.00159648    -0.00093919    -0.00307161     0.00087860
384     0.00001004    -0.00268500    -0.00108084    -0.00213406    -0.00322340     0.00110625
385    -0.03868141     0.00960534    -0.00995229     0.00464703    -0.00161486     0.00128552
386     0.02375011     0.00412531    -0.00645865    -0.00275288     0.00121418    -0.00109174
387     0.01297747    -0.01360479     0.01587205    -0.00177933     0.00068797    -0.00061049
388    -0.00412124    -0.01963705    -0.01323812     0.00022784    -0.00113114     0.00228167
389    -0.00744791    -0.00257611     0.00283064    -0.00016012     0.00066037    -0.00105138
390     0.00844805     0.02089186     0.00927645    -0.00022197     0.00048551    -0.00114585
391    -0.01498749    -0.02804897    -0.02309181    -0.00289524    -0.00284860    -0.00098991
392    -0.00121838     0.00577334     0.00657942     0.00132767     0.00162076     0.00071710
393     0.01659463     0.02028792     0.01293284     0.00194023     0.00169836     0.00045162
394     0.03280266     0.00440975     0.01229220     0.00135957    -0.00280150     0.00259773
395    -0.02687400    -0.00106610    -0.00788409    -0.00056231     0.00177477    -0.00154629
396    -0.00501931    -0.00323250    -0.00068634    -0.00046465     0.00110561    -0.00111224
397     0.00522729     0.00061756    -0.00217219     0.00860156    -0.01333573     0.00021433
398     0.00692067    -0.00058695    -0.00804448    -0.00642192     0.00743775     0.00159903
399    -0.00823342     0.00655800     0.00892774    -0.00311008     0.00414930     0.00044702
400     0.02299487     0.01384347    -0.00635542     0.00053345     0.00366246     0.00639685
401    -0.00655417    -0.00572978     0.00771643     0.00000271    -0.00119295    -0.00278169
402    -0.01725005    -0.00749682    -0.00582998     0.00018720    -0.00261318    -0.00428258
403     0.03437303     0.01527675    -0.02229958    -0.00173900     0.00058300     0.00168746
404    -0.02163229     0.00269259     0.02144615     0.00071405    -0.00023869    -0.00070395
405    -0.01046567    -0.01582317    -0.00220493     0.00084510    -0.00042981    -0.00089749
406     0.01621640     0.01430267    -0.02936734    -0.00522347    -0.00022838    -0.00265287
407     0.00182309    -0.00081104     0.01545796     0.00195336     0.00020105     0.00115556
408    -0.01991838    -0.01517999     0.01780178     0.00278517     0.00026321     0.00092443
409    -0.01065885    -0.00002934    -0.06013861    -0.00031632     0.00111360     0.00194442
410     0.02051711     0.01236224     0.05060673     0.00027371    -0.00068834    -0.00112996
411    -0.00911309    -0.01027223     0.01063106     0.00017984    -0.00043776    -0.00093582
412     0.01253741     0.02852243    -0.02605221     0.00172413     0.00012435    -0.00396874
413     0.00112145    -0.02518279     0.00596450    -0.00079552    -0.00034535     0.00187002
414    -0.01303360    -0.00154975     0.02161848    -0.00112446    -0.00001302     0.00268521
415     0.00056161    -0.00224305    -0.01326430    -0.00040174    -0.00083169     0.00196525
416     0.00001894    -0.00039455     0.00179072     0.00010287     0.00045882    -0.00104765
417     0.00299907    -0.00146941     0.00903701     0.00026945     0.00052675    -0.00099501
