 Number of water molecules:
         139

 Atomic and electronic energies:
    -2.23583700    -0.09943447

 Atomic coordinates:
  1     9.16322446     5.63250200    10.81354493
  2    11.02072463     5.65700433    10.73887701
  3     8.67057251     5.90887715     8.99541733
  4    -5.16619300    10.26042785     8.18509853
  5    -4.18422120     8.67694933     8.63728737
  6    -4.38995972    10.97857805     6.63791755
  7     3.37355711     7.56519444    11.26828675
  8     4.53560728     6.95975150    12.67828294
  9     3.61020784     6.20284714     9.88779301
 10    -8.54597497     7.39423943    -7.70870376
 11    -9.09327412     5.83182692    -8.73921622
 12    -7.09811497     8.19124041    -8.76788946
 13    -6.58373167   -12.26109034    -7.72343387
 14    -6.72052341   -11.02792806    -9.15365508
 15    -8.31906565   -12.25183689    -6.82118681
 16   -11.34607133     1.64070670     6.91155191
 17   -12.04878869     3.47558122     6.99389466
 18   -10.69945067     1.53753547     5.13565821
 19     4.65969905     8.94258125   -16.07876631
 20     3.89403669     8.65507804   -14.35748622
 21     5.10029286    10.76548339   -16.44864839
 22     5.85947645     7.85922823    -6.38248903
 23     6.56064871     6.09821515    -5.87817370
 24     4.89934263     8.51239732    -4.78443059
 25     3.67910227    -6.81189730   -12.88050165
 26     2.96777876    -5.71664465   -11.48136952
 27     2.59032905    -8.47876347   -13.11160110
 28    -2.94775562     5.73110741     1.29537544
 29    -2.93773620     5.95888147    -0.63691372
 30    -4.09352210     4.19039762     1.63641373
 31     4.72499782    -0.76232845    11.03460218
 32     5.94885578    -1.75725541     9.99391553
 33     4.49212536     0.84268533    10.07657585
 34     2.70447123     9.79109318    -2.20078152
 35     3.46845599     9.02278379    -0.68874780
 36     3.50606039    11.46788948    -2.30488157
 37    -6.48317547     2.79980928    16.44339732
 38    -5.77385821     1.35251550    17.44416207
 39    -6.73718052     2.01797693    14.71625693
 40    12.00736941    -6.33271956     8.96140961
 41    10.49058317    -5.17517975     8.98048466
 42    13.50602983    -5.10167483     9.32959616
 43   -14.49172103    -5.07860263     9.22377490
 44   -16.11612714    -4.43002186    10.05849039
 45   -13.05022206    -3.90129522     9.77870827
 46     9.41392322   -13.44123342     4.32448534
 47     7.64737547   -13.64698998     3.46316183
 48    10.31086034   -15.13130454     4.17816026
 49     3.88927295     0.94070074    -7.01896988
 50     5.38985864     1.87770764    -6.28349421
 51     2.29223665     1.72817246    -6.19195037
 52     1.59598971     2.88394438     1.35917867
 53     1.57378686     1.91842903    -0.30043747
 54     0.02402563     3.95225847     1.37332047
 55    -1.83921743    -3.60520463    -3.54308359
 56     0.08284244    -3.34206948    -3.44389710
 57    -2.65743049    -2.05051600    -4.37596479
 58     0.40686282     0.99341418     5.92696473
 59     0.96672082     1.55131084     4.17101084
 60    -0.68777159    -0.60540559     5.77557035
 61    -3.54066571    -3.12913755     1.17664477
 62    -3.93513401    -1.30289374     1.63397814
 63    -3.12404166    -3.20662667    -0.78822811
 64    -0.61327171    13.37278042     5.12062834
 65    -0.73982963    11.53164892     4.52459074
 66     0.84545299    13.13487809     6.38246300
 67     1.24283265   -13.17457969    -9.20403356
 68     0.00354678   -12.35574924    -7.96587698
 69     2.73758264   -13.85201513    -8.08609226
 70    -3.06214367    16.28706781    -3.44391564
 71    -3.11279518    17.46273730    -1.99765056
 72    -4.02896390    14.68352950    -3.02810859
 73    -6.12969228    -0.66836146     6.89457806
 74    -6.87088763    -0.53324478     8.65129768
 75    -4.56161805    -1.77657331     7.11506086
 76    -2.51826745     5.78748128    17.83552687
 77    -2.93493123     7.44942815    17.00918566
 78    -4.12414292     4.67718835    17.60435892
 79   -15.20222455    -1.13756119     0.22891875
 80   -15.73888782    -1.90531751     1.92359951
 81   -15.75690101    -2.38131046    -1.07879337
 82    -5.25224655     3.25275337   -11.59010957
 83    -6.90299757     2.74721722   -10.70903463
 84    -4.99605495     5.19381518   -11.46036797
 85    11.38734040   -10.73387916    11.83666046
 86    12.77447170   -10.52166150    13.13316023
 87    11.52427080    -9.17162523    10.67154089
 88   -13.19745708    -4.73275579   -12.12114749
 89   -12.58319380    -5.71222472   -13.61892368
 90   -11.95594204    -5.21542268   -10.72163381
 91    11.96917134    12.92317405     4.86817756
 92    10.19529695    13.39003763     5.61621298
 93    13.15267898    14.39767268     5.22233544
 94   -11.27544960   -10.85493107    -5.93868734
 95   -11.32140705    -9.01819552    -6.55121399
 96   -11.15568879   -10.79459130    -4.05496451
 97    12.22495239     5.84096149    -5.75490313
 98    12.37399712     3.98123301    -6.32502335
 99    10.68044451     6.53632045    -6.60478026
100    -6.43941490    -6.49926656     3.79690439
101    -8.13209663    -5.53906368     3.95209777
102    -5.20029841    -5.26217112     2.94395260
103    -5.88550839    -7.80405621   -10.79174326
104    -5.60003689    -8.33112911   -12.58745510
105    -4.12995292    -7.49036413   -10.15147635
106     7.62476558    -7.13879807     1.82394182
107     9.36551065    -7.48155391     2.56925229
108     6.51966835    -6.57286680     3.28943988
109    13.67350362    -0.65370593     5.54194849
110    11.79492942    -0.21153918     5.16092946
111    14.73391284     0.90397666     5.02525607
112    -3.11350796    -8.15082758   -15.36725357
113    -2.01297613    -6.83499594   -16.21728820
114    -1.85026562    -9.25827922   -14.44852373
115     0.98226989   -11.32859407   -13.83405560
116     1.43070617   -12.81280330   -14.82327902
117     1.13267523   -11.75638052   -11.94969809
118    -1.54067651     6.69420085     9.60172492
119    -0.19311138     7.18248926    10.83302130
120    -2.26297053     4.90568933     9.99996588
121     2.95433321     8.23595978   -10.73817216
122     4.15095679     8.05044211    -9.20452299
123     2.40805020     6.51328296   -11.38978238
124   -14.92682071     3.50484322    -2.01166111
125   -14.86648711     4.86182291    -0.75772086
126   -15.22603662     1.80993628    -1.11102888
127    -4.66183253    -0.27989626    -6.30250035
128    -4.78766217     1.58827573    -5.84485969
129    -3.82713175    -0.23711980    -8.01325427
130    -1.66576994   -12.27457087     9.71785199
131    -2.62190702   -10.63530471     9.18111633
132    -2.95170875   -13.37184999    10.53729286
133     7.93692395     5.93132605     5.52521383
134     6.72096013     7.32534270     4.74286497
135     9.72097426     6.53531655     4.97529017
136    10.24167271    -7.72943246    -2.69358790
137     9.35438048    -9.25282394    -3.40223066
138     9.38312682    -7.63366398    -0.95776398
139     6.58025677    -2.10907863     0.13203425
140     5.44339368    -2.35650400    -1.49063398
141     7.04623195    -3.83943867     0.68161950
142    16.15516949    -0.26461718    -3.48938888
143    15.04867553     0.26246544    -5.02828584
144    16.08569287    -2.20107423    -3.45763455
145    -0.36427637    -6.81958518     2.92061090
146    -1.44336296    -5.36884346     2.23082424
147    -0.71906425    -8.22406415     1.67917451
148    -9.70782467    10.06182532    -3.91169380
149   -11.22222669    11.05155850    -4.62422703
150    -9.15042006     9.02071026    -5.44214034
151    15.54757612    -5.43034328    -2.92419142
152    14.09478269    -6.56043166    -3.44295754
153    15.16657329    -5.18651395    -1.02774756
154    -9.67172327    10.45693329     1.36153504
155    -9.89099389    10.05650019    -0.50352797
156    -7.85739981    10.72345213     1.81824895
157    12.00499385    -8.58685048     4.15152920
158    12.03506405    -8.09163121     6.02582260
159    11.45240599   -10.42837839     4.19133997
160     7.52815761     3.26244215    -4.73466452
161     9.31862895     2.56228225    -4.76387215
162     7.12678232     3.79234213    -2.94071077
163    15.92848247    -3.01594422     9.36741314
164    17.33519860    -1.85401271     9.74360493
165    14.91818805    -2.33523276     7.82229857
166    12.42412641     7.77514897     4.17720042
167    12.49360041     9.56965489     4.81608461
168    12.78253116     7.84017619     2.30599103
169    -5.53875912     1.72413314     2.43575885
170    -5.73607450     1.03175005     4.28003627
171    -7.30617137     1.99978555     1.79202057
172    13.86913279    -4.46809964     2.00756541
173    14.09899769    -3.14198098     3.37992590
174    13.34201833    -6.10563267     2.95028209
175   -15.20932074    -5.58104672    -2.78302791
176   -15.95724759    -6.78157537    -1.49956378
177   -13.34825390    -5.20601085    -2.27982609
178   -10.40303045    -5.15999087    -1.12532243
179    -9.91713937    -4.22892774     0.55300839
180    -9.54598022    -4.13583609    -2.49540742
181     0.77404070    -4.46749684   -16.32201852
182     1.71015199    -3.18390216   -17.42415391
183     2.02405010    -5.09664930   -14.98807706
184    -1.90570432    -3.81169190     7.22145343
185    -1.46409560    -5.26362715     6.04046427
186    -0.66222216    -4.05318558     8.64005911
187     8.70366104     0.62017095     4.77113117
188     8.34485049     2.50486779     4.99243524
189     8.14232896     0.33950341     3.02539948
190     4.91017052    14.20298734     1.93838924
191     5.86491008    14.05172968     0.22928316
192     3.70466949    15.68425391     1.85780752
193     4.73553814     8.78028712     2.72095198
194     2.97999029     8.68453792     3.56866078
195     5.23554226    10.62530804     2.76207380
196    17.43945796     3.62825984    -0.39191987
197    16.66198519     2.12937326    -1.27657606
198    19.09360355     3.79680602    -1.30614404
199    -5.58334017   -11.21206123     1.83082669
200    -3.98461352   -11.15645525     0.81441194
201    -5.79026533    -9.52705659     2.73602808
202    13.80137654     7.30139525    -1.03726808
203    15.04580713     5.84590462    -0.70849492
204    12.98391151     7.11036612    -2.75636489
205   -10.53920513    -3.49171120     4.08913124
206   -12.43928874    -3.76667947     3.99601309
207   -10.19151694    -2.12994169     5.36239119
208     0.33483031   -15.00811720     5.58210910
209    -0.26504360   -13.85006623     7.04793799
210     1.99022762   -14.32931312     5.06822836
211     7.30185848   -11.65297346    -4.91306608
212     6.20803533   -13.26858711    -4.97894153
213     7.33793852   -11.04200713    -6.71172180
214     7.16684945    -3.24384440   -14.22221531
215     6.07953063    -4.78791833   -14.15561034
216     6.36229279    -2.03037230   -15.38674887
217     0.55348585     2.52561889    15.60778384
218    -0.39765838     3.91047172    16.57256624
219     2.23764339     3.27470913    15.33093709
220    11.98859191     0.71986914    -6.77430860
221    11.62345584    -0.51092748    -8.20270910
222    11.50390568    -0.12449859    -5.15492280
223    -1.91862732     7.74844795    -3.43401561
224    -1.69098787     6.42306301    -4.74811724
225    -0.26995455     8.68263771    -3.13945224
226   -10.08311674    10.59988510     6.69995457
227   -10.09703185    10.90287003     4.77403108
228    -8.28375053    10.52859354     7.32687268
229     7.48911190    -9.10312876    -9.72626083
230     6.23960787    -8.62055267   -11.12614620
231     7.82455374    -7.47911397    -8.67559129
232    -0.04910174    15.15523903    -7.89524899
233     0.82999701    16.76360462    -8.53285563
234    -1.07958526    15.66121110    -6.32685554
235    -1.61923387   -17.85075798     1.93115528
236    -3.49827921   -17.97815708     2.26702396
237    -0.99913695   -16.77858944     3.39079391
238    -6.51858573    -0.46386295    12.29672146
239    -5.71020271    -2.09133850    12.78297156
240    -5.10033988     0.64270817    11.61937115
241    -5.39996123    -8.26113665     9.69467465
242    -5.17840783    -7.04920895     8.19218376
243    -7.22824848    -8.81986243     9.75337978
244    -1.47552748    -0.08377617   -12.86067411
245    -2.72222145     1.33959229   -12.77629323
246    -1.97252380    -1.01458347   -14.45942003
247    -5.04990551    11.51598512    -2.25496762
248    -3.68204787    10.18964251    -2.82018799
249    -6.74243121    10.87496256    -2.93394698
250     7.15928419    13.85466520     6.74170814
251     6.37699158    14.27992370     5.03426138
252     5.68615725    13.61560046     8.00418925
253   -16.12917976    -8.95446495     0.75626026
254   -17.20236427   -10.52757343     0.84458507
255   -14.34731751    -9.46861708     0.08951233
256     1.11808791   -15.57055500    -1.37231064
257     0.17764902   -13.97142304    -1.13139871
258     0.06470677   -16.81065158    -0.37796204
259    11.00529974    -3.18045837   -10.52284451
260    12.51338814    -3.43669701   -11.73247607
261     9.45032816    -3.03316334   -11.63413784
262    -3.56443691    19.44042479     0.63664636
263    -4.27476950    18.61470035     2.23510091
264    -3.70711665    21.29911554     0.90444859
265    -3.10733427    -1.07784188    17.21148806
266    -2.89696676    -2.65166222    16.01723683
267    -1.57088309    -0.00464905    17.00142510
268    -1.11841474    11.22965018   -10.97648524
269     0.51634924    10.25049116   -10.77208494
270    -0.86882228    12.78274269    -9.76774783
271     6.70860247    13.22527927    -2.51700065
272     6.55852689    13.70141258    -4.38411368
273     8.44364965    12.41482530    -2.17883759
274     2.47515886     3.21228513   -11.68407574
275     0.91750733     2.07157910   -11.92233886
276     3.46613746     2.38437933   -10.20970855
277   -15.55656551    -4.36025603     4.32020687
278   -15.27386768    -4.88795912     6.18854232
279   -16.01295823    -5.94969846     3.30533184
280     4.30308283    -9.78779003    -1.03113021
281     5.34157235   -10.37486339    -2.56075705
282     5.33579615    -8.34140002    -0.30151672
283     4.77960777   -13.71903960     2.31804645
284     4.44331824   -12.13820049     1.33880017
285     3.75762606   -15.13817378     1.51862562
286   -11.70486980    -0.19678508   -13.71176776
287   -12.97500899     0.37767574   -15.00712926
288   -12.38732445    -1.82195220   -12.85297080
289    -4.83929139    16.80583501     5.22943448
290    -3.46658794    15.50866722     5.18210578
291    -5.84718492    16.62871425     6.83496364
292     2.76152705    12.49997235     9.42170613
293     3.06368187    10.74931895    10.07911822
294     1.17329585    13.07256720    10.44466153
295    -2.01256459   -10.75245578    -5.94165970
296    -3.63027473   -11.43346230    -6.69976321
297    -1.73410494    -8.94334139    -6.68171596
298    -2.21148790     2.00054760    10.76727787
299    -1.20582580     2.16043217    12.37186438
300    -0.99182650     1.49949980     9.34081879
301    -7.01003857    -0.00833072   -15.74950925
302    -8.57388156    -0.37571540   -14.70476969
303    -6.26083283     1.50838614   -14.92021775
304   -10.83042256    -9.99930765    -0.69785476
305    -9.18275036   -10.74888792    -0.06988187
306   -10.66675352    -8.08128315    -0.83541426
307     5.90022526     3.62950100    14.42846337
308     5.96530005     1.83592162    13.73825765
309     7.33821508     4.59440908    13.56284354
310     8.09903589    -5.05375987    -6.69179452
311     9.33648714    -4.36009244    -8.07179357
312     9.14252318    -5.56443325    -5.15590250
313    -5.43759357     8.70078187   -11.44561491
314    -3.85304535     9.80377445   -11.22066991
315    -6.06281030     9.05811075   -13.21318377
316   -10.74354796    -8.64312009     9.00404428
317   -11.09221402    -9.56422076     7.43646185
318   -12.07596149    -7.21247483     9.21428436
319     1.13388378    17.41065037     1.87475467
320     0.43899391    16.18932602     3.20361177
321    -0.38416263    18.26274454     1.07013065
322    15.81323209     3.83120443     4.48514911
323    16.44984439     4.04656669     2.66267274
324    14.52122750     5.29486348     4.77889939
325     4.68294290    -0.84674038   -17.94864048
326     4.14280538     1.05787708   -17.55730338
327     6.01890154    -0.65299721   -19.34270988
328   -11.45425919    -1.44811045    10.92181544
329   -11.40189204    -0.20855422     9.51700982
330   -10.16750473    -0.72770801    12.23277794
331   -12.89303386     1.30475256    -6.29811858
332   -13.70641181     2.24911172    -4.81681303
333   -14.17544249    -0.15588388    -6.75359495
334    -9.26229723    -2.47548786    -5.04124590
335    -7.59148700    -1.74263113    -5.44868825
336   -10.51956764    -0.95914693    -5.37177400
337   -15.78310885    -2.66168604    -7.20833510
338   -15.86207889    -3.86925858    -5.63071246
339   -15.35979553    -3.69663563    -8.73076070
340     7.09738078   -11.40896798     8.88130233
341     8.52206556   -11.50207587    10.15284727
342     7.69711283   -12.21041924     7.33013744
343    10.66875280    11.32542766    -0.01952273
344    11.02509249    11.89169790     1.82119167
345    11.88435396     9.89058311    -0.41811520
346    -0.65685450   -10.53050513    -0.78685316
347    -1.35422539   -10.43465490    -2.56543229
348     1.21751792    -9.92590212    -1.10672520
349   -10.45673898     1.90701411     1.75878515
350   -11.47565501     3.51608670     1.78685634
351   -11.53262901     0.76310646     0.62049624
352   -12.87615670     6.31385474     2.20705041
353   -13.35602329     6.52820601     4.06372663
354   -11.73464675     7.83195370     1.87104231
355     6.50490206     4.30630944     0.30425127
356     6.49191766     5.92771740     1.27305766
357     4.71930864     3.56442319     0.60903259
358    -1.63804423    -6.38860756    -8.14179807
359    -2.06856422    -5.52114354    -6.42387979
360    -0.23023357    -5.30045831    -8.82747801
361    -6.96091779   -15.88978509     2.27921773
362    -6.38150758   -14.03149858     2.11621130
363    -8.34903830   -15.92952332     0.98660629
364     4.39660615   -15.54627465    -5.46688734
365     5.06018528   -17.28707952    -5.82322490
366     3.19898173   -15.63238449    -3.93828685
367     8.00448459    -3.35593312     7.79553071
368     8.36204612    -1.73792027     6.79026558
369     6.59603864    -4.31911479     6.91818835
370     1.71241955    -3.03670395   -10.16101361
371     0.48887887    -2.00337342   -11.17692012
372     2.42492796    -1.83117940    -8.74911506
373    -4.64807315    10.33408046     2.55780099
374    -4.58394823    11.24297314     0.90945594
375    -4.34021451     8.54760408     1.99474991
376     4.10341011     3.65989037     8.05478839
377     5.39011589     4.21683789     6.76405744
378     2.65927050     2.70565890     7.13301144
379     2.56692054    -9.28741060     8.74193436
380     4.30065535   -10.12589670     8.93896795
381     1.24085870   -10.59741791     9.29138567
382     5.03533647    13.90074564    -7.25177238
383     3.10816902    14.22155559    -7.30928980
384     5.19783480    12.01902612    -7.52781665
385    10.98202823    -1.08380371    -2.07475631
386     9.32449654    -1.63230051    -1.24547322
387    12.35311762    -1.61384483    -0.85150614
388     1.28345516    -4.46036129    11.26691085
389     2.34901711    -5.97781833    10.68814473
390     2.35013819    -2.80584428    11.44011940
391   -10.35878828    -6.31039643    -8.24658154
392    -8.55489629    -6.63852311    -8.91890010
393   -10.13595173    -4.81146167    -7.07943810
394     4.13664762    -5.99123493     5.35909335
395     2.75871383    -6.28449543     4.03204243
396     3.52055048    -7.24578587     6.67062646
397     3.88298818    -3.20970040    -4.23420394
398     4.02659365    -1.53871708    -5.25225405
399     5.16982212    -4.30716420    -5.18251993
400     0.14513538     8.28326153     4.92691495
401    -0.09143627     7.57104669     6.65042170
402    -1.08106374     7.42649849     3.68366482
403   -13.07074159     6.37481777     7.31249448
404   -13.65279023     6.21058479     9.14175758
405   -12.14696147     8.06442533     7.21474667
406    -9.98017851     2.72961384    -9.98298431
407   -10.72311716     1.66005573   -11.42335350
408   -11.04423138     2.27771149    -8.36491479
409    -1.89976609    13.24675666    11.29879375
410    -2.89686855    11.96551407    10.26680520
411    -3.19923043    13.86466177    12.47808058
412     3.81227113     3.88688007   -16.83283921
413     4.09758700     5.82288509   -17.11881248
414     3.19422701     3.76631500   -15.01169989
415    -3.43058188    -4.57795977    13.35964640
416    -1.66672018    -4.35822506    12.65629544
417    -4.01120850    -6.01304807    12.19691804

 Atomic and electronic forces:
  1    -0.01128931     0.00060149    -0.00278033     0.00128029     0.00044715     0.00204880
  2     0.02272493    -0.00082940     0.00852382    -0.00065714    -0.00019270    -0.00087469
  3    -0.01131604    -0.00006878    -0.00395277    -0.00081710    -0.00032713    -0.00121517
  4    -0.00523788    -0.00259084     0.01876420    -0.00100876     0.00168395     0.00267304
  5     0.00283066    -0.00175622    -0.00001118     0.00045783    -0.00076922    -0.00157491
  6     0.00737364     0.00453506    -0.02059706     0.00052040    -0.00113260    -0.00144697
  7     0.00520431    -0.01094335    -0.00515121     0.00062131     0.00088336     0.00262727
  8    -0.00525441     0.00368981    -0.00205632    -0.00032263    -0.00030830    -0.00113104
  9    -0.00102488     0.00703288     0.00934405    -0.00044730    -0.00044595    -0.00162487
 10     0.01872548    -0.01406605    -0.02385724    -0.00653341     0.00404697    -0.00257696
 11    -0.00180107     0.01187281     0.00965413     0.00332358    -0.00129572     0.00163702
 12    -0.01730051    -0.00667496     0.00360210     0.00289349    -0.00252767     0.00183933
 13    -0.01074123    -0.00382830     0.01717099    -0.00115707    -0.00274775    -0.00062111
 14    -0.00322386     0.00609506    -0.00715156     0.00067332     0.00143635     0.00050377
 15     0.01353283     0.00130061    -0.01291886     0.00067066     0.00124515     0.00020565
 16    -0.01049275     0.02190595     0.00713163    -0.00227112    -0.00015480     0.00235555
 17     0.00474015    -0.01806039     0.00530014     0.00109114    -0.00010308    -0.00107344
 18     0.00517364    -0.00417590    -0.01440492     0.00151107     0.00012608    -0.00140773
 19     0.00081371    -0.00462098    -0.01147461     0.00144002     0.00181748    -0.00326360
 20     0.00375991     0.01529856     0.00289466    -0.00092584    -0.00130904     0.00209460
 21    -0.00573858    -0.00873273     0.01143372    -0.00059911    -0.00089571     0.00129237
 22    -0.01696740    -0.00893716     0.03119326     0.00810574     0.00706355    -0.00255739
 23    -0.00364264     0.01854703    -0.00573725    -0.00527893    -0.00277015     0.00115446
 24     0.01651532    -0.00720878    -0.02534588    -0.00384997    -0.00453701     0.00024230
 25    -0.00920703    -0.04717992    -0.01199335     0.00143522    -0.00324856    -0.00296638
 26    -0.00785968     0.00192315     0.00298880    -0.00094602     0.00227920     0.00196989
 27     0.01969285     0.03756889     0.00613694    -0.00041830     0.00152710     0.00121385
 28     0.00651006    -0.00438086    -0.02068309    -0.00512786     0.00726526     0.01179764
 29    -0.00047701     0.00638355     0.01473134     0.00378540    -0.00580513    -0.00593393
 30     0.00073781     0.00136695     0.00669195     0.00337864    -0.00181693    -0.00566525
 31    -0.00724747    -0.00109827     0.01041960     0.00091780    -0.00055828     0.00279756
 32     0.01435060    -0.01276191    -0.00433518    -0.00060726     0.00039414    -0.00138755
 33    -0.00338843     0.01960568    -0.00610576    -0.00055109     0.00016561    -0.00165390
 34    -0.02306913    -0.02531544    -0.02678587     0.00392172     0.01007342     0.00311246
 35     0.01072058    -0.01035079     0.02837522    -0.00230348    -0.00421804    -0.00235698
 36     0.01403974     0.03227451    -0.00255511    -0.00146327    -0.00353490    -0.00085499
 37    -0.00367301     0.00940261    -0.00651955    -0.00048751     0.00003616     0.00166164
 38     0.00727293    -0.01031285     0.00882761     0.00019410     0.00003579    -0.00078337
 39    -0.00329191     0.00038528    -0.00049972     0.00031898     0.00001635    -0.00095709
 40     0.02640788     0.00755626     0.00709679     0.00123753    -0.00087183     0.00133053
 41    -0.01341223     0.00400919    -0.00421558    -0.00067378     0.00046864    -0.00082726
 42    -0.01105805    -0.01907874    -0.00325424    -0.00062633     0.00033769    -0.00061742
 43    -0.01427050    -0.00020369     0.00091262    -0.00124672    -0.00066294     0.00120345
 44     0.01984355    -0.00447271    -0.00424717     0.00057088     0.00024867    -0.00052488
 45    -0.00676211     0.00607014     0.00680995     0.00064608     0.00032194    -0.00072278
 46    -0.01054246    -0.00632195    -0.00716306     0.00092220    -0.00149784     0.00081502
 47     0.01842158     0.00166666     0.00947008    -0.00043770     0.00088008    -0.00042505
 48    -0.00688734     0.00873806     0.00001930    -0.00039791     0.00065487    -0.00031681
 49    -0.05773389     0.00299117     0.00502006     0.01891109    -0.00685052    -0.01180345
 50     0.01759946     0.00730208     0.00513235    -0.00827460     0.00094388     0.00293542
 51     0.03092566    -0.00945435    -0.01541115    -0.00988476     0.00284795     0.00675622
 52     0.00655630    -0.01281758    -0.02165284     0.00585481     0.00244632     0.01849713
 53     0.00073040     0.00263518     0.01351056    -0.00454332     0.00065367    -0.01039650
 54    -0.00925718     0.00971479     0.00526386    -0.00047305    -0.00262023    -0.00855700
 55     0.01388495     0.01627947    -0.00452495    -0.00468216    -0.01720370     0.00198377
 56    -0.01308340    -0.00509206    -0.00301143    -0.00041948     0.00907965    -0.00119480
 57     0.00233756    -0.01373526     0.00124353     0.00483589     0.00911742     0.00010224
 58    -0.00907873    -0.00968112     0.00609984     0.00050863    -0.00086594     0.00739531
 59    -0.00344122    -0.00465318    -0.00145347    -0.00076561     0.00036794    -0.00518262
 60     0.01164565     0.01135127    -0.00007807     0.00014112     0.00099374    -0.00352398
 61     0.01299426    -0.00044902    -0.03637892    -0.00433381    -0.00736928     0.00710047
 62    -0.00458420    -0.00140139    -0.00315095     0.00284557     0.00289111    -0.00461213
 63    -0.00969293    -0.00064584     0.04292606     0.00276947     0.00551565    -0.00326778
 64     0.01897802    -0.02030589     0.00995318    -0.00006603     0.00286758     0.00248227
 65    -0.00949982     0.01141579    -0.00556231     0.00007461    -0.00176167    -0.00171151
 66    -0.00901608     0.01753087    -0.00019348    -0.00013452    -0.00122354    -0.00122346
 67     0.02996011    -0.00271690     0.02585655     0.00029432    -0.00285999    -0.00088509
 68     0.00214836    -0.00595172    -0.00070210    -0.00004121     0.00170553     0.00041484
 69    -0.03068723     0.00818398    -0.01906728    -0.00025745     0.00135422     0.00031049
 70     0.00933776    -0.02261917    -0.03738514    -0.00074545     0.00392904     0.00031379
 71    -0.00701378     0.01637796     0.02539770     0.00029344    -0.00164243    -0.00027564
 72    -0.00013974     0.00345787     0.00617903     0.00067556    -0.00232109    -0.00029022
 73     0.01070917    -0.00306859    -0.00205815    -0.00212352    -0.00110714     0.00413650
 74    -0.00377814     0.00090694     0.00194765     0.00081343     0.00036024    -0.00162759
 75    -0.00429821    -0.00122951    -0.00131936     0.00080808     0.00078378    -0.00218213
 76    -0.01864199    -0.00455602    -0.00844011    -0.00015268     0.00024445     0.00157427
 77     0.00099616    -0.00153371     0.00448417     0.00009666    -0.00019252    -0.00080561
 78     0.01473128     0.01003989     0.00263193     0.00013624    -0.00008474    -0.00079733
 79     0.00232956     0.01141967     0.01395276    -0.00299437    -0.00073400     0.00094258
 80     0.00438667     0.00191423    -0.00461840     0.00124603     0.00035576    -0.00051577
 81    -0.00341154    -0.01078737    -0.01049793     0.00141724     0.00045119    -0.00030827
 82     0.01936829     0.01453503     0.00246038    -0.00604598     0.00084375    -0.00894182
 83    -0.00259634     0.01280529    -0.00595122     0.00355875    -0.00008663     0.00344063
 84    -0.01364557    -0.02170078    -0.00047425     0.00271355    -0.00158323     0.00416050
 85     0.00687651     0.01649945    -0.00819231     0.00070231    -0.00078514     0.00096755
 86    -0.00651502    -0.00297682    -0.00408201    -0.00032866     0.00032318    -0.00043747
 87    -0.00040836    -0.01068600     0.00966719    -0.00043535     0.00042367    -0.00055001
 88     0.00719957     0.00512722     0.00379668    -0.00228456    -0.00130009    -0.00137251
 89    -0.00391844    -0.00457613    -0.00688459     0.00095907     0.00064995     0.00072314
 90    -0.00603266    -0.00475768     0.00587446     0.00133047     0.00089518     0.00072374
 91    -0.01758944     0.00863726     0.00705937     0.00153773     0.00132142     0.00115961
 92     0.02331399    -0.00351596    -0.00474220    -0.00070746    -0.00074256    -0.00067431
 93    -0.01044117    -0.00762161    -0.00011057    -0.00064214    -0.00057295    -0.00045846
 94     0.00241894     0.00655279    -0.01125287    -0.00171400    -0.00210363    -0.00024385
 95    -0.00002689    -0.01036470    -0.00210536     0.00108516     0.00114610     0.00021376
 96    -0.00238494     0.00099022     0.01507463     0.00088030     0.00108664    -0.00002627
 97    -0.00100592    -0.01539565    -0.00195915     0.00451299     0.00121934    -0.00050017
 98     0.00278522     0.01454519     0.00280413    -0.00237171    -0.00028561     0.00036893
 99     0.00037870     0.00320713    -0.00297611    -0.00260920    -0.00096455     0.00052688
100     0.00172936     0.00854328    -0.00503267    -0.00199861    -0.00292582     0.00265293
101     0.01148824    -0.00358159     0.00204766     0.00118596     0.00121835    -0.00126440
102    -0.01226409    -0.00535101     0.00551685     0.00125998     0.00198484    -0.00186191
103    -0.01393400    -0.00281001     0.00825686    -0.00188941    -0.00354848    -0.00217784
104    -0.00037131    -0.00026823    -0.01772174     0.00069412     0.00144723     0.00108551
105     0.01090773     0.00685037     0.01074741     0.00086056     0.00229241     0.00130445
106     0.00274444     0.01152519    -0.01587988     0.00244410    -0.00292449     0.00186044
107     0.00311649    -0.00419174     0.00733839    -0.00107774     0.00109570    -0.00075819
108    -0.00340027    -0.00369907     0.00862611    -0.00112235     0.00146650    -0.00123412
109    -0.01545062     0.00381158    -0.01110912     0.00216499    -0.00046494     0.00152351
110     0.02216383    -0.00074741     0.00660613    -0.00130442     0.00027457    -0.00101880
111    -0.00778447    -0.00284500     0.00525402    -0.00109218     0.00010546    -0.00067773
112     0.00600169     0.00022946     0.00801100    -0.00058990    -0.00232836    -0.00238657
113    -0.00255782     0.00439091    -0.00294954     0.00018825     0.00110749     0.00139545
114    -0.00100222    -0.00648175    -0.00503554     0.00015830     0.00128833     0.00109777
115    -0.00731996     0.04545053     0.01889481     0.00023792    -0.00238129    -0.00162643
116     0.00727303    -0.02869206    -0.01333845    -0.00011643     0.00097377     0.00066389
117    -0.00135873    -0.01461894    -0.00351090    -0.00014651     0.00137318     0.00072945
118    -0.02824451    -0.00330814    -0.02025141    -0.00030237     0.00112091     0.00355867
119     0.01206866    -0.00470677     0.01210350    -0.00001506    -0.00048862    -0.00152176
120     0.01643224     0.01828664     0.00391905     0.00024343    -0.00033362    -0.00183214
121     0.00562608     0.01030338     0.00893874     0.00358027     0.00600052    -0.00651487
122    -0.00867463    -0.00528906    -0.01568230    -0.00281396    -0.00342245     0.00289995
123     0.00929501    -0.00608482     0.00812787    -0.00187119    -0.00256411     0.00442820
124     0.00053311    -0.03574467    -0.02633251    -0.00370235     0.00026756     0.00062524
125     0.00181052     0.02120186     0.02601837     0.00172530    -0.00029129    -0.00044432
126    -0.00090408     0.01155596    -0.00002744     0.00173829     0.00007795    -0.00039197
127     0.01257715     0.02752795     0.00437607    -0.01658198    -0.01167335    -0.00687992
128    -0.00843026    -0.01294536     0.00095626     0.00988779     0.00268867     0.00311301
129    -0.00462181    -0.00924314    -0.00864643     0.00581483     0.00476503     0.00558172
130    -0.00129788     0.03477705    -0.02203739    -0.00012916    -0.00141986     0.00135802
131     0.00886407    -0.02489940     0.01371400     0.00013897     0.00078885    -0.00081686
132    -0.00820699    -0.00749222     0.00705986     0.00010270     0.00062005    -0.00058421
133    -0.01415180     0.03112862    -0.02006187     0.00278307     0.00122667     0.00334409
134     0.02365080    -0.02927709     0.01561364    -0.00144034    -0.00103316    -0.00187744
135    -0.00785462    -0.00390581     0.00488392    -0.00138775    -0.00058297    -0.00129340
136    -0.01660253     0.00386623     0.01825412     0.00267595    -0.00256177     0.00039602
137     0.00405538    -0.01391018    -0.01746370    -0.00112701     0.00135497    -0.00010083
138     0.01424362     0.00894744    -0.00472254    -0.00133989     0.00138242    -0.00045281
139    -0.03071269     0.01477220    -0.04255920     0.00688877    -0.00444072     0.00429209
140     0.02190976     0.00179256     0.03357065    -0.00442680     0.00365489    -0.00201826
141     0.00480881    -0.02272719     0.01051637    -0.00236510     0.00198645    -0.00156170
142    -0.01584914     0.00524864    -0.02518667     0.00285764    -0.00046327     0.00014373
143     0.01727167    -0.00801698     0.02364211    -0.00166508     0.00023346     0.00007650
144     0.00337065     0.00302672     0.00186245    -0.00134362     0.00037694    -0.00006982
145    -0.00549004     0.01630615    -0.00464732    -0.00006122    -0.00467489     0.00361823
146     0.00270552    -0.00067758     0.00569311     0.00046752     0.00296958    -0.00245478
147     0.00382197    -0.01449688    -0.00132993     0.00010279     0.00239032    -0.00132577
148    -0.02208995     0.02453362     0.00443945    -0.00428257     0.00359928     0.00029073
149     0.01539966    -0.00902900     0.01320135     0.00166940    -0.00135180     0.00001526
150     0.00224879    -0.01232980    -0.00526567     0.00268124    -0.00207065     0.00027903
151    -0.01787694     0.00043416     0.01876628     0.00230051    -0.00113412     0.00019948
152     0.00350279    -0.00089420    -0.00604196    -0.00119467     0.00074180    -0.00007038
153     0.00997064     0.00230525    -0.00912631    -0.00116654     0.00057033    -0.00024565
154    -0.02882156    -0.00926256     0.00779437    -0.00296377     0.00262949     0.00189605
155     0.00945604     0.00667601    -0.00230347     0.00182739    -0.00150803    -0.00078252
156     0.01555997     0.00117994    -0.00463219     0.00141660    -0.00162114    -0.00121747
157    -0.00717924    -0.00419901     0.01449453     0.00157449    -0.00139917     0.00107620
158     0.00284097     0.00405325    -0.00438981    -0.00071226     0.00060256    -0.00059405
159    -0.00034652    -0.00227956    -0.00419578    -0.00066242     0.00072004    -0.00047636
160    -0.00647954     0.00336195    -0.00953639     0.01238713     0.00123169    -0.00077869
161    -0.00305873     0.00222792     0.00473794    -0.00426104    -0.00005329     0.00021776
162     0.01000649    -0.00233823     0.01562037    -0.00622174    -0.00115243    -0.00110803
163    -0.02934127    -0.01380097    -0.01466116     0.00125677    -0.00041565     0.00105804
164     0.01171159     0.01280964    -0.00018090    -0.00059465     0.00014198    -0.00047364
165     0.01719881     0.00308858     0.01530884    -0.00077236     0.00023773    -0.00061482
166    -0.00302775    -0.01481980     0.00563702     0.00240110     0.00102207     0.00161092
167     0.00133375     0.01320631     0.00141336    -0.00100277    -0.00056481    -0.00071995
168     0.00457824    -0.00017522    -0.00801319    -0.00138395    -0.00057847    -0.00070527
169     0.02909168    -0.01236394     0.01778952    -0.00642721    -0.00075454     0.00860961
170    -0.00371876     0.00587784    -0.01919697     0.00199537     0.00048070    -0.00322370
171    -0.02336809    -0.00262073     0.00296371     0.00341213     0.00019688    -0.00312621
172    -0.00426836    -0.00718165     0.00180114     0.00235597    -0.00113540     0.00104367
173     0.00048298     0.00041669     0.00069221    -0.00114668     0.00043785    -0.00060967
174     0.00467839     0.01039446    -0.00994840    -0.00101531     0.00062965    -0.00053693
175     0.01633391     0.02590870    -0.01394770    -0.00248285    -0.00135855     0.00027116
176     0.00163604    -0.00731203     0.00716943     0.00103374     0.00061699    -0.00019254
177    -0.01911274    -0.01171580    -0.00070332     0.00150484     0.00089960    -0.00024509
178     0.00818885     0.01691663     0.04729716    -0.00367337    -0.00282508     0.00118554
179    -0.01260888    -0.01810564    -0.02318783     0.00192090     0.00136075    -0.00099102
180    -0.00015582     0.00470446    -0.01491129     0.00245926     0.00180490    -0.00049731
181     0.00180873     0.00938792    -0.00314889     0.00037453    -0.00213958    -0.00364531
182    -0.00084849    -0.00843438     0.00817440    -0.00030044     0.00078979     0.00180210
183    -0.00322124     0.00091099    -0.00924331    -0.00043508     0.00133840     0.00186060
184    -0.00256683    -0.00334561    -0.01592415    -0.00057356    -0.00218100     0.00408621
185    -0.00407058     0.00240221    -0.00347513     0.00022653     0.00145238    -0.00196410
186     0.00661811     0.00265141     0.01700562     0.00004915     0.00086450    -0.00175359
187     0.00407782     0.02229332     0.01928555     0.00338790    -0.00063219     0.00340840
188     0.00628831    -0.00367803     0.00786623    -0.00171207    -0.00004200    -0.00184475
189    -0.00955559    -0.01494985    -0.03218519    -0.00234745     0.00054471    -0.00202795
190     0.02454393    -0.02292177     0.00837918     0.00140306     0.00318558     0.00171650
191    -0.01331029     0.00687719     0.00925056    -0.00091092    -0.00172608    -0.00069174
192    -0.00795043     0.00990221    -0.00874325    -0.00046028    -0.00152044    -0.00072087
193    -0.00678874    -0.00882465     0.00275396     0.00313088     0.00406141     0.00447685
194     0.00748607     0.00238989    -0.00149426    -0.00106083    -0.00208969    -0.00260799
195    -0.00155780     0.01034812    -0.00103404    -0.00120737    -0.00181975    -0.00157463
196     0.00065095     0.00949917     0.00037507     0.00237743     0.00016494     0.00052827
197    -0.00759320    -0.01524260    -0.00578574    -0.00134551     0.00002129    -0.00024162
198     0.00551720     0.00519359     0.00336921    -0.00103465    -0.00007427    -0.00016203
199    -0.01140684     0.00208077    -0.00366873    -0.00106737    -0.00277719     0.00124799
200     0.01098965     0.00305303    -0.00162148     0.00044456     0.00164994    -0.00061951
201     0.00106233     0.00267949     0.00143976     0.00067114     0.00147120    -0.00086468
202    -0.00253972     0.00508804     0.02534453     0.00318351     0.00110561     0.00074944
203    -0.00534213     0.00767687    -0.01335841    -0.00148201    -0.00033272    -0.00035104
204     0.00858506    -0.01224207    -0.01024190    -0.00189007    -0.00066720    -0.00022797
205     0.00832550    -0.00952158    -0.01408440    -0.00271155    -0.00158704     0.00226314
206    -0.00336052     0.00399195     0.00545654     0.00121864     0.00062975    -0.00084882
207    -0.00194720     0.00521988     0.00644545     0.00130084     0.00060400    -0.00129469
208    -0.02536755     0.01418609     0.02595207     0.00006733    -0.00176368     0.00100081
209     0.00271469    -0.01841093    -0.01499201    -0.00000329     0.00085214    -0.00059501
210     0.02364703     0.00678438    -0.00836661    -0.00013125     0.00094841    -0.00053049
211    -0.00574848     0.00423355     0.01424591     0.00150718    -0.00277191    -0.00012114
212     0.00606818     0.00316656    -0.00152078    -0.00054283     0.00129910     0.00005547
213     0.00460316     0.00485696    -0.01428604    -0.00081204     0.00142064     0.00025295
214     0.03202217    -0.00493965     0.02898053     0.00241041    -0.00181491    -0.00311290
215    -0.01005340    -0.01100399     0.00098865    -0.00101378     0.00113073     0.00151769
216    -0.01630714     0.01500152    -0.02288749    -0.00108779     0.00072194     0.00175151
217    -0.02340085    -0.00158076    -0.00349639     0.00009141     0.00002067     0.00203691
218    -0.00528418    -0.00538483     0.00356853     0.00000208    -0.00006983    -0.00092418
219     0.03106421     0.00317335    -0.00372452    -0.00013388    -0.00004965    -0.00102365
220     0.00361886     0.01391099    -0.01926820     0.00484874    -0.00067667    -0.00096486
221     0.00125926    -0.00201387     0.00101237    -0.00224823     0.00055523     0.00072628
222    -0.00315030    -0.01537851     0.02070853    -0.00267937     0.00057649     0.00019740
223    -0.01131499    -0.00577415     0.00851666    -0.00529578     0.01935745     0.00442752
224     0.00596055     0.00235194    -0.00952978     0.00340589    -0.01101890     0.00006460
225     0.01012400     0.00248885    -0.00118455     0.00000142    -0.00787500    -0.00182424
226    -0.02033848    -0.00182386    -0.01929162    -0.00162578     0.00139395     0.00188301
227     0.00568716    -0.00160361     0.01917126     0.00098661    -0.00087767    -0.00094746
228     0.01018920     0.00092693    -0.00038061     0.00073336    -0.00076646    -0.00110075
229    -0.00865866     0.01678617     0.00526219     0.00190227    -0.00278894    -0.00130019
230     0.01097297    -0.00109588     0.00958740    -0.00087584     0.00146111     0.00089225
231    -0.00580824    -0.01888653    -0.01262785    -0.00133392     0.00161126     0.00070652
232     0.00901086     0.01520951     0.00331404     0.00012824     0.00449786    -0.00117284
233    -0.01274513    -0.01344973     0.00751007    -0.00015159    -0.00175356     0.00048708
234     0.00181123    -0.00009512    -0.00547901     0.00011303    -0.00224645     0.00029635
235    -0.01677783    -0.00821409    -0.00027921    -0.00010823    -0.00172193     0.00053095
236    -0.00184752    -0.00099192    -0.00475796     0.00012644     0.00081942    -0.00026478
237     0.00973587     0.00408175     0.01008038     0.00003046     0.00088503    -0.00035508
238    -0.01299057     0.02588177    -0.01137049    -0.00086121    -0.00039324     0.00233163
239     0.01158535    -0.02115134     0.01024826     0.00034575     0.00028672    -0.00110641
240     0.00592419    -0.00045006     0.00171611     0.00041158     0.00014628    -0.00138709
241     0.01913312     0.01308367    -0.01332615    -0.00067011    -0.00140996     0.00185577
242    -0.01050949    -0.01410849     0.01339823     0.00044857     0.00087311    -0.00115703
243    -0.00770979     0.00455466    -0.00317800     0.00039237     0.00063999    -0.00080358
244     0.01005684    -0.00503106     0.00116431    -0.00116358    -0.00304339    -0.00973334
245    -0.01548318     0.01188422     0.00498236     0.00137283     0.00073894     0.00501843
246     0.00350790    -0.00621373    -0.00081937     0.00050052     0.00117474     0.00330649
247     0.02238585    -0.01754934    -0.01156490    -0.00310665     0.00629989     0.00158922
248    -0.02508823     0.01942014     0.00579638     0.00188723    -0.00467712    -0.00106277
249    -0.00003584     0.00372552    -0.00115036     0.00204333    -0.00282342    -0.00054149
250    -0.00681060    -0.00291303     0.00444249     0.00109969     0.00169223     0.00163969
251    -0.00375282    -0.00029248     0.00335804    -0.00059388    -0.00105865    -0.00083896
252     0.01083431     0.00169397    -0.01281417    -0.00043423    -0.00081461    -0.00089662
253     0.02372811    -0.00548984    -0.00377618    -0.00157979    -0.00114818     0.00051653
254     0.00405782     0.00080028    -0.00104910     0.00065744     0.00050860    -0.00020471
255    -0.02351131     0.00052566     0.01151710     0.00084585     0.00072457    -0.00027081
256     0.02567397    -0.00360411    -0.01813408     0.00019327    -0.00239222     0.00039031
257    -0.00854499     0.02455583     0.00009844    -0.00004407     0.00143425    -0.00027694
258    -0.00784450    -0.01636336     0.01093707    -0.00002184     0.00103753    -0.00021235
259     0.02061744     0.00179683    -0.00462993     0.00327018    -0.00161714    -0.00177087
260    -0.02089950     0.00175885     0.01499823    -0.00129070     0.00058924     0.00073709
261    -0.00358054    -0.00117241    -0.01117496    -0.00166237     0.00092706     0.00122493
262     0.00024149    -0.01152064     0.00829248    -0.00043299     0.00234426     0.00070513
263     0.00072818     0.00000259    -0.00316582     0.00027040    -0.00113829    -0.00047089
264    -0.00130668     0.00909728    -0.00020773     0.00016983    -0.00097491    -0.00027799
265    -0.00811293    -0.03710519    -0.01614789    -0.00021056    -0.00026183     0.00164947
266    -0.00716562     0.02898374     0.02188779     0.00011045     0.00021662    -0.00088262
267     0.01437218     0.00782064    -0.00392269     0.00005007     0.00009605    -0.00087565
268    -0.00176165     0.02554180     0.02452089    -0.00040479     0.00546749    -0.00398119
269     0.00555314    -0.00649718    -0.00622700    -0.00039480    -0.00312271     0.00248782
270    -0.00630773    -0.01733904    -0.01905500     0.00011082    -0.00270062     0.00135117
271     0.00127723    -0.00500375    -0.00527883     0.00253805     0.00392367     0.00070530
272     0.00443889     0.00093860     0.00352919    -0.00120829    -0.00198277    -0.00001735
273    -0.00588219     0.00761948    -0.00029059    -0.00144685    -0.00165891    -0.00037380
274    -0.00470332    -0.01769866     0.02225335     0.00493047     0.00110616    -0.01175784
275     0.01058102     0.00546500    -0.00732315    -0.00126669     0.00039031     0.00644435
276    -0.00710151     0.00942508    -0.02067739    -0.00422895     0.00017097     0.00610590
277    -0.00105210    -0.01514949    -0.00074372    -0.00187341    -0.00084250     0.00107812
278    -0.00386123     0.00337443    -0.01518192     0.00080058     0.00039440    -0.00056955
279     0.00223129     0.00780597     0.01124477     0.00088539     0.00047721    -0.00043669
280     0.00387864     0.00693970    -0.01551457     0.00153765    -0.00406244     0.00106682
281    -0.00438719    -0.00405599     0.00451387    -0.00082486     0.00186009    -0.00024685
282     0.00087085    -0.00394025     0.00806810    -0.00110704     0.00210390    -0.00076541
283     0.00214289    -0.02216799     0.01520654     0.00069362    -0.00219053     0.00089642
284    -0.00473739     0.01139629    -0.01360763    -0.00044854     0.00136991    -0.00052766
285     0.00120948     0.00845808    -0.00286776    -0.00024590     0.00105564    -0.00034949
286    -0.00146178    -0.00683688     0.01260001    -0.00280979    -0.00068239    -0.00230593
287    -0.00186021    -0.00432363     0.00075596     0.00113858     0.00019507     0.00095763
288    -0.00050104     0.01069526    -0.01276230     0.00138163     0.00050459     0.00097012
289    -0.01240473     0.01499978    -0.00476454    -0.00062248     0.00203258     0.00136313
290     0.01072704    -0.01176201     0.00455481     0.00027361    -0.00117488    -0.00086031
291     0.00555533    -0.00281469    -0.00396609     0.00032413    -0.00085195    -0.00067369
292    -0.02231829     0.01755938     0.00486737     0.00047482     0.00155909     0.00211893
293     0.00816012    -0.01677949     0.00541263    -0.00027768    -0.00068975    -0.00118391
294     0.01591509    -0.00178794    -0.01435708    -0.00010011    -0.00070549    -0.00097537
295     0.02090261     0.02121175     0.00653454    -0.00056210    -0.00442172    -0.00053193
296    -0.01341725    -0.00487576    -0.00290352     0.00044116     0.00187048     0.00031320
297    -0.00853339    -0.02449753     0.00134140     0.00035407     0.00286792     0.00057977
298    -0.00027786    -0.00960615    -0.01858849    -0.00042815    -0.00006777     0.00346212
299     0.00923926    -0.00353341     0.01215888     0.00007521     0.00001250    -0.00145241
300    -0.00827228     0.00223039     0.01185905     0.00010506     0.00012198    -0.00215594
301     0.00241349    -0.00221047     0.00589738    -0.00226783    -0.00087917    -0.00389136
302    -0.00598668    -0.00361506    -0.00828476     0.00138543     0.00049724     0.00174158
303     0.00558356     0.00795130     0.00071499     0.00137666     0.00024544     0.00247010
304    -0.00873863    -0.01934261    -0.00084584    -0.00183211    -0.00218886     0.00064136
305    -0.00122703     0.00894168     0.00109720     0.00080920     0.00121377    -0.00039207
306     0.00888305     0.00310811     0.00201803     0.00120590     0.00124118    -0.00041272
307     0.00244818     0.00171411    -0.00772508     0.00065029     0.00013668     0.00196098
308    -0.00103095     0.00579958     0.00340640    -0.00036551     0.00002796    -0.00105081
309    -0.00462332    -0.00783869     0.00082584    -0.00041430    -0.00012290    -0.00096874
310     0.00777427     0.01264324    -0.01615451     0.00440389    -0.00389200    -0.00125335
311    -0.01110282    -0.00875978     0.02085598    -0.00205141     0.00143584     0.00079437
312     0.00597803    -0.00235909    -0.00339570    -0.00200387     0.00168493     0.00018951
313     0.00361071    -0.00481470    -0.00310631    -0.00341712     0.00430004    -0.00474443
314     0.00133547     0.00061298    -0.00154378     0.00118810    -0.00259293     0.00233975
315     0.00057150     0.00173514     0.00295385     0.00124150    -0.00146319     0.00192617
316    -0.00315302     0.02852600     0.02329799    -0.00102550    -0.00109331     0.00132056
317    -0.00767408    -0.00999904    -0.01938464     0.00055297     0.00061854    -0.00060807
318     0.01337431    -0.02233711    -0.00424236     0.00056827     0.00046779    -0.00065974
319    -0.00594480    -0.00428898     0.00701360     0.00027557     0.00277111     0.00116946
320     0.00112224     0.00496325    -0.00657468    -0.00008213    -0.00142099    -0.00078742
321     0.00013001    -0.00014046     0.00195212     0.00000027    -0.00135987    -0.00047559
322    -0.02150984     0.02174944    -0.00311996     0.00208854     0.00018965     0.00114203
323     0.00198294    -0.00440946     0.00867628    -0.00112487    -0.00011198    -0.00046952
324     0.02093657    -0.01955129    -0.00570337    -0.00109772    -0.00021715    -0.00067501
325     0.00245900     0.04066756    -0.01025545     0.00127909    -0.00083226    -0.00336200
326     0.01040156    -0.03548431    -0.00673323    -0.00069139     0.00021669     0.00196536
327    -0.01498590    -0.00521909     0.01347285    -0.00058374     0.00028385     0.00134568
328     0.01832528    -0.00460192     0.04388050    -0.00126029    -0.00043658     0.00174378
329    -0.00244616     0.01950317    -0.02616801     0.00078130     0.00018404    -0.00098793
330    -0.01698568    -0.01812324    -0.02114973     0.00053720     0.00017016    -0.00091237
331    -0.01070181    -0.02473304     0.00217548    -0.00500658    -0.00050148    -0.00075206
332    -0.00240396     0.00192508    -0.00142672     0.00233223     0.00004662     0.00006663
333     0.01379885     0.02163529     0.00694281     0.00197189     0.00038801     0.00033360
334    -0.04428935     0.03504011    -0.00791752    -0.00662838    -0.00384368    -0.00050630
335     0.02947146     0.00700217    -0.00731713     0.00455537     0.00281349     0.00068594
336     0.01733396    -0.03126767     0.00643862     0.00330999     0.00118121     0.00032045
337     0.00018999    -0.01184701     0.03798403    -0.00281642    -0.00095273    -0.00051019
338     0.00145150     0.01664065    -0.03047869     0.00134596     0.00055775     0.00010585
339    -0.00015506    -0.00967272    -0.00759250     0.00130433     0.00054434     0.00037557
340    -0.01764558     0.01465063     0.02430663     0.00070521    -0.00130920     0.00125143
341     0.00570552     0.00054098     0.00453842    -0.00034377     0.00053878    -0.00056129
342     0.01534077    -0.01604511    -0.02949646    -0.00039108     0.00071103    -0.00056625
343     0.00261255     0.00144163     0.01821302     0.00272723     0.00222335     0.00109020
344    -0.00060126    -0.00337571    -0.02060906    -0.00111605    -0.00093770    -0.00061299
345     0.00283166     0.00272729    -0.00095819    -0.00151412    -0.00093172    -0.00049310
346     0.02812441     0.02028258    -0.01089221    -0.00012079    -0.00432296     0.00115950
347    -0.01110456    -0.00712660    -0.00847099     0.00019306     0.00236389    -0.00031618
348    -0.02303273    -0.01703569     0.01684803    -0.00029006     0.00237487    -0.00060306
349    -0.00754249    -0.02258930    -0.01998334    -0.00494829    -0.00026162     0.00308440
350    -0.00575061     0.01974755     0.00433369     0.00219473    -0.00021978    -0.00124934
351     0.00817030     0.00301187     0.01195284     0.00243677     0.00037666    -0.00111386
352     0.00347154     0.00925584     0.00061130    -0.00322395     0.00102190     0.00173821
353    -0.00237047    -0.00627472    -0.00003535     0.00128706    -0.00041428    -0.00085161
354    -0.00277531    -0.00141784    -0.00304127     0.00166611    -0.00081133    -0.00094276
355    -0.02721544    -0.01912352    -0.01308788     0.00888813     0.00261759     0.00611451
356     0.00327844     0.01390754     0.00761971    -0.00312708    -0.00167076    -0.00262027
357     0.02103461     0.00654070     0.00323510    -0.00498880    -0.00132841    -0.00502744
358    -0.00800649     0.01945829     0.03516777    -0.00114000    -0.00774111    -0.00321398
359     0.00172104    -0.01465532    -0.02151574     0.00114903     0.00515007     0.00127285
360     0.00751924     0.00235835    -0.01214789    -0.00007695     0.00431032     0.00242287
361    -0.00450585     0.01230896    -0.01377895    -0.00061868    -0.00171698     0.00061954
362     0.00677008    -0.00883397     0.01299563     0.00037793     0.00103195    -0.00040349
363    -0.00193735    -0.01303585     0.00337498     0.00036656     0.00084362    -0.00024471
364    -0.00690085     0.00469908     0.00249027     0.00059810    -0.00226426    -0.00014351
365    -0.00311728    -0.00402455     0.00312557    -0.00025697     0.00093537     0.00007059
366     0.00159818    -0.00548173    -0.00426867    -0.00023201     0.00118245    -0.00002493
367    -0.00049280     0.00493080     0.00748432     0.00173033    -0.00118107     0.00251310
368    -0.00306114    -0.00632104    -0.00266654    -0.00112461     0.00052489    -0.00143625
369    -0.00212922     0.00050592    -0.00432132    -0.00087900     0.00084521    -0.00142402
370     0.02100573     0.01572228     0.05462087     0.00311733    -0.00780846    -0.00809723
371    -0.01101074     0.00949315    -0.01677890    -0.00069898     0.00325070     0.00482798
372    -0.00834844    -0.02445332    -0.03561227    -0.00338483     0.00494561     0.00499021
373    -0.00395872    -0.00361331     0.01771254    -0.00222254     0.00426732     0.00373294
374     0.00056059     0.02266186    -0.01869960     0.00117373    -0.00255066    -0.00154362
375     0.00443097    -0.01570067     0.00895360     0.00163217    -0.00265594    -0.00273716
376    -0.02126968    -0.01197510     0.00166793     0.00153119     0.00048573     0.00431704
377     0.00523462     0.00295087    -0.00378139    -0.00114455    -0.00039311    -0.00224111
378     0.01329114     0.00755188     0.00628393    -0.00071759    -0.00011409    -0.00279037
379    -0.01312644    -0.00000874     0.00393179     0.00042064    -0.00170192     0.00190242
380     0.00252817    -0.00542035     0.00205642    -0.00028474     0.00077015    -0.00081525
381     0.00878783     0.00641361    -0.00092542    -0.00009504     0.00079017    -0.00082740
382    -0.02612839    -0.00955455    -0.00111222     0.00199423     0.00423426    -0.00100930
383     0.01931466     0.00260484    -0.00036556    -0.00070648    -0.00239024     0.00055948
384     0.00636272     0.00277805    -0.00305447    -0.00148811    -0.00256083     0.00080640
385    -0.00753478    -0.00229650     0.00024813     0.00521784    -0.00160213     0.00100349
386     0.00370600     0.00573937    -0.00068355    -0.00303711     0.00126203    -0.00093606
387     0.00255670    -0.00108849    -0.00227352    -0.00199284     0.00062805    -0.00053671
388    -0.00045083     0.00970049    -0.00589979     0.00026101    -0.00110814     0.00254230
389    -0.00177370     0.01738122     0.00767584    -0.00020791     0.00064942    -0.00117032
390     0.00044504    -0.03051171    -0.00290717    -0.00022991     0.00044168    -0.00135914
391     0.02189717     0.00129170    -0.00889165    -0.00303298    -0.00269946    -0.00116316
392    -0.01468180    -0.00598734    -0.00106484     0.00149016     0.00167670     0.00081719
393    -0.00198471     0.00471954     0.00923824     0.00203366     0.00154434     0.00055589
394    -0.00693434     0.00200557    -0.01802711     0.00146492    -0.00275311     0.00317290
395     0.00196409     0.00896394    -0.00042423    -0.00065729     0.00187071    -0.00178628
396     0.00514198    -0.00776965     0.01862505    -0.00045702     0.00114815    -0.00130759
397     0.00383825     0.01939369    -0.01403453     0.00916377    -0.01224223    -0.00017130
398    -0.00221278    -0.01441365     0.01002628    -0.00659495     0.00596229     0.00158803
399    -0.00080844    -0.00525808     0.00548837    -0.00321385     0.00391543     0.00054939
400     0.00350623     0.00399426    -0.04025667     0.00026748     0.00351148     0.00545219
401    -0.01100539    -0.01158406     0.02090011    -0.00005228    -0.00117116    -0.00243947
402     0.00577288     0.00315079     0.01647787     0.00033587    -0.00230599    -0.00360687
403    -0.00556492     0.00040959     0.01485103    -0.00185211     0.00058737     0.00172436
404     0.00233443     0.00212004    -0.01198385     0.00074859    -0.00021738    -0.00076869
405     0.00435123     0.00381321     0.00113970     0.00089642    -0.00043726    -0.00089379
406    -0.00078578    -0.00244525     0.02096733    -0.00577747     0.00010090    -0.00335242
407    -0.00211264     0.00264650     0.00333308     0.00218239     0.00019044     0.00147766
408     0.00530851     0.00422722    -0.02356203     0.00300465     0.00008215     0.00111291
409    -0.00315030    -0.01654684    -0.01299046    -0.00017601     0.00125844     0.00181183
410     0.00703685     0.00197575    -0.00394580     0.00018418    -0.00070531    -0.00107413
411    -0.00731308     0.01465600     0.01848621     0.00013100    -0.00053591    -0.00078557
412    -0.00294368     0.02970279     0.00396706     0.00152230     0.00048929    -0.00438797
413    -0.00028722    -0.02673080     0.00292185    -0.00070199    -0.00051027     0.00194289
414     0.00387236    -0.00251791    -0.00354720    -0.00105687    -0.00035716     0.00301730
415    -0.00094362    -0.01455389    -0.02365978    -0.00035233    -0.00079027     0.00201786
416     0.01527333     0.00786122     0.00776498     0.00008888     0.00044568    -0.00112967
417    -0.01335517     0.00213840     0.01425351     0.00022252     0.00050746    -0.00100126
