 Number of water molecules:
         190

 Atomic and electronic energies:
    -3.20968214    -0.12129098

 Atomic coordinates:
  1    -9.76263329    14.91925263    -8.88966163
  2    -9.57172059    15.18372818    -7.02628784
  3   -10.25479436    13.08120809    -9.05786181
  4     7.88376471     5.62530365    11.82353710
  5     8.63392725     7.43138159    11.71273400
  6     7.13179718     5.25157756    10.10053907
  7    -6.12181040     8.52424391     7.64800114
  8    -4.89306557     7.16988423     8.14488185
  9    -6.07871971     8.64408178     5.67959978
 10    14.58033582    -6.54479747    -9.21584007
 11    16.46639198    -6.32101602    -9.59389525
 12    14.58003747    -6.72715633    -7.28566290
 13     1.86172570     7.05621535    10.80435089
 14     2.45915504     6.41543940    12.49995975
 15     3.06622791     6.14840056     9.52260578
 16    -9.86817879     9.39694054    -9.00180734
 17   -10.76417571     7.77091582    -9.25521871
 18    -8.06951039     9.06989893    -9.60498171
 19     2.09841031     2.16029752   -19.22825816
 20     2.26863193     0.22658659   -18.91547138
 21     0.32762171     2.72395031   -18.81565335
 22   -17.96410334     9.08163458     2.05071047
 23   -16.44391554     9.76501716     3.06847567
 24   -18.92198065    10.70577651     1.54352217
 25     8.60823508     6.85630984   -13.06937734
 26     7.75154584     5.69712827   -14.40952806
 27     7.82083001     6.48283627   -11.35008627
 28    -5.51650807   -11.34284299    -9.88131964
 29    -4.95515345    -9.52355873   -10.04942975
 30    -7.13003823   -11.33534684    -8.79339212
 31   -13.14211817     2.36892112     5.83300581
 32   -13.61080030     3.98389751     6.85141100
 33   -12.64015058     2.87554285     4.04646296
 34    -1.71442422     8.91443947   -13.86995324
 35     0.08424349     8.60159112   -13.16083434
 36    -1.94197940    10.84312301   -13.66215200
 37     6.87479753     6.00906958    -8.30537644
 38     8.57660478     6.46317942    -7.51432257
 39     6.15540340     4.56880557    -7.22991433
 40     3.01988285    -5.35560737   -13.73033049
 41     1.74285107    -4.63918069   -12.46349820
 42     2.76516080    -7.19041818   -13.68040211
 43    -3.55815740     4.44210930     0.61618857
 44    -3.02835465     4.82692546    -1.19862557
 45    -4.98935734     3.11495890     0.65476743
 46     7.74117995     0.51073059    12.70629866
 47     7.31237972    -0.15526543    10.95252018
 48     8.42110567     2.24878772    12.45260115
 49     2.29340570     7.64758526    -1.78453015
 50     3.27881705     6.05117407    -1.63901203
 51     3.60302324     8.97140781    -2.37647304
 52     5.63109572    -7.76292459    15.31115933
 53     7.51245346    -7.74188931    14.84553986
 54     4.61622357    -6.64652966    14.09083833
 55   -15.10797939    -9.77183193    -5.96375306
 56   -16.43609625   -10.89722496    -5.29607875
 57   -13.41514333   -10.68210145    -5.79808625
 58    -8.92070122     4.97384549    14.29346474
 59    -8.04165936     4.28354635    15.86351404
 60    -9.10456814     3.41848218    13.12913982
 61    10.69010828    -4.64234589     8.85453529
 62     8.99662148    -3.82785977     8.66601932
 63    11.86541641    -3.10762542     8.77932092
 64   -14.02193754    -5.34652058     9.74212462
 65   -14.68276032    -5.61954052     7.98842326
 66   -13.59193771    -3.46189508     9.94525062
 67    10.02791146   -13.35144564     3.23130797
 68     9.05881457   -14.90027800     2.58804128
 69     9.21844913   -11.93239912     2.24528064
 70     1.41162055     0.69806253    -8.09928982
 71     2.91180005     1.08675498    -6.92422863
 72    -0.22122146     1.25437047    -7.15197916
 73     0.32236574     1.77751166     2.13888305
 74     0.41201691     0.19945612     1.03325102
 75    -1.31079538     2.68493602     1.50384766
 76    -0.68256262   -13.26722444   -10.92119057
 77    -2.49992318   -12.43372193   -10.84727780
 78    -1.03167111   -15.02379061   -10.30646332
 79    -2.51287823    -3.11985217    -4.22750013
 80    -0.76393639    -3.19763948    -3.55995693
 81    -2.84218061    -1.41119969    -4.98581088
 82     1.75195885     0.02340271     6.71088736
 83     1.37552430     0.74253220     4.94970572
 84     0.36993778    -1.25254172     7.01017144
 85    -4.57643188    -4.05753367     0.18066505
 86    -5.15586452    -2.30826069     0.71757959
 87    -3.79500772    -3.79234931    -1.56389017
 88    -1.37792918    11.38372759     2.29529543
 89    -0.96701034     9.78748414     3.25628951
 90     0.27314576    12.07647363     1.68984965
 91   -15.25291285     9.57038649    -4.67365797
 92   -15.64505391     8.34020731    -3.24862010
 93   -16.08887170     8.83365413    -6.24100839
 94     2.81183436   -12.75076706    -7.10521499
 95     1.38182479   -12.80862185    -8.43712386
 96     2.34092061   -14.24866917    -5.97690964
 97    -1.72728599    14.50944283    -3.17622439
 98    -0.86836501    13.18403141    -2.15815183
 99    -3.59828202    14.29563627    -2.80352026
100    -6.96084060    -1.49534600     6.44753093
101    -7.47613067    -1.12438319     8.27742416
102    -5.11553384    -1.94758313     6.45874122
103    -2.17645228     7.30136996    16.02620253
104    -0.50542414     8.27519275    15.93358465
105    -3.60442684     8.51165361    15.71317005
106    -5.84968671     3.84046946    18.18067596
107    -4.38862050     5.00631364    17.74555439
108    -5.14087526     2.00832273    18.43018831
109   -13.96066799    -2.06965242     0.31452709
110   -14.35341941    -3.18321656     1.82241039
111   -13.56450916    -3.31511676    -1.15841601
112     3.01261471   -16.53335770     9.71267644
113     1.20479907   -16.00902063     9.54704296
114     3.57761315   -16.76077350     7.92527658
115    -6.94947315     3.50255554    -8.14409651
116    -8.62394828     3.51265549    -9.05074872
117    -6.07015362     5.10618537    -8.84388953
118     9.43481303   -11.93139863    11.51730028
119     8.11187095   -12.84363054    12.52899195
120     9.82281226   -10.26523348    12.36505895
121   -13.43324259    -6.40386570   -10.09567092
122   -14.32593890    -7.63028806    -8.94222260
123   -11.73775415    -6.08719778    -9.20065392
124   -18.10053465     1.01544880    -0.78587382
125   -16.73129457    -0.33200574    -0.58698615
126   -18.91425833     1.04485227     0.97769793
127     9.77484130    13.57373673     4.01467872
128     8.74422858    13.49779472     5.66399534
129     9.97267243    15.43491292     3.49707809
130    -9.77628055   -10.84454477    -6.38911065
131    -9.67999970    -9.02609369    -7.01357918
132    -9.68797022   -10.71332507    -4.46482388
133    12.38710641     5.89627762    -7.57036894
134    12.14756618     4.09419655    -6.94478087
135    13.08121783     5.74759575    -9.35402023
136    -5.88883958    -8.29335259     5.14935954
137    -7.19622803    -7.11931409     4.27577890
138    -4.13045553    -7.57891041     4.65089787
139    -4.71053635    -6.31291110   -10.90865700
140    -5.14492413    -6.44352481   -12.78319396
141    -3.05736531    -5.35157288   -10.99427545
142    -6.75247082     9.52108884    14.98046932
143    -7.60773006     7.87878879    14.43023027
144    -7.95333806    10.24873352    16.26997282
145    -5.86929203   -12.52671477    13.63952902
146    -6.59887468   -14.10574563    12.85836776
147    -5.86945785   -11.20242474    12.25728724
148    -6.26809180    16.26924638   -12.71508187
149    -7.41198945    16.99322595   -14.15247475
150    -7.42063514    15.63043244   -11.29245957
151    -9.02396439     5.16299601   -15.41324760
152    -9.91344264     3.57086341   -15.93390202
153    -9.87780888     5.69103278   -13.78736641
154     2.13863360    10.45156840    15.64295185
155     2.59576309    11.91142072    16.81590926
156     1.91999826    11.15941371    13.91886006
157     8.30724175    -8.64297295     1.68946596
158     9.87091580    -7.81106824     2.49145041
159     6.71694567    -7.72868893     2.29223820
160    13.06217035    -0.32726390     7.66804387
161    11.57238523    -0.11372781     6.42536717
162    14.50920270     0.43799753     6.65719784
163    -5.75870649    -6.14874398   -15.90644807
164    -4.66468255    -4.80753282   -16.75731555
165    -5.99618222    -7.50768633   -17.16632784
166    11.14397830    -2.16573302    15.45055154
167    10.16817433    -2.49397683    17.00469346
168     9.88790412    -1.17970089    14.34066314
169   -15.94088433    -1.78808539   -10.64028424
170   -15.22818928    -3.61721481   -10.71037285
171   -16.26359817    -1.48558952    -8.76285583
172    -1.45782427    13.87315634   -12.26723688
173    -0.63721749    14.43683489   -10.59525305
174    -3.11660811    14.90798027   -12.47047763
175   -17.78081998     0.28988517     4.39555356
176   -18.54999398     1.95601923     5.09229746
177   -15.92972474     0.39764943     4.99490410
178   -18.37945702     5.35012667     5.66671073
179   -17.13421060     5.71152161     7.04023179
180   -18.58961670     6.86243392     4.51253268
181     2.95919855   -10.51430107   -13.49666026
182     3.46306762   -11.88901586   -14.68447282
183     1.53700140   -11.36285976   -12.44275581
184    -2.26431198     4.95495038     8.74266814
185    -0.78580686     5.62286349     9.79337895
186    -2.81616219     3.33016010     9.55069715
187     2.51686766     7.50824854   -11.28552662
188     4.04457326     7.53118733   -10.06071699
189     2.55070343     5.75575832   -12.09279714
190   -16.22563501     5.55176684    -1.41062170
191   -17.01725020     6.59911248     0.00525156
192   -17.06204820     3.78930500    -1.34669540
193    -2.79515394     1.71321348    -5.72644923
194    -2.48134076     3.48782439    -5.00559941
195    -4.41632042     1.88709689    -6.79986081
196    10.81351429    10.99830894   -11.00732624
197    10.12785331     9.42868116   -11.95493369
198     9.64478981    12.46217552   -11.49084188
199    15.08038860     6.58757264    12.73876118
200    15.01911940     4.66656816    12.59820803
201    14.35136477     6.93460017    14.42609826
202    -0.82328930   -10.31462284     9.70714097
203    -2.61454490    -9.69045003     9.96273933
204    -0.13359508   -10.23404367    11.51137828
205     7.93462471     5.67088570     3.48325688
206     7.08788397     7.40936762     3.53533006
207     9.85321265     5.97814186     3.73567912
208     9.61709933    -7.05936350    -3.07042814
209     8.41319859    -8.08093553    -4.21262640
210     9.13803633    -7.57286801    -1.31135684
211    14.86162828     9.39000360     8.67562251
212    15.10679823     8.32235359    10.24841260
213    16.35423646    10.56922427     8.85746433
214     7.06630003    -2.15560079     0.94937263
215     5.78938334    -1.28337285    -0.15580148
216     6.01124365    -3.51866605     1.86129939
217    16.29976976     1.32933763    -2.35975519
218    15.24601823     1.72904201    -3.91164609
219    15.30799785     0.01630874    -1.40564382
220     9.95433175    10.04111925    11.12894781
221    11.69378781    10.00230165    10.35520521
222     8.85904747    11.09673996     9.94521621
223    -1.44370461    -7.00710683     2.91406539
224    -2.41512811    -5.75011097     1.75578316
225    -0.91863658    -8.47063806     1.75886740
226     9.48940786   -13.94135116    -5.78488516
227     8.26126591   -12.44810430    -5.58196958
228    10.76890230   -13.33539311    -7.11056492
229   -10.31261535    11.06412991    -4.10491862
230   -12.17153819    10.59014711    -4.13396802
231    -9.62565298    10.27248307    -5.77306901
232    14.55124886    -6.58218325    -4.26890958
233    12.61581104    -6.87934155    -3.80218686
234    15.33790344    -6.25375236    -2.56529626
235    -9.90610425    10.72211926     1.10564791
236   -10.16321582    10.57770737    -0.80024072
237    -8.38808777     9.61340594     1.55199337
238    12.13881827    -7.43854386     5.00523850
239    11.60512128    -6.43181534     6.53650014
240    13.06528685    -8.94428746     5.69755840
241     9.64106978    12.66815104    -6.38637712
242    10.88668130    12.18555657    -4.94046649
243    10.33234631    11.91831439    -8.02697123
244    14.65180051     9.59234245    -4.78714305
245    15.56362903    10.81260554    -5.95020800
246    14.01208800     8.16920068    -5.88515698
247     5.71379959     1.87978056    -5.51484761
248     6.90535819     0.41843954    -5.71444812
249     5.63033564     2.34570688    -3.63874971
250     7.18717058   -17.46064985     1.26009713
251     7.14631884   -17.42308598    -0.62637656
252     7.86060042   -19.18388885     1.62372512
253    -6.94229804    -3.00080191    15.70786843
254    -6.63165833    -4.86867109    15.52249588
255    -5.45871734    -2.26398518    16.66725630
256    13.98669107     1.53109175    12.43081225
257    13.58471034     0.14366159    13.65904362
258    13.62443842     0.85373949    10.67758887
259    13.10867985     6.65512891     4.75488921
260    13.60751261     7.69415701     6.24606845
261    13.54560815     7.73909966     3.16457803
262    -7.22792144     0.96113811     1.67912528
263    -7.03627868     0.22132182     3.47994370
264    -8.99269702     1.64696424     1.65096684
265     2.01715847   -11.03748226    14.61471972
266     3.27673302    -9.75427365    15.33265767
267     3.01202368   -12.67556318    14.47954331
268    -2.64076963    -3.04871187   -18.66155882
269    -3.12300707    -3.07558379   -20.53708266
270    -0.67670764    -3.13889036   -18.59658770
271    14.72750237    -4.99659654     1.20971756
272    16.31865705    -4.26028096     2.05869995
273    13.91976427    -6.02656296     2.61707239
274   -13.92975564    -5.04334734    -3.81852669
275   -12.01009820    -5.10902692    -3.60228690
276   -14.60798881    -6.76600713    -4.36999525
277    -8.85548964    -4.52938594    -2.53796627
278    -7.36806757    -4.87153038    -1.37857038
279    -8.68017783    -2.68701148    -3.11953880
280     2.35221545    -3.20816727   -18.49122235
281     3.96591651    -3.20408696   -19.53964136
282     2.92349054    -3.97266769   -16.75986555
283    -1.92554540    -3.76057908     6.92913242
284    -1.28392588    -5.17480265     5.79047740
285    -1.95704940    -4.44374216     8.72647336
286     9.12384324     0.76386471     4.68108286
287     8.63248581     2.54343218     4.18562839
288     8.66287551    -0.35919877     3.15396952
289     3.21889168    13.26285937     0.97839653
290     4.22441532    12.89204349    -0.62138012
291     3.52716592    15.10110783     1.37536927
292     4.59877683     9.56748502     4.22343134
293     3.13850452     8.43512026     4.52844433
294     4.01393256    10.85195003     2.88411853
295    18.17025696     5.07792699     0.51893781
296    17.35267128     3.55859788    -0.40888914
297    20.00948525     5.06246256     0.14427532
298    -6.04577133   -11.66152844     1.20314782
299    -4.27233880   -11.48046476     0.41862787
300    -5.78752544   -10.76434435     2.89135552
301    13.45373944     5.63020185   -12.73835702
302    14.37616273     7.10784026   -13.54993400
303    11.57974516     5.94407952   -13.00472336
304    -9.96801880    -4.04656254   -13.92966210
305    -8.35943168    -4.98500672   -14.46505671
306   -10.96321801    -5.30499803   -12.85975802
307    14.61122831     8.47454157     0.21657184
308    16.12205353     7.29586996     0.47293087
309    14.65576703     9.07778205    -1.61750316
310    -1.50689592   -17.78079195    -8.43842715
311    -0.19551710   -17.76379695    -7.04119777
312    -2.90023850   -18.88781328    -8.03970838
313    -9.58514017    -5.23517325     3.88534663
314   -11.39683778    -5.51146236     4.38114930
315    -8.94083523    -3.61803290     4.67412799
316    -1.23631721   -14.59531848     6.93823735
317    -1.08885794   -12.87507839     7.77913420
318     0.34774200   -14.77431226     5.78222705
319     6.48297660    -9.61748910    -6.57182813
320     4.93314426   -10.77125892    -6.76652805
321     7.06726651    -9.24221531    -8.35515119
322   -13.16725287   -13.90146912     4.85521526
323   -12.64964112   -13.44820446     6.61833159
324   -11.74162716   -14.86407559     4.06329786
325     7.94206107    -3.77264706   -13.25906752
326     6.02529648    -4.04238598   -13.09328001
327     8.10596194    -2.75009516   -14.88942813
328    -2.48359513    -8.43291497    15.61579141
329    -0.74289410    -9.21855075    15.38806169
330    -3.67369801    -9.94526695    15.49239233
331   -10.27687567   -12.80333134     9.21747555
332    -8.99021871   -12.72051008     7.82310778
333   -10.45472326   -11.06125595     9.97104684
334    13.22889272   -12.05396379     7.14221070
335    12.39612846   -12.85314222     8.68472855
336    12.26370558   -12.62201324     5.59409254
337    -0.05552679     2.61203263    15.98238457
338    -1.06146302     4.23663439    16.02408061
339     1.71804538     3.26313985    15.84209196
340    12.46055341     0.87481984    -5.75743886
341    12.17993568    -0.44229712    -7.11610250
342    11.84156671     0.06748506    -4.11242895
343    -1.88104608     6.47534035    -4.11768192
344    -1.85608209     7.75948399    -5.53372374
345    -0.37170595     6.88130011    -2.94665805
346   -10.95353078    10.06467999     8.94348932
347   -10.40017668    11.70580703     9.78158298
348    -9.31657581     9.27034624     8.42667372
349     7.83716577    -8.75098324   -11.80795474
350     6.15767390    -9.28407354   -12.52483533
351     8.14746624    -6.94527742   -12.30823767
352     1.32239192    14.65692127    -7.50886863
353     3.13453192    14.99914851    -7.10501902
354     0.26449004    14.97092256    -5.88616073
355    -3.56492579   -17.67270806     3.67583699
356    -2.16971235   -17.26754094     2.39499129
357    -3.18994100   -16.49436616     5.13643983
358    -7.75940175     0.39611208    12.03211263
359    -7.76947556    -0.80286302    13.55494117
360    -5.82711234     0.80379873    11.86878872
361    -5.53578128    -8.66127974    10.04853915
362    -5.75934941    -8.46580253     8.13692662
363    -7.32045724    -8.27540778    10.77796590
364    -1.53904005     0.57023032   -15.08651735
365    -2.36389879    -0.60317366   -16.33218277
366    -2.59730777     2.19134524   -15.34636553
367    -6.61609723    14.04290948    -2.16648483
368    -7.21734589    14.18206657    -0.38549848
369    -7.96577624    13.03100289    -3.07596542
370     6.56965030    12.49762361     7.91150961
371     6.03459920    11.16750517     6.60710565
372     5.00850917    12.73154399     9.04403522
373   -14.31153164    -9.42221379     2.20468974
374   -13.95720705   -11.00877550     3.14819981
375   -12.97866604    -9.43117823     0.83934954
376     0.37676740   -15.94756909     0.33675177
377     1.37253786   -15.44058492     1.87094506
378    -0.40700246   -14.27249815    -0.23986396
379    11.60826724    -2.47287057   -10.04926347
380    12.66408048    -4.10937066   -10.01449153
381    10.20979628    -2.65016213   -11.35192396
382    -1.60684588    18.74990856     0.19488530
383    -2.73234096    17.93749763     1.54168480
384    -1.78293450    17.59300433    -1.29840570
385    -2.98709680    -0.67870772    18.19788654
386    -1.87674009    -1.79737305    19.30517703
387    -1.76593907     0.43467348    17.24559434
388    18.39410652    -2.54525839     4.02939713
389    17.69835656    -0.80269691     4.25401166
390    19.92077584    -2.69002731     5.15262752
391    -0.55453137     9.74602058    -7.78698607
392     0.48332917     9.23011863    -9.32031966
393    -0.14175319    11.60000398    -7.57720607
394     5.70425752    11.36602173    -3.01327536
395     6.30729118    11.47928400    -4.83467464
396     7.35984075    11.14624300    -2.00813917
397     2.63511882     2.63324882   -12.69862091
398     1.06050146     2.12273340   -13.65276739
399     2.42490213     1.84332876   -10.96790975
400   -15.31519574    -5.05745447     4.40360220
401   -17.08407962    -4.35883989     4.64021287
402   -15.37648251    -6.85432712     3.68092085
403     3.68483338   -10.14154590    -1.68035248
404     3.69742154    -8.65255092    -2.95848364
405     5.13550961    -9.88479073    -0.40324314
406     3.41402716   -14.82731617     4.34719469
407     4.45693421   -13.46726215     5.21404913
408     4.68450195   -15.91456792     3.47025766
409    10.13647937    18.17752131     1.89617153
410    10.74112429    19.90639793     1.78571302
411     8.80444427    18.00303008     0.44233295
412   -12.40560146     0.51385179   -13.56628158
413   -14.03102528    -0.24336515   -12.82356008
414   -11.40721140    -1.03789495   -14.07509113
415     7.11536965   -18.01374014    -4.04073263
416     8.13480181   -16.47586215    -4.65365330
417     7.16579074   -19.19812937    -5.54744748
418    -3.77443465    15.72092439     3.86940712
419    -3.46320297    13.90368157     3.25665866
420    -3.04437954    15.79168886     5.60659730
421     1.72178927    12.19527909    10.11765407
422     1.20901544    10.31270180    10.03688215
423     0.35418111    13.16235746     9.05740791
424    -2.34987207    15.35032113     8.75856100
425    -2.29569968    17.04476275     9.55937343
426    -3.84419940    14.47633130     9.57302175
427    -3.33270354   -11.00325633    -5.10416439
428    -4.24799087   -12.11532533    -6.40221649
429    -2.16027630    -9.83945845    -6.12517161
430    -2.62990746     0.68976742    11.82539378
431    -1.62843407     1.41987636    13.21969930
432    -2.34086789    -1.22607454    11.93964329
433    -3.83481498     4.83796434   -16.23306515
434    -2.96307817     6.46407282   -15.65979838
435    -5.72150518     5.31512287   -16.18848401
436   -10.00776747    -9.54250921    -1.25216198
437    -8.40484155   -10.39185886    -0.48428572
438    -9.69998336    -7.66509783    -1.58306116
439     3.90350758     5.62179091    15.18116709
440     3.77869808     7.54512947    15.35152351
441     5.53850108     5.18320237    14.28282401
442    11.80055990   -11.17184709    -9.77184455
443    10.36870106   -10.28660016   -10.75677117
444    13.13331052    -9.79383953    -9.38040001
445     8.08840561    -3.12565283    -5.91159832
446     9.27499325    -3.07875354    -7.40130329
447     8.70894435    -4.55351126    -4.75874859
448    -5.05073706     8.13902799   -10.13914808
449    -3.59232301     8.73356621    -9.01899495
450    -4.16739392     8.14292433   -11.88445250
451   -10.30265291    -8.37490978    11.59915308
452   -10.87063833    -8.88911016    13.35843805
453   -11.72070922    -7.32835130    10.86200338
454     3.07086083    18.31019012     1.82556311
455     3.15471525    19.17425040     3.44707765
456     1.24443820    18.61047538     1.04602962
457    16.42779558     2.51408610     4.98445828
458    17.18901237     3.28620317     3.42862213
459    15.17122468     3.85375448     5.57175153
460     9.12231403    -0.67143933   -17.15266639
461     8.13101150     0.97464610   -16.71700536
462    10.88305256    -0.49390684   -16.30772200
463   -12.43966319    -0.51577660     9.86855432
464   -12.64990433     0.50527550     8.23803738
465   -10.67200864    -0.35882349    10.68379106
466   -14.98693030     3.89696451    -6.64504663
467   -15.20630487     4.79932306    -4.96037226
468   -15.51482668     2.03509271    -6.37832433
469    -8.52817920     0.28034593    -4.20937302
470    -7.93525549     1.34320450    -5.70295802
471    -8.49561314     1.37468022    -2.70364136
472   -18.18481562     3.02859419   -10.87189304
473   -17.98127001     1.10678767   -11.00072401
474   -17.05310945     3.74130097    -9.53039368
475   -16.45397331    -0.93499134    -5.64026760
476   -15.52627420    -2.49590649    -5.00676680
477   -17.56703331    -0.49690251    -4.15084665
478     6.86556497    -3.08687772   -21.06744534
479     7.82195847    -2.36649762   -19.49541630
480     8.12262735    -2.99234663   -22.48046847
481     6.87477415   -11.79707200     7.01699653
482     7.73879113   -11.94032246     8.74675609
483     8.36092400   -12.21098578     5.80262693
484     9.95422618    10.84062263    -0.39392516
485     9.91343989    11.86699968     1.26582673
486    11.46646134     9.67367891    -0.21463769
487    -1.15311573   -11.08847174    -0.66930099
488    -2.16937194   -11.07132552    -2.28269819
489     0.74222017   -10.97730748    -1.24715492
490   -12.04749101     2.73094606     0.82536602
491   -13.50369520     3.73305669     0.11039615
492   -12.66098397     0.85961137     0.86532629
493    10.41327630    -7.24056568    13.23150388
494    11.00246064    -5.68624077    14.21110678
495    10.61525513    -6.78966089    11.38846959
496   -13.56847435    10.67693136     4.33499011
497   -12.52341160    10.70702941     5.93063414
498   -12.25744735    10.97703792     2.94165201
499     5.06480864     3.41241530    -0.44689518
500     6.04392889     4.01745662     1.04881570
501     3.54021110     2.47235041     0.17834193
502    -0.47845044    -7.25491106    -6.95138263
503    -1.51431750    -5.81370460    -6.22318517
504     1.16746819    -6.89910394    -5.94262214
505    -8.57061022   -15.63731041     2.94146793
506    -7.66391141   -14.26960169     1.90881317
507    -7.24243239   -16.98219161     3.16382928
508     5.80613172   -14.94503325    13.80715157
509     4.70610166   -15.58632461    12.39621180
510     6.94191101   -16.32361126    14.42731242
511     1.74858981   -17.45050304    -4.40797980
512     1.02461259   -17.12694448    -2.66871185
513     3.62494366   -17.65063331    -4.19531997
514     6.14758064    -1.78784026     8.01345096
515     7.23993299    -1.12537510     6.55640698
516     4.31642227    -1.37710725     7.40669524
517    -0.59037058    -2.81854098   -11.37062562
518    -1.00490739    -1.48297996   -12.65081501
519     0.09060339    -1.89947434    -9.80579299
520    -5.60919039     8.64021595     2.56749335
521    -4.05919562     9.81217252     2.37831926
522    -5.09407372     6.89450175     1.90869244
523     5.03929791     4.33055760     7.62597103
524     6.01989576     4.94810970     6.07714358
525     3.99865442     2.84586223     7.02819226
526     3.30936257    -8.27815149     7.87865022
527     4.68455564    -9.57230260     7.57412152
528     1.69726910    -9.31300449     8.25549133
529     6.07144540    16.19176434    -6.46576056
530     6.80852346    17.49834905    -7.67668364
531     7.44744828    14.87905619    -6.40876181
532    11.74017673    -1.79684335    -1.36614276
533     9.93701210    -2.01234096    -0.68571149
534    12.72191764    -3.22898281    -0.46288422
535     3.64822440    -4.83405769    11.74581752
536     3.38664110    -6.12306118    10.35361895
537     4.52034691    -3.36938944    10.84285773
538    -8.87054881    -5.98562065    -7.77199644
539    -7.54797434    -5.92572712    -9.11082989
540    -8.21508712    -5.14519671    -6.15858120
541     4.13447853    -5.99392213     3.27530867
542     2.34854137    -5.70414079     2.73596679
543     3.90751691    -6.38593717     5.16296066
544     3.47448791    -5.41321997    -4.01784844
545     3.18735368    -4.32921639    -2.43533137
546     4.99643107    -4.69501713    -4.86592255
547     0.25976096     6.83358812     4.39586529
548    -0.72363250     6.08719182     5.87279673
549     0.39004678     5.44702060     3.05063947
550   -14.41637887     6.09194655     9.36683801
551   -13.95685730     5.13816400    10.93488526
552   -13.30907936     7.70593887     9.43434965
553     6.85605001    18.35452573    -1.97800789
554     6.38321690    17.62087483    -3.67889763
555     5.28764444    18.44834015    -0.89706391
556   -11.65476607     4.61163545   -10.59660962
557   -11.90245019     3.02841981   -11.73155593
558   -12.95721697     4.47222382    -9.17659825
559    -5.90539022    12.36148482    10.78607703
560    -5.88970158    11.06022269     9.34799073
561    -6.12126836    11.38949449    12.40604363
562     6.22776477     3.51977184   -16.24642028
563     4.95668979     3.48371418   -17.70542973
564     5.06717795     3.19530252   -14.83061921
565    -1.55298912    -4.52539081    12.12866531
566     0.38650741    -4.54303138    12.19525467
567    -2.17333465    -5.83457911    13.38333103
568    12.96054465     0.68491315   -14.06063672
569    12.85449134    -0.42029084   -12.49516100
570    13.38289740     2.45150433   -13.42406806

 Atomic and electronic forces:
  1     0.00354439    -0.00551029    -0.00134961    -0.00088864     0.00128216    -0.00064939
  2     0.00035582     0.00590519     0.00383020     0.00047185    -0.00070342     0.00027315
  3    -0.00119707    -0.00366529    -0.00543131     0.00053469    -0.00065848     0.00038244
  4    -0.00007877     0.00295280     0.00182554     0.00130356     0.00161188     0.00265815
  5     0.00080002    -0.00924202     0.00049191    -0.00059601    -0.00081365    -0.00107000
  6    -0.00122605     0.00059283    -0.00071250    -0.00083067    -0.00111797    -0.00166859
  7    -0.01093574     0.01121401    -0.02776133    -0.00178183     0.00232909     0.00182849
  8     0.01060841    -0.01194592     0.00213811     0.00096758    -0.00130244    -0.00124746
  9     0.00048215    -0.00375654     0.02154077     0.00106337    -0.00141493    -0.00083341
 10     0.02491442    -0.00094565    -0.00408101     0.00243588    -0.00091430    -0.00168601
 11    -0.01852205    -0.00206118    -0.00366881    -0.00105088     0.00032729     0.00066046
 12    -0.00520581     0.00248063     0.00605522    -0.00145474     0.00056658     0.00078647
 13     0.01365914    -0.01647427    -0.03461886    -0.00000202     0.00244980     0.00310583
 14     0.00131217    -0.00174080     0.01174317    -0.00006716    -0.00093189    -0.00146446
 15    -0.01574705     0.01430735     0.01631842    -0.00022752    -0.00154610    -0.00193493
 16     0.01187069     0.01959436     0.00976915    -0.00155890     0.00149074    -0.00114586
 17    -0.01365916    -0.01901594    -0.00862959     0.00087157    -0.00066103     0.00061300
 18     0.00387060     0.00148133    -0.00234833     0.00078233    -0.00085807     0.00072769
 19     0.00990893    -0.02152507     0.00587097     0.00003135     0.00044951    -0.00216373
 20    -0.00952264     0.02714345    -0.00492377    -0.00002803    -0.00012540     0.00117471
 21     0.00050947    -0.00547889    -0.00000733     0.00008931    -0.00026705     0.00109918
 22    -0.00494989     0.03241827     0.00144514    -0.00138353     0.00076097     0.00017436
 23    -0.00058682    -0.00696822    -0.00502928     0.00071393    -0.00045230    -0.00013751
 24     0.01011743    -0.02500508     0.00424906     0.00059345    -0.00035779    -0.00005677
 25    -0.00265661    -0.00856272    -0.01474194     0.00117846     0.00149775    -0.00220008
 26     0.00595287     0.01172107     0.01486738    -0.00050041    -0.00062970     0.00118292
 27    -0.00488184    -0.00441529    -0.00195557    -0.00073574    -0.00101185     0.00134261
 28    -0.00871893    -0.00946111     0.01150902    -0.00165215    -0.00215446    -0.00214487
 29    -0.00285257     0.00956220    -0.00252861     0.00098430     0.00112609     0.00140851
 30     0.00980898    -0.00099194    -0.01070926     0.00097354     0.00103923     0.00091707
 31    -0.00229307     0.01276605     0.01203198    -0.00260322     0.00072634     0.00109480
 32     0.00543790    -0.01621334    -0.01454556     0.00108248    -0.00040659    -0.00051310
 33    -0.00156853     0.00525856     0.00315435     0.00149476    -0.00048369    -0.00046568
 34     0.01495282     0.01042684     0.00550251    -0.00053516     0.00161671    -0.00203916
 35    -0.01502494    -0.00027106    -0.00705721     0.00015788    -0.00094287     0.00116070
 36     0.00267132    -0.00822876    -0.00198355     0.00023701    -0.00079479     0.00083516
 37     0.00171198     0.00402157     0.00484623     0.00227459     0.00349824    -0.00355080
 38    -0.00478701    -0.00259321    -0.00426995    -0.00132127    -0.00161316     0.00138939
 39     0.00519025     0.00159978    -0.00415141    -0.00163652    -0.00238741     0.00257065
 40     0.00963989     0.04050997     0.00347851     0.00036211    -0.00110033    -0.00406435
 41    -0.00202056     0.00267572    -0.00715748     0.00001891     0.00062013     0.00258160
 42    -0.00388159    -0.04221866    -0.00126711    -0.00012880     0.00074740     0.00182651
 43     0.00034816    -0.01530854    -0.00424928    -0.00736802     0.00879176     0.00170464
 44    -0.01214910     0.00302137     0.00149380     0.00341179    -0.00473196     0.00045764
 45     0.00448430     0.01097411    -0.00365374     0.00444182    -0.00327869    -0.00078979
 46    -0.00235700    -0.02801795    -0.00905001     0.00154469     0.00061009     0.00345121
 47    -0.00144684     0.00308135     0.00755973    -0.00108173    -0.00032854    -0.00226127
 48     0.00351692     0.02251177     0.00042757    -0.00079381    -0.00049119    -0.00155999
 49     0.00561717     0.01622137    -0.00457362     0.00045900     0.00876215    -0.00117405
 50     0.01232467    -0.01251015     0.00428966    -0.00110958    -0.00585721     0.00082952
 51    -0.01227942    -0.00181715     0.00530405    -0.00053666    -0.00323579     0.00056745
 52     0.00456539    -0.00179932     0.00606112     0.00060501    -0.00094707     0.00250520
 53    -0.01365140     0.00602107    -0.00357750    -0.00044723     0.00046689    -0.00120165
 54     0.01626127     0.00172448     0.00156960    -0.00030360     0.00052670    -0.00158371
 55     0.02369181     0.01429940    -0.00462747    -0.00185869    -0.00087770    -0.00061194
 56    -0.01324486    -0.01325950     0.00639812     0.00081043     0.00040471     0.00021762
 57    -0.00753242     0.00084723    -0.00339292     0.00099454     0.00058103     0.00035324
 58    -0.00574356    -0.01502158    -0.01760197    -0.00119038     0.00075380     0.00163593
 59     0.00165222     0.00344265     0.00539036     0.00050431    -0.00031240    -0.00083472
 60     0.00354632     0.01465117     0.01138158     0.00074307    -0.00035695    -0.00092518
 61     0.00640198     0.00667480    -0.00019042     0.00317916    -0.00102333     0.00332375
 62    -0.01896043    -0.00060483     0.00157983    -0.00180953     0.00051475    -0.00229331
 63     0.00822025    -0.00452696     0.00004162    -0.00160975     0.00021180    -0.00147439
 64     0.00864731    -0.00177028     0.01063200    -0.00184285    -0.00041264     0.00118411
 65    -0.00309025     0.00571947    -0.00832547     0.00100070     0.00023193    -0.00051065
 66    -0.00364313    -0.00515542    -0.00371764     0.00097416     0.00010497    -0.00065671
 67    -0.01645767    -0.01326609    -0.00105065     0.00213677    -0.00300238     0.00094436
 68     0.01071406    -0.00134775     0.00291800    -0.00083604     0.00151033    -0.00034401
 69     0.00644261     0.01353185    -0.00272674    -0.00143923     0.00196630    -0.00051414
 70    -0.00265872     0.00035423     0.01617208    -0.00064078     0.00364624    -0.01168300
 71    -0.00599385     0.00138267    -0.01000719    -0.00111456    -0.00287969     0.00668934
 72     0.01418515    -0.00383270    -0.00993053     0.00178066    -0.00255325     0.00584936
 73    -0.00333414    -0.01578198    -0.02838639    -0.00825066     0.02047222     0.01534811
 74    -0.00381936     0.01199422     0.01260490     0.00616978    -0.00949741    -0.00733321
 75     0.01161650     0.00075989     0.01349356     0.00486278    -0.00737788    -0.00350850
 76    -0.03895873     0.03754951    -0.00110845    -0.00051615    -0.00237579    -0.00218377
 77     0.03486945    -0.01449169    -0.00301331     0.00046993     0.00116078     0.00114247
 78     0.00082333    -0.02340511     0.00521909     0.00024613     0.00114558     0.00086036
 79    -0.00451364    -0.02304315     0.00895757    -0.01530589    -0.00474559    -0.01354845
 80     0.01129177     0.00463724    -0.00508983     0.00773823     0.00415648     0.00938129
 81    -0.00017855     0.01761459    -0.00795431     0.00597808    -0.00036201     0.00590349
 82     0.00977599     0.00517036    -0.02116889    -0.00034769     0.00371180     0.01366194
 83    -0.00528469     0.00247946     0.00964814     0.00084492    -0.00404437    -0.00815766
 84    -0.01265148    -0.00573481     0.00745996     0.00126805    -0.00058187    -0.00641687
 85     0.01207563     0.01027590     0.00676513    -0.01564957    -0.00566894     0.00140969
 86    -0.00786524    -0.00386519     0.00288972     0.00736857     0.00064789    -0.00120132
 87    -0.00469953    -0.00307567    -0.00728613     0.00859418     0.00308649     0.00181785
 88    -0.02508632    -0.00636019     0.00385701    -0.00097731     0.00403270     0.00085294
 89     0.00952595    -0.00633262     0.00316941     0.00058381    -0.00242445    -0.00078637
 90     0.01975217     0.00966325    -0.00506080     0.00022549    -0.00201434    -0.00031585
 91    -0.00301117    -0.01084835    -0.00641807    -0.00152338     0.00101363    -0.00037893
 92    -0.00051898     0.00149683     0.00025605     0.00084693    -0.00049125     0.00013671
 93     0.00509930     0.00799286     0.00805308     0.00072798    -0.00043159     0.00023661
 94    -0.03129791    -0.01953161    -0.00327786     0.00037897    -0.00413104    -0.00254750
 95     0.01607210     0.00702843     0.00344719     0.00006819     0.00176661     0.00129606
 96     0.00941717     0.00675641    -0.00164246    -0.00008586     0.00199620     0.00090221
 97     0.01092943     0.00835381    -0.00631171    -0.00059871     0.00275716    -0.00045871
 98     0.00609510    -0.00861117     0.00691359     0.00030640    -0.00171198     0.00019245
 99    -0.01306483     0.00185087    -0.00248948     0.00044096    -0.00131206     0.00019074
100    -0.00911826     0.00961837     0.00367757    -0.00511471     0.00018014     0.00404271
101     0.00465890    -0.00242758    -0.01170431     0.00183021    -0.00013675    -0.00172581
102     0.00832757    -0.00585834     0.00729834     0.00298926     0.00005652    -0.00300778
103     0.02086143    -0.01435534     0.00481127    -0.00045918     0.00104499     0.00188688
104    -0.01084361     0.00171417     0.00099991     0.00013200    -0.00056840    -0.00092229
105    -0.01008819     0.00934019    -0.00409182     0.00028108    -0.00053465    -0.00083641
106     0.01178543    -0.03114551     0.00130528    -0.00068520     0.00050572     0.00166347
107    -0.00203694    -0.00335276     0.00239702     0.00030020    -0.00032990    -0.00087877
108    -0.00809885     0.03331774    -0.00296702     0.00033261    -0.00018299    -0.00090127
109     0.00787219    -0.00589665    -0.01984925    -0.00326968    -0.00006212     0.00015160
110    -0.00194262    -0.00378396     0.00697599     0.00150952     0.00013141    -0.00020939
111    -0.00931552     0.01510369     0.01665451     0.00170378     0.00017170     0.00008335
112     0.00750340     0.00195515     0.00471592     0.00017005    -0.00209449     0.00144034
113    -0.01402754     0.00114602     0.00382413     0.00004824     0.00111433    -0.00078183
114     0.00628276    -0.00327483    -0.00580562    -0.00014193     0.00120366    -0.00067091
115     0.01631737     0.01444539    -0.00231961    -0.00337958     0.00202232    -0.00299524
116    -0.01104886    -0.00112273    -0.00522540     0.00139218    -0.00070155     0.00115580
117    -0.00696956    -0.01256705     0.00611095     0.00133487    -0.00116023     0.00143128
118     0.00406506    -0.00776011    -0.02253127     0.00117970    -0.00156895     0.00184822
119    -0.00749604    -0.00318352     0.01182961    -0.00043249     0.00075869    -0.00088973
120     0.00209678     0.00629722     0.00826273    -0.00063478     0.00067147    -0.00101405
121     0.01322154     0.00450706     0.00604753    -0.00191822    -0.00058317    -0.00122150
122    -0.00718705    -0.00514987     0.00052343     0.00093788     0.00034038     0.00049707
123    -0.00662000     0.00154561    -0.00522352     0.00118602     0.00037812     0.00077183
124    -0.00059710    -0.01050596     0.00888264    -0.00200330     0.00028108    -0.00003669
125     0.00018804     0.00315981     0.00160877     0.00118260    -0.00009205     0.00001073
126     0.00417847    -0.00025986    -0.00945855     0.00092280    -0.00012590    -0.00006247
127    -0.00426624    -0.00373200     0.00600276     0.00113591     0.00220361     0.00063877
128     0.00650528     0.00474696    -0.01252309    -0.00049616    -0.00110162    -0.00043973
129    -0.00132477    -0.00487168     0.00216282    -0.00045246    -0.00095938    -0.00021933
130     0.00068907     0.00426524     0.00668574    -0.00235644    -0.00184064    -0.00122205
131     0.00162392    -0.00013202    -0.00135003     0.00136339     0.00085896     0.00078736
132    -0.00061856    -0.00366767    -0.00370056     0.00136502     0.00105806     0.00048454
133    -0.00386563    -0.00223873     0.00182611     0.00261219     0.00189876    -0.00177114
134     0.00493188    -0.00168456     0.00142572    -0.00170404    -0.00096929     0.00107970
135    -0.00007880     0.00012437    -0.00264737    -0.00108216    -0.00072323     0.00086024
136     0.02003460     0.01231603    -0.01585239    -0.00409104    -0.00343661     0.00295407
137     0.00130020    -0.00759015     0.01050556     0.00244061     0.00144045    -0.00127113
138    -0.02047377    -0.00968244     0.00320115     0.00262589     0.00253854    -0.00223626
139     0.00130815    -0.00028842    -0.00780854    -0.00230429    -0.00160648    -0.00371913
140    -0.00664741    -0.00206684    -0.00184141     0.00084987     0.00057167     0.00151427
141     0.00582659     0.00480157     0.00996842     0.00109301     0.00080630     0.00237862
142    -0.00426573     0.00678836     0.00205269    -0.00075930     0.00100455     0.00136732
143     0.00019309    -0.00650258    -0.00063310     0.00047523    -0.00048921    -0.00075079
144     0.00312775     0.00065522    -0.00005800     0.00033744    -0.00041660    -0.00057741
145     0.00182348     0.00014463    -0.00270643    -0.00087773    -0.00122200     0.00160430
146    -0.00003068     0.00249770     0.00351499     0.00043437     0.00063394    -0.00068478
147     0.00047514     0.00065304    -0.00002500     0.00058343     0.00071163    -0.00096157
148    -0.02032895     0.00800305    -0.02381078    -0.00052447     0.00117081    -0.00079732
149     0.02208193    -0.01651159     0.03456066     0.00024167    -0.00049152     0.00035952
150    -0.00028737     0.00707330    -0.00725923     0.00033240    -0.00062659     0.00039107
151     0.00323203     0.00182050     0.00374006    -0.00114780     0.00073262    -0.00158975
152    -0.00280266    -0.00371261    -0.00238005     0.00058526    -0.00026579     0.00077524
153    -0.00032273     0.00153007    -0.00025036     0.00067022    -0.00042693     0.00076734
154     0.00414025     0.00263528     0.02590763     0.00002892     0.00121111     0.00158854
155    -0.00324825    -0.01073771    -0.00980926    -0.00002874    -0.00052399    -0.00065903
156    -0.00072588     0.01104389    -0.02079643    -0.00000411    -0.00073333    -0.00081214
157    -0.00403895     0.00351569    -0.01217061     0.00579028    -0.00608924     0.00189049
158    -0.01005014    -0.00622046     0.00664058    -0.00285723     0.00213364    -0.00103247
159     0.00895715     0.00155367     0.00821933    -0.00353670     0.00425657    -0.00198146
160    -0.01062845    -0.00012517    -0.01377318     0.00339381     0.00044007     0.00244287
161     0.00401715     0.00280357     0.01116989    -0.00229808    -0.00039215    -0.00161231
162     0.00825753     0.00158293     0.00526080    -0.00164147    -0.00028722    -0.00091597
163     0.00359112     0.01001431     0.01450283    -0.00109370    -0.00063357    -0.00224052
164     0.00165635     0.00045340    -0.00237415     0.00046604     0.00021935     0.00117653
165    -0.00233381    -0.01318710    -0.01251481     0.00044020     0.00032361     0.00094532
166    -0.00259872     0.00432486    -0.02309828     0.00121948    -0.00004731     0.00208094
167    -0.00502078    -0.00443085     0.02023642    -0.00047280     0.00003894    -0.00098960
168     0.00543048    -0.00075108     0.00180617    -0.00069216    -0.00005397    -0.00127100
169     0.00602769    -0.02379207     0.00024670    -0.00168676    -0.00000226    -0.00097333
170    -0.00645345     0.01903386    -0.00141883     0.00087283     0.00009487     0.00052848
171    -0.00049825     0.00171680     0.00058089     0.00093816    -0.00001449     0.00043417
172    -0.01404410     0.01190426     0.01217616    -0.00034023     0.00162559    -0.00123034
173    -0.00648373    -0.00184644    -0.01531823     0.00014017    -0.00092623     0.00058061
174     0.01759588    -0.00935914     0.00324746     0.00021358    -0.00072230     0.00052149
175     0.00712072     0.01937549     0.01545849    -0.00192084     0.00020385     0.00047339
176     0.00616470    -0.01534736    -0.00832958     0.00084902    -0.00015630    -0.00023052
177    -0.01602885    -0.00165756    -0.00537046     0.00111674    -0.00013779    -0.00034200
178    -0.01332330    -0.01555437    -0.00825130    -0.00149657     0.00052979     0.00045282
179     0.00799068     0.01056579     0.00865920     0.00075962    -0.00030126    -0.00030022
180     0.00541014     0.00241808     0.00194253     0.00071477    -0.00030338    -0.00017359
181    -0.01633375    -0.00699717     0.01585987     0.00023449    -0.00180548    -0.00270689
182     0.00571001    -0.00416076    -0.00886943    -0.00012338     0.00076130     0.00107599
183     0.01094190     0.00965352    -0.00570227     0.00003142     0.00107248     0.00134960
184     0.00078702     0.01309942    -0.01445188    -0.00183533     0.00306210     0.00414745
185    -0.00286176     0.00093981     0.00058684     0.00049507    -0.00140390    -0.00192988
186     0.00041176    -0.01117012     0.00958157     0.00104181    -0.00116946    -0.00225933
187     0.01830074     0.00442267     0.01526821     0.00019484     0.00258039    -0.00302961
188    -0.01596792    -0.00214301    -0.01480846    -0.00036576    -0.00152409     0.00158242
189     0.00060174    -0.00133021     0.00143245    -0.00011135    -0.00114389     0.00178272
190     0.00555357    -0.00362123    -0.00523121    -0.00199200     0.00081015    -0.00010823
191    -0.00169190     0.00057089     0.00022845     0.00088182    -0.00039286    -0.00002066
192    -0.00255674     0.00808513     0.00352304     0.00101322    -0.00029900     0.00004943
193    -0.00678606     0.00001486     0.00329643    -0.00761904     0.00559975    -0.00887014
194    -0.00325895     0.00194859    -0.00622011     0.00311085    -0.00377000     0.00334623
195     0.00786505     0.00583344     0.00376687     0.00281076    -0.00162482     0.00290561
196    -0.01742846     0.00301655    -0.01199500     0.00109391     0.00155493    -0.00128871
197     0.00417940     0.01346438     0.00730709    -0.00057467    -0.00077532     0.00079880
198     0.01177737    -0.01442143     0.00054004    -0.00042234    -0.00076905     0.00059782
199     0.00780285    -0.00614326    -0.00631764     0.00126261     0.00080003     0.00125626
200    -0.00195295    -0.00329616    -0.00442216    -0.00071510    -0.00035084    -0.00070702
201    -0.00645960     0.00674406     0.01337846    -0.00053112    -0.00037101    -0.00063101
202     0.01391651    -0.00057172     0.01479222    -0.00088030    -0.00281890     0.00336317
203    -0.01676332     0.00410487    -0.00573070     0.00069855     0.00123600    -0.00163221
204     0.00495022    -0.00795245    -0.00686404     0.00025147     0.00107890    -0.00153073
205     0.01038980    -0.00778845     0.00176541     0.00437062     0.00540074     0.00280146
206     0.00354555     0.00304210    -0.00036481    -0.00146996    -0.00260278    -0.00111757
207    -0.01323836     0.00397532    -0.00016607    -0.00193942    -0.00188870    -0.00100828
208    -0.01490278    -0.00271668    -0.02182271     0.00671502    -0.00455484    -0.00232043
209     0.00971635     0.00126644     0.00039892    -0.00275876     0.00265051     0.00162021
210     0.00160363    -0.00712985     0.01652199    -0.00359636     0.00284009     0.00044716
211     0.01383642     0.01646050     0.00121735     0.00145092     0.00124719     0.00101522
212    -0.00952380    -0.01857564     0.01078644    -0.00069989    -0.00053412    -0.00056362
213    -0.00691199     0.00359348    -0.01220302    -0.00062390    -0.00053169    -0.00039937
214    -0.02610613    -0.01139797     0.00575146     0.02267890    -0.00179655     0.00624783
215     0.01023289     0.00620823    -0.00344009    -0.01301483    -0.00154071    -0.00127499
216     0.01665234     0.00299577    -0.00045900    -0.00922471     0.00377462    -0.00507897
217     0.00278521     0.00646873     0.00712325     0.00354878     0.00075912    -0.00047584
218     0.00029556    -0.00336088    -0.00173723    -0.00188425    -0.00049065     0.00049068
219    -0.00230591    -0.00435094    -0.00108788    -0.00218237    -0.00028778     0.00015927
220    -0.00660696     0.00452153    -0.00384912     0.00105664     0.00154607     0.00150954
221     0.00578597     0.00040711    -0.00289675    -0.00060936    -0.00073109    -0.00066825
222     0.00164801     0.00150339     0.00234450    -0.00049359    -0.00090992    -0.00073239
223     0.00815295     0.01316904    -0.01949505    -0.00756436    -0.01183384     0.00773130
224    -0.00075292    -0.01576776     0.01156322     0.00626047     0.00575532    -0.00323944
225    -0.00721090     0.00019003     0.00478768     0.00251151     0.00601851    -0.00201603
226    -0.00332916     0.01564068    -0.00151494     0.00172482    -0.00273573    -0.00121876
227     0.00957399    -0.01133325    -0.00536769    -0.00107050     0.00177446     0.00086906
228    -0.00662378    -0.00279481     0.00312690    -0.00088031     0.00113781     0.00066324
229     0.01850889    -0.01418504    -0.01846442    -0.00168764     0.00179007    -0.00051008
230    -0.01135590     0.00241255    -0.00187159     0.00083208    -0.00073677     0.00022004
231    -0.01152118     0.01211910     0.01730836     0.00088311    -0.00093127     0.00041249
232    -0.04779237    -0.00890461     0.01581726     0.00366186    -0.00138552    -0.00111350
233     0.04082397     0.00640399    -0.01358764    -0.00231178     0.00109515     0.00072993
234     0.00613442     0.00208508     0.00247839    -0.00185631     0.00061567     0.00029668
235    -0.00076890    -0.00121930    -0.01020071    -0.00187446     0.00200628     0.00025180
236     0.00210960     0.00247462     0.00323482     0.00096221    -0.00099554     0.00002744
237     0.00065964     0.00553575     0.00061083     0.00113608    -0.00127505    -0.00022666
238    -0.00115992     0.00666160    -0.02577983     0.00385864    -0.00211280     0.00202330
239    -0.00266997     0.00675473     0.01242108    -0.00188200     0.00089356    -0.00133511
240     0.00586471    -0.01443472     0.00809227    -0.00146333     0.00093071    -0.00079431
241     0.01683044    -0.00687532     0.02339011     0.00119597     0.00221304    -0.00091111
242    -0.01780227     0.00565742    -0.02429297    -0.00072363    -0.00111699     0.00036008
243     0.00365885    -0.00271835     0.00258190    -0.00061597    -0.00099238     0.00055033
244     0.00886460     0.01777460    -0.00046179     0.00189373     0.00168101    -0.00064437
245    -0.00422217    -0.00686479     0.00635583    -0.00076726    -0.00070386     0.00030876
246    -0.00738715    -0.00917838    -0.00524174    -0.00108296    -0.00088492     0.00048577
247    -0.01574564     0.00805985     0.01484324     0.00766135     0.00724756    -0.01012898
248     0.00956958    -0.01065159    -0.00108936    -0.00438508    -0.00190414     0.00463408
249     0.00654067     0.00126025    -0.00826803    -0.00504250    -0.00554897     0.00424806
250     0.00028783     0.00775886     0.01893318     0.00095274    -0.00277538     0.00029172
251    -0.00387726     0.00405106    -0.02411250    -0.00048596     0.00142360     0.00002257
252     0.00267304    -0.00868061     0.00710607    -0.00039068     0.00112314    -0.00013003
253    -0.00235862    -0.00254709    -0.00656568    -0.00114755    -0.00015423     0.00211516
254     0.00059461     0.00156887     0.00247210     0.00056426     0.00020336    -0.00106542
255     0.00326279     0.00129034     0.00556915     0.00046423     0.00002793    -0.00109074
256     0.00423464     0.00874997    -0.00028838     0.00170258     0.00046647     0.00180230
257    -0.00305777    -0.00652322     0.00564317    -0.00076808    -0.00012702    -0.00092112
258    -0.00004287    -0.00231330    -0.00366523    -0.00109500    -0.00024587    -0.00103141
259    -0.01204676    -0.00567869    -0.03987036     0.00271887     0.00203993     0.00125101
260     0.00893513     0.01754451     0.02023702    -0.00106989    -0.00086344    -0.00060727
261    -0.00114895    -0.01403600     0.01850628    -0.00128538    -0.00104744    -0.00039475
262     0.02814728    -0.01685912     0.01772028    -0.00811250     0.00247720     0.00193644
263    -0.00494462     0.00584463    -0.01311265     0.00373153    -0.00085773    -0.00167316
264    -0.01976699     0.00919969    -0.00518396     0.00290056    -0.00092366    -0.00056791
265    -0.01048307    -0.00221219    -0.00436861     0.00002844    -0.00137206     0.00223759
266     0.00475553    -0.00203005    -0.00182248    -0.00010712     0.00058686    -0.00116490
267     0.00065718     0.00259169     0.00188775    -0.00007725     0.00070618    -0.00096871
268     0.00204356    -0.00130777    -0.01536996    -0.00054456    -0.00015807    -0.00222925
269     0.00696956     0.00143164     0.01760953     0.00022589     0.00006028     0.00092024
270    -0.01182989    -0.00115907    -0.00271300     0.00016391     0.00009090     0.00119310
271     0.00872033     0.00301384     0.00453465     0.00436093    -0.00108762     0.00054794
272    -0.00573267    -0.00065417    -0.00512830    -0.00179243     0.00030720    -0.00030555
273    -0.00306558    -0.00297486     0.00138341    -0.00216802     0.00076037    -0.00054239
274     0.00101482     0.00215539     0.00172959    -0.00289253    -0.00060170    -0.00062894
275    -0.00713237    -0.00616084    -0.00478272     0.00182974     0.00044259     0.00042521
276     0.00868909     0.00234856    -0.00014332     0.00123181     0.00037443     0.00029820
277    -0.00409971    -0.00640726    -0.00912126    -0.00609550    -0.00158597    -0.00123159
278     0.00152050     0.00509561     0.00485917     0.00401915     0.00136120     0.00043319
279    -0.00344643     0.00063237     0.00100652     0.00332764     0.00030364     0.00087116
280     0.01211586    -0.00599016     0.02946110     0.00007157    -0.00019865    -0.00246753
281     0.00347408    -0.00158968    -0.00919448    -0.00012161     0.00008253     0.00108900
282    -0.01401417     0.00818869    -0.02137831    -0.00009891     0.00020103     0.00147941
283     0.00685947     0.00463304    -0.00721383    -0.00490424    -0.00248180     0.00963340
284    -0.00663405    -0.00012594     0.00444248     0.00262957     0.00280179    -0.00522811
285    -0.00245257    -0.00069462     0.00452948     0.00143012     0.00097625    -0.00345517
286    -0.00981019    -0.02258468    -0.01333255     0.00744784     0.00255523     0.00517098
287     0.00425857     0.00917315    -0.00009537    -0.00343875    -0.00218571    -0.00232565
288     0.00668545     0.00881646     0.00804199    -0.00549806    -0.00109407    -0.00284603
289    -0.00510697    -0.01519541     0.00027861     0.00032121     0.00349806     0.00033594
290     0.00120129    -0.00171275    -0.00358143    -0.00029731    -0.00182650     0.00001940
291    -0.00058972     0.01414040     0.00305157    -0.00013916    -0.00138988    -0.00015111
292     0.02388891     0.01317610    -0.00878724     0.00110392     0.00461292     0.00189644
293    -0.02609452    -0.01288760     0.00314486    -0.00033726    -0.00277023    -0.00135047
294     0.00450778    -0.00073391     0.00624421    -0.00037799    -0.00221813    -0.00058694
295    -0.01579308    -0.01525891     0.00627843     0.00238982     0.00100323     0.00013774
296     0.01055504     0.01046061    -0.00247054    -0.00144055    -0.00049504    -0.00000118
297     0.01152571    -0.00202788    -0.00549868    -0.00101634    -0.00038258    -0.00003162
298     0.03126638     0.01349004    -0.00502689    -0.00311708    -0.00389608     0.00063575
299    -0.01450937    -0.00869965    -0.00088309     0.00166273     0.00263189    -0.00022255
300    -0.01403350    -0.00166487     0.00327931     0.00171627     0.00201429    -0.00074454
301     0.01655993     0.00494273     0.00156022     0.00150345     0.00095669    -0.00159485
302    -0.00546613    -0.00855798     0.00380397    -0.00062253    -0.00044041     0.00065194
303    -0.00754586     0.00403508    -0.00323472    -0.00072178    -0.00057066     0.00093253
304     0.00082672    -0.01532333     0.00806040    -0.00162469    -0.00031546    -0.00186748
305    -0.00658155     0.00859073    -0.00343941     0.00075656     0.00023986     0.00104693
306    -0.00025262     0.00963664    -0.00637275     0.00086861     0.00024081     0.00084806
307    -0.01436299     0.00801343     0.00552410     0.00236451     0.00190077     0.00011954
308     0.00225027    -0.00103958    -0.00612878    -0.00120318    -0.00076502    -0.00007574
309     0.00609174    -0.00316169    -0.00217180    -0.00109995    -0.00093264     0.00010202
310     0.02812132     0.03234168    -0.01965805    -0.00044893    -0.00216198    -0.00109113
311    -0.00243959    -0.00621803     0.00688331     0.00015564     0.00123808     0.00051748
312    -0.02523207    -0.02493538     0.01363825     0.00026813     0.00097227     0.00043604
313     0.00733635    -0.00330529    -0.01066530    -0.00455865    -0.00138248     0.00172283
314    -0.00680231     0.00417150     0.00247311     0.00176246     0.00049727    -0.00064104
315    -0.00426242     0.00246640     0.00626975     0.00252434     0.00043227    -0.00120018
316     0.02733950    -0.00222248    -0.02055984    -0.00073110    -0.00305244     0.00175592
317    -0.00333926     0.00216169     0.00562480     0.00042951     0.00162870    -0.00120784
318    -0.02085447     0.00325936     0.01729654     0.00020061     0.00176708    -0.00084418
319     0.01417958     0.01272047     0.00923377     0.00278615    -0.00470975    -0.00373575
320    -0.00327846    -0.00474179    -0.00196983    -0.00084132     0.00242962     0.00173584
321    -0.00020210    -0.00171414    -0.00546289    -0.00119820     0.00171503     0.00183106
322    -0.01687821     0.01269096    -0.00740862    -0.00153901    -0.00124264     0.00054065
323     0.00517330    -0.00328490     0.01067925     0.00075741     0.00060958    -0.00036806
324     0.01377968    -0.00801988    -0.00423115     0.00076725     0.00073891    -0.00025287
325    -0.01665156     0.00307311     0.00065201     0.00166982    -0.00055495    -0.00351899
326     0.00708003    -0.00283015    -0.00202754    -0.00068689     0.00037761     0.00208281
327     0.00728013    -0.00044632     0.00000545    -0.00064889     0.00010378     0.00149981
328    -0.00120275    -0.00912295    -0.00956228    -0.00061612    -0.00094455     0.00229272
329     0.00132807    -0.00051439     0.00550817     0.00019189     0.00055193    -0.00118006
330    -0.00088116     0.00623343     0.00204420     0.00034489     0.00050953    -0.00099827
331     0.00032025    -0.01098818    -0.00920154    -0.00144701    -0.00131506     0.00115245
332     0.00021818     0.00003951     0.00085278     0.00083711     0.00084463    -0.00063785
333     0.00142764     0.00676100     0.00471758     0.00078787     0.00059390    -0.00066707
334    -0.00342430    -0.00035349     0.01167178     0.00186304    -0.00167471     0.00123255
335     0.00549581     0.00666480    -0.00790537    -0.00076937     0.00080399    -0.00066135
336    -0.00136498    -0.00635686    -0.00457977    -0.00100841     0.00104465    -0.00057902
337    -0.01402687    -0.01090604    -0.00588128    -0.00030859     0.00072271     0.00267186
338    -0.00731583     0.00998980     0.00176354     0.00021118    -0.00044184    -0.00119977
339     0.02143899     0.00443943    -0.00006834     0.00001084    -0.00042030    -0.00134428
340    -0.01005691     0.00527554     0.00072311     0.00477623     0.00118226    -0.00240387
341     0.00333831    -0.00118421    -0.00476080    -0.00222533    -0.00028138     0.00144462
342     0.00602855    -0.00250229    -0.00249045    -0.00323248    -0.00058668     0.00119186
343    -0.00811653    -0.02666189     0.02013745    -0.00322294     0.00723398    -0.00320419
344     0.00940409     0.01082276    -0.00422610     0.00101121    -0.00263338     0.00140448
345    -0.00235330     0.01123035    -0.01327536     0.00109953    -0.00440961     0.00123895
346    -0.00742131     0.01851672     0.00881066    -0.00134315     0.00125063     0.00099027
347    -0.00703643    -0.00716517    -0.00245890     0.00054884    -0.00060777    -0.00046047
348     0.01499928    -0.01222350    -0.00595814     0.00077611    -0.00077417    -0.00062097
349     0.00491902    -0.01062351     0.01483357     0.00154462    -0.00180036    -0.00294029
350    -0.00779535    -0.00134634    -0.00501431    -0.00053311     0.00092744     0.00149623
351    -0.00049081     0.01171992    -0.00810858    -0.00085639     0.00070528     0.00161785
352    -0.03996938    -0.00958081     0.00793606    -0.00007050     0.00234206    -0.00100638
353     0.01745736     0.00996720     0.00781984    -0.00009086    -0.00116009     0.00046034
354     0.01281621    -0.00059848    -0.01546112     0.00011506    -0.00124272     0.00040301
355     0.00938859     0.00623861    -0.01747253    -0.00085823    -0.00252750     0.00064905
356    -0.01226542    -0.00977702     0.00387538     0.00038440     0.00148960    -0.00026853
357    -0.00015735    -0.00077951     0.00869158     0.00045993     0.00134689    -0.00050824
358     0.03071597     0.00295914    -0.00622186    -0.00194655     0.00045227     0.00254171
359    -0.00517712    -0.00423623     0.00121885     0.00080011    -0.00008532    -0.00116958
360    -0.02688639    -0.00351021    -0.00022835     0.00097785    -0.00033816    -0.00157958
361    -0.01513608     0.00164264     0.01345847    -0.00195941    -0.00182088     0.00278843
362    -0.00094909    -0.00092237    -0.00385553     0.00134204     0.00117629    -0.00151499
363     0.01277071    -0.00240478    -0.00584219     0.00094326     0.00066651    -0.00115642
364    -0.00717686     0.01618047     0.00815317    -0.00077296     0.00053131    -0.00337707
365     0.00065693    -0.01608563    -0.00898269     0.00038084    -0.00010393     0.00144989
366     0.00599052     0.00187207     0.00243503     0.00043593    -0.00038809     0.00147493
367     0.00726416    -0.00001167    -0.00524187    -0.00117643     0.00221250    -0.00023822
368    -0.00416322     0.00225033     0.01065891     0.00059879    -0.00106064    -0.00000529
369    -0.00445278    -0.00275601    -0.00250137     0.00069351    -0.00105233     0.00018604
370    -0.00676036    -0.00628954     0.00975106     0.00075253     0.00228512     0.00133526
371    -0.00163336     0.00691070    -0.00015065    -0.00047261    -0.00147134    -0.00079997
372     0.00632057    -0.00015693    -0.00742345    -0.00023505    -0.00108440    -0.00070810
373     0.00105607     0.01453014    -0.01231896    -0.00224707    -0.00106332     0.00036421
374    -0.00229974    -0.02381087     0.01619505     0.00100339     0.00058606    -0.00022630
375     0.00245589     0.00223273    -0.00519792     0.00130312     0.00067297    -0.00010956
376    -0.01490216     0.01270168    -0.00931380    -0.00040573    -0.00399657     0.00020147
377     0.01241150    -0.00368983     0.01063067     0.00006815     0.00211732    -0.00035024
378     0.00004939    -0.00895338    -0.00001950     0.00044851     0.00251980    -0.00002662
379     0.00886424     0.00616331     0.01706260     0.00305524    -0.00022694    -0.00301922
380    -0.00609248     0.00439462    -0.00315731    -0.00140521     0.00030606     0.00124873
381    -0.00341441    -0.01223861    -0.00653910    -0.00130062     0.00014072     0.00170265
382    -0.00349689    -0.00290372     0.01060040    -0.00030979     0.00185717     0.00005905
383     0.00226979     0.00401630     0.00038183     0.00022141    -0.00096010    -0.00009747
384    -0.00012390    -0.00375228    -0.01193330     0.00019207    -0.00103417     0.00004473
385    -0.00427015    -0.02281919     0.01537149    -0.00054914     0.00013087     0.00212497
386    -0.00977894     0.00685767    -0.00576068     0.00018764    -0.00000137    -0.00099898
387     0.01070304     0.01215683    -0.00641117     0.00024522    -0.00015428    -0.00120505
388     0.00309410    -0.01129383    -0.00272561     0.00267275    -0.00012371     0.00071690
389    -0.00359445     0.01340639     0.00360145    -0.00143032    -0.00008784    -0.00042093
390    -0.00175888    -0.00032305    -0.00125940    -0.00109010     0.00005476    -0.00033543
391    -0.00705542    -0.00347041    -0.00333522    -0.00072305     0.00351932    -0.00224553
392     0.00240252    -0.00607020    -0.00010379     0.00019063    -0.00157488     0.00127406
393     0.00183553     0.00864209     0.00288176     0.00022450    -0.00153686     0.00081949
394     0.00403059    -0.00927084    -0.00559500     0.00116042     0.00394123    -0.00076462
395    -0.00142778     0.00388460     0.00517212    -0.00058169    -0.00172221     0.00056896
396    -0.00146606     0.00225209     0.00153356    -0.00079784    -0.00187005     0.00022471
397     0.00692233     0.00617440    -0.00128133     0.00029296     0.00158704    -0.00446697
398    -0.00679309    -0.00553668    -0.00837083     0.00011881    -0.00059839     0.00205523
399    -0.00108248    -0.00337374     0.00697674    -0.00017401    -0.00104634     0.00309655
400     0.00324063     0.00847374     0.00664006    -0.00236356    -0.00045134     0.00066604
401     0.00302399    -0.00599398    -0.00342233     0.00100903     0.00013729    -0.00027042
402    -0.00336648     0.00078667    -0.00208818     0.00113481     0.00033449    -0.00027054
403     0.01029887     0.02177810     0.00948285     0.00235106    -0.01034719    -0.00169597
404     0.00650776    -0.01950257     0.01388021    -0.00168507     0.00606945     0.00236278
405    -0.01497887    -0.00367193    -0.02090984    -0.00199723     0.00484335     0.00002084
406    -0.01080874     0.01091091     0.00971543     0.00048228    -0.00390740     0.00142532
407     0.00165431     0.00135215     0.00380598    -0.00047255     0.00207382    -0.00100097
408     0.01181755    -0.01323230    -0.01252551    -0.00035629     0.00174719    -0.00047862
409    -0.03064291    -0.03089947    -0.01508517     0.00065955     0.00158752     0.00018589
410     0.01261438     0.03056740    -0.00102819    -0.00027914    -0.00068029    -0.00006980
411     0.01918744     0.00302611     0.01580319    -0.00030823    -0.00087578    -0.00003924
412    -0.00729643     0.00252844     0.00275940    -0.00156465     0.00024990    -0.00144950
413     0.00423555     0.00599763     0.00016948     0.00078917    -0.00007554     0.00061907
414     0.00740682    -0.00614814    -0.00091394     0.00078554    -0.00004268     0.00081305
415    -0.00177737    -0.00314371    -0.00891691     0.00081402    -0.00249157    -0.00056344
416     0.00061785     0.00289052     0.00249007    -0.00057150     0.00132866     0.00038757
417    -0.00047156     0.00141082     0.00829864    -0.00032333     0.00105230     0.00031271
418    -0.00619438    -0.01311452    -0.02705457    -0.00067711     0.00212217     0.00052534
419     0.00171192     0.01559020     0.00324932     0.00044154    -0.00131428    -0.00031239
420     0.00474541     0.00001198     0.01965121     0.00028017    -0.00101320    -0.00034970
421    -0.02725895    -0.00081839    -0.01949726    -0.00001923     0.00211568     0.00159714
422     0.00879322     0.01440685     0.00296711     0.00006390    -0.00120186    -0.00104000
423     0.02112355    -0.01179382     0.02213011     0.00010801    -0.00108779    -0.00069152
424     0.00903357    -0.00281389    -0.00782028    -0.00043212     0.00177501     0.00095382
425     0.00303996     0.01335639     0.00493830     0.00016456    -0.00075234    -0.00039977
426    -0.00863519    -0.01134884     0.00410624     0.00029267    -0.00084108    -0.00051824
427    -0.00295974    -0.00908307    -0.00770044    -0.00269967    -0.00482836    -0.00250063
428     0.00741850     0.01120178     0.00779901     0.00103163     0.00175630     0.00102979
429    -0.00482264    -0.00150044     0.00147805     0.00133324     0.00270383     0.00195069
430    -0.01764743    -0.02178272    -0.02482848    -0.00153433     0.00087553     0.00423423
431     0.01777956     0.01223313     0.02482080     0.00046791    -0.00044117    -0.00184763
432    -0.00097546     0.00643658    -0.00050973     0.00076166    -0.00011407    -0.00226461
433    -0.01017249     0.01123638     0.00322094    -0.00078472     0.00091423    -0.00219746
434     0.00269925    -0.00177321    -0.00042632     0.00033770    -0.00058010     0.00107737
435     0.00556313    -0.00958980    -0.00118066     0.00046027    -0.00043145     0.00096388
436     0.00862306    -0.00444638    -0.00212667    -0.00338753    -0.00221822    -0.00024569
437    -0.01807200     0.01438083    -0.00441648     0.00176054     0.00147736     0.00001521
438     0.00593204    -0.00945531     0.00693383     0.00215556     0.00109949     0.00022281
439    -0.00440351     0.00033631     0.00163876     0.00031573     0.00114836     0.00241066
440     0.00355865    -0.00596237     0.00397799    -0.00012538    -0.00061010    -0.00102923
441     0.00757347     0.00572451    -0.00073294    -0.00032277    -0.00061494    -0.00129320
442     0.00980988     0.01882386     0.00653032     0.00177457    -0.00167403    -0.00167172
443     0.00914190    -0.00598921     0.00493556    -0.00086883     0.00086766     0.00105633
444    -0.01790935    -0.01418753    -0.00966272    -0.00102710     0.00072970     0.00081759
445    -0.01375111     0.00095209     0.01217909     0.00831163    -0.00187926    -0.00739299
446     0.00537434    -0.00104504    -0.00649497    -0.00276846     0.00050212     0.00261491
447     0.00723494     0.00395444    -0.00502995    -0.00430583     0.00176702     0.00275102
448     0.01894964    -0.00523929    -0.00535453    -0.00150926     0.00217638    -0.00213909
449    -0.00743046     0.00256447     0.00222326     0.00071210    -0.00138304     0.00113311
450    -0.01184061     0.00072881     0.00809746     0.00056762    -0.00093909     0.00108875
451     0.00792729    -0.00774409     0.01341929    -0.00161757    -0.00087613     0.00160523
452     0.00067574     0.00362756    -0.00681084     0.00064753     0.00036122    -0.00070355
453    -0.01258525     0.01145411    -0.00323778     0.00088071     0.00035928    -0.00073471
454    -0.02483152    -0.01340899    -0.04796644     0.00012166     0.00197341     0.00022389
455    -0.00251238     0.01713162     0.02740135    -0.00005553    -0.00088092    -0.00016385
456     0.03032438    -0.00164730     0.01909328     0.00002783    -0.00097561    -0.00007188
457    -0.00863862    -0.00584424     0.00649921     0.00283002     0.00083276     0.00104822
458     0.00709673     0.00652595    -0.00907282    -0.00137165    -0.00045249    -0.00034395
459     0.00211902    -0.00003762    -0.00226464    -0.00142188    -0.00060120    -0.00063926
460    -0.00199373     0.00890524     0.01008830     0.00097145     0.00014411    -0.00223258
461     0.01428544    -0.01374792    -0.00736924    -0.00046569    -0.00020156     0.00120627
462    -0.01418890     0.00744312    -0.00568378    -0.00060106    -0.00008371     0.00105656
463     0.00831185    -0.01108663     0.01204583    -0.00212239     0.00019238     0.00153702
464     0.01049355     0.00203366     0.00715629     0.00120289    -0.00019222    -0.00072310
465    -0.01779452     0.00947209    -0.01517083     0.00108233    -0.00012619    -0.00096605
466    -0.00180924    -0.00418101     0.00113973    -0.00207039     0.00069807    -0.00076861
467    -0.00037565    -0.00759099    -0.00287028     0.00105128    -0.00040597     0.00028071
468     0.00365779     0.01191820     0.00219533     0.00108440    -0.00023784     0.00037382
469     0.00956814    -0.01434191    -0.01760195    -0.00596977     0.00115690    -0.00221915
470    -0.00629267     0.00002386     0.00205197     0.00261232    -0.00082351     0.00143099
471    -0.00413264     0.01480983     0.01711565     0.00317225    -0.00095843     0.00071077
472    -0.00896894    -0.01139549    -0.00863103    -0.00133263     0.00031967    -0.00069745
473     0.00502681     0.01723387     0.00338756     0.00070000    -0.00010163     0.00037479
474     0.00368923    -0.00485384     0.00423745     0.00076073    -0.00022214     0.00036790
475    -0.00092261    -0.00065274     0.00699364    -0.00217104     0.00009884    -0.00062248
476     0.00685171    -0.00585416    -0.00410610     0.00122907     0.00005178     0.00032659
477    -0.00719169     0.00766213    -0.00088300     0.00102767    -0.00006754     0.00019844
478     0.01232280     0.00800501     0.02614994     0.00042547    -0.00011236    -0.00174603
479    -0.01176700    -0.00492449    -0.01962059    -0.00030597     0.00003124     0.00097526
480    -0.00107353    -0.00068427    -0.00387856    -0.00021229     0.00004160     0.00074477
481     0.02127696    -0.00732456    -0.00976238     0.00169761    -0.00334431     0.00248839
482    -0.00422101     0.00253663     0.00238393    -0.00073612     0.00125877    -0.00113762
483    -0.01828725     0.00457446     0.00683776    -0.00102756     0.00163093    -0.00097389
484    -0.00398125     0.00085728     0.00892227     0.00195118     0.00304167     0.00001137
485     0.00101925    -0.00173499    -0.00708482    -0.00081338    -0.00137836    -0.00017215
486     0.00345697     0.00314140     0.00052471    -0.00117541    -0.00140174    -0.00002697
487     0.03236130     0.00359410     0.01898736    -0.00260105    -0.00813770    -0.00026036
488    -0.00839554    -0.00042571    -0.02380907     0.00150572     0.00350287     0.00072840
489    -0.02117610     0.00042612     0.00609634     0.00053077     0.00466175     0.00045699
490     0.00050116    -0.02598064     0.00741698    -0.00361551     0.00117816     0.00033095
491    -0.00343352     0.00639630    -0.00517666     0.00145669    -0.00052484    -0.00005213
492     0.00246021     0.01760918    -0.00655021     0.00184734    -0.00033633    -0.00016563
493    -0.00240966     0.00142899     0.01719822     0.00142239    -0.00090108     0.00226162
494     0.00023960    -0.00444457    -0.00452034    -0.00067833     0.00028728    -0.00108235
495     0.00316107     0.00823625    -0.00787750    -0.00096055     0.00054554    -0.00129013
496    -0.00825570     0.00254612     0.00081926    -0.00148781     0.00120801     0.00046375
497    -0.00334972    -0.00261417     0.00845876     0.00072735    -0.00063541    -0.00032447
498     0.00046096    -0.00312527    -0.00346393     0.00080216    -0.00072925    -0.00019406
499    -0.01153641    -0.01874136    -0.02149440     0.01027570     0.01688305     0.00004792
500     0.01257211     0.01206885     0.01328638    -0.00398141    -0.00561442    -0.00138540
501    -0.00314387     0.00711449     0.00890478    -0.00420143    -0.01103695    -0.00181205
502     0.02620748     0.02451273     0.03630041    -0.00260108    -0.00628011    -0.00759339
503    -0.01756484    -0.00554955    -0.01516518     0.00268844     0.00324190     0.00473766
504    -0.00746731    -0.01855048    -0.02415285     0.00052358     0.00449056     0.00491641
505     0.00053630     0.00473780    -0.00547770    -0.00155152    -0.00206455     0.00049907
506    -0.00692028    -0.00118482     0.00631090     0.00098071     0.00128787    -0.00023862
507     0.00392195    -0.00652007     0.00382032     0.00063400     0.00106129    -0.00024925
508     0.00515452     0.01767577     0.00978363     0.00042192    -0.00139073     0.00150577
509    -0.00583836    -0.01212687    -0.01149249    -0.00017171     0.00081944    -0.00076200
510    -0.00213811    -0.00634721    -0.00111144    -0.00021477     0.00060884    -0.00062246
511    -0.00691114     0.00582967    -0.01449335    -0.00001197    -0.00302283    -0.00078082
512    -0.00038574    -0.00076760     0.01016507     0.00008622     0.00168246     0.00025272
513     0.01071042    -0.00324623     0.00408601    -0.00016827     0.00147136     0.00035540
514    -0.01007995    -0.00176974    -0.01599921     0.00406594     0.00001237     0.00802492
515     0.00265368     0.00301012     0.01099945    -0.00311775    -0.00037419    -0.00403119
516     0.01565640     0.00104057     0.01471575    -0.00170306    -0.00032648    -0.00553249
517     0.00360882    -0.01437831     0.02894990    -0.00135849    -0.00060716    -0.00616263
518    -0.00417825     0.01322348    -0.01395993     0.00058193    -0.00005204     0.00251877
519    -0.00294155     0.00060807    -0.01252715     0.00080469     0.00007751     0.00434371
520     0.00607889    -0.00054790     0.00452736    -0.00262878     0.00372004     0.00109176
521    -0.01021769    -0.00776755    -0.00448310     0.00101241    -0.00201019    -0.00049850
522     0.00534322     0.00739972    -0.00078948     0.00191158    -0.00243105    -0.00067778
523     0.00258589     0.00626876    -0.00950289     0.00209717     0.00415323     0.00546020
524    -0.00083183    -0.00040658     0.00724448    -0.00154780    -0.00255351    -0.00245820
525    -0.00372092    -0.00346418     0.00687333    -0.00108973    -0.00250919    -0.00402393
526    -0.01311408     0.01135924    -0.00452565     0.00101659    -0.00435880     0.00558604
527     0.00970492    -0.00954469     0.00039777    -0.00077312     0.00208158    -0.00214350
528     0.00633703     0.00639201     0.00326388     0.00003145     0.00203320    -0.00235464
529     0.00247639     0.02321908    -0.01966981     0.00047332     0.00200404    -0.00067144
530    -0.01219970    -0.00371754     0.00870752    -0.00021474    -0.00083100     0.00031195
531     0.01136909    -0.01799222     0.00716664    -0.00035984    -0.00106696     0.00038209
532    -0.01154353    -0.01069954     0.01396630     0.00809844    -0.00004169    -0.00074994
533     0.01061193     0.00373561    -0.00421050    -0.00595107     0.00019648     0.00014722
534     0.00281252     0.01123591    -0.00793467    -0.00334586     0.00044877     0.00001061
535    -0.00383338     0.01234046    -0.01008744     0.00072284    -0.00120046     0.00486445
536     0.00190509    -0.00995386    -0.00397043    -0.00039738     0.00109737    -0.00274863
537     0.00019764    -0.00354328     0.00858027    -0.00068482     0.00039401    -0.00288913
538    -0.02136446    -0.00135640     0.02505241    -0.00340684    -0.00134469    -0.00235964
539     0.02354708     0.00506637    -0.01123092     0.00157144     0.00069816     0.00146701
540    -0.00176538    -0.00406581    -0.01419140     0.00233883     0.00078828     0.00135068
541     0.00180285     0.01193812     0.00602537     0.00787486    -0.01373483     0.01222018
542    -0.01182401    -0.00534670    -0.00542639    -0.00136008     0.00861691    -0.00712786
543     0.00888400    -0.00724331    -0.00169232    -0.00191677     0.00410028    -0.00496267
544    -0.02480555     0.01501017     0.03842101     0.00719549    -0.01623574    -0.01637053
545     0.00700368    -0.01790339    -0.02225880    -0.00521121     0.00996475     0.00807111
546     0.01779572     0.00503901    -0.01680377    -0.00450257     0.00437142     0.00655433
547     0.00220290    -0.00981121    -0.00908783    -0.00126436     0.00677887     0.00384459
548    -0.00149246    -0.00057155     0.00111338     0.00090228    -0.00278480    -0.00223749
549    -0.00447563     0.01056818     0.01339566     0.00103132    -0.00504999    -0.00250990
550     0.01346504     0.01661302    -0.00592507    -0.00153147     0.00074588     0.00092711
551    -0.00186736    -0.00511882     0.00620313     0.00073444    -0.00032376    -0.00053058
552    -0.01051616    -0.01149978    -0.00511847     0.00072869    -0.00045887    -0.00047690
553     0.00809112     0.00380330     0.01023770     0.00045543     0.00182609    -0.00013880
554    -0.00421103    -0.00372975    -0.00397048    -0.00022664    -0.00096596     0.00016086
555    -0.00609075     0.00051310     0.00142263    -0.00016358    -0.00095791     0.00002114
556     0.00656908    -0.00948542    -0.00138784    -0.00187127     0.00088507    -0.00141692
557    -0.00393736     0.01070424     0.00718383     0.00089963    -0.00031381     0.00074355
558    -0.00170031    -0.00386929    -0.00300596     0.00099314    -0.00041916     0.00059005
559     0.00183392     0.01410459    -0.01444744    -0.00082921     0.00152229     0.00120786
560    -0.00100055    -0.00171913     0.00768560     0.00054792    -0.00091627    -0.00069840
561    -0.00175224    -0.00890190     0.01101141     0.00040262    -0.00066976    -0.00065246
562     0.00759607     0.00488727    -0.02803165     0.00069765     0.00083605    -0.00251285
563     0.00921757     0.00054029    -0.00653327    -0.00020778    -0.00034764     0.00114897
564    -0.01901861    -0.00812435     0.03560555    -0.00035028    -0.00053469     0.00156092
565     0.01087577     0.00934042    -0.00921117    -0.00117402    -0.00092928     0.00435271
566    -0.00839201    -0.00220574     0.00538933     0.00027164     0.00050394    -0.00235765
567    -0.00016766    -0.00441863     0.00566994     0.00049324     0.00049282    -0.00170175
568    -0.00017235    -0.00462172     0.00548753     0.00161557     0.00035454    -0.00198325
569     0.00090508     0.00090561    -0.00152036    -0.00102154    -0.00012369     0.00112131
570     0.00087903     0.00165759    -0.00435030    -0.00082503    -0.00030081     0.00093004
