 Number of water molecules:
         190

 Atomic and electronic energies:
    -3.25520204    -0.10594817

 Atomic coordinates:
  1    -9.63600215    14.03585222    -9.31536316
  2    -9.96457822    14.52014311    -7.53796622
  3    -9.66051147    12.12247332    -9.36419871
  4     8.09324898     5.46676131    12.01188572
  5     9.08908671     7.13628075    11.59170665
  6     7.20776643     5.00725488    10.35239031
  7    -6.21296103     8.71785437     7.54741950
  8    -5.06709654     7.23738002     8.01203843
  9    -6.25842599     8.61441711     5.62279557
 10    14.35611725    -6.64359481    -9.55081397
 11    16.20032175    -6.94850056    -9.81755735
 12    14.21079482    -6.16384665    -7.67440088
 13     1.47682671     6.71119583    10.98447530
 14     1.97719100     6.16104909    12.72757834
 15     2.78137628     5.88684630     9.90479571
 16    -9.56839937     8.94076601    -8.70755947
 17   -10.55643823     7.31340701    -9.13949295
 18    -7.70897441     8.59703480    -9.15855754
 19     2.53866021     1.67105992   -19.52390854
 20     2.18432125    -0.20213776   -19.24871986
 21     0.85039808     2.55827591   -19.61038853
 22   -17.76352213     8.54387214     2.41789166
 23   -16.18470065     9.50897654     3.05939611
 24   -18.79112578     9.87257040     1.48156929
 25     8.80386411     6.60494227   -13.31220075
 26     7.90345906     5.51939559   -14.66275549
 27     8.00443135     6.25760387   -11.61847186
 28    -5.13992961   -11.03045157   -10.60988896
 29    -4.88290791    -9.10758180   -10.93195115
 30    -6.95888553   -11.11461639   -10.05180401
 31   -13.05380043     1.98547925     5.98240782
 32   -13.50619453     3.40734632     7.16894767
 33   -12.37278748     2.67106555     4.31647407
 34    -1.68850146     9.03733862   -13.90093640
 35     0.11406704     8.57399691   -13.57571740
 36    -1.75263539    10.83595737   -13.22001258
 37     7.14634447     5.66836303    -8.54708278
 38     8.97251233     5.94801342    -8.04779017
 39     6.48488774     4.36840480    -7.34651822
 40     3.33533596    -5.31384771   -14.06353487
 41     2.00007550    -4.36758432   -13.07763928
 42     3.02871798    -7.22018266   -13.75741043
 43    -3.42635925     4.04305305     0.31907836
 44    -3.30635317     4.90174784    -1.38076096
 45    -4.74707729     2.63644789     0.22455297
 46     8.31950989     0.27737240    12.52242437
 47     7.61263762    -0.19280481    10.81846060
 48     8.45270397     2.16816151    12.72706840
 49     2.80151522     7.40879469    -1.65421727
 50     4.11337228     5.99207693    -1.80389210
 51     3.81516261     9.05322741    -1.78013339
 52     5.47342393    -7.23025457    15.22208626
 53     7.36837110    -7.17632267    14.96197659
 54     4.77953514    -5.98084819    13.94678737
 55   -14.44310320    -9.65440162    -6.04062046
 56   -15.56694177   -10.85782085    -4.99882080
 57   -12.84762567   -10.72592187    -6.22489220
 58    -9.04513777     5.23514734    13.60190928
 59    -8.26289077     4.52558970    15.25175970
 60    -9.08213806     3.69201052    12.45209641
 61    10.65230170    -4.43636292     8.92580735
 62     8.91604040    -3.52981644     8.97343688
 63    11.95165585    -3.04958759     8.58724547
 64   -14.08745640    -5.55386727    10.25174534
 65   -14.91020816    -5.51182719     8.51690969
 66   -13.54315157    -3.65640864    10.51586884
 67     9.94424553   -12.72638291     3.25090440
 68     9.09185879   -14.20343041     2.35694962
 69     9.96644914   -11.32388508     1.98551503
 70     1.90333027     0.25216539    -8.31708888
 71     3.40035837     0.69261736    -7.09648498
 72     0.34571886     0.76152805    -7.29877142
 73     1.10347463     2.31634182     2.03880295
 74     1.43552009     0.67445432     1.09148103
 75    -0.67052393     2.79433136     1.39196641
 76    -0.61146038   -13.28087316   -11.10996768
 77    -2.33388344   -12.41919893   -11.10274871
 78    -0.95274087   -15.11069104   -10.62755599
 79    -2.49643162    -2.57250872    -3.88034972
 80    -0.90244279    -2.45798991    -2.88992973
 81    -2.72414589    -0.91955343    -4.86825316
 82     1.58107188     0.55587354     6.96244293
 83     1.32690989     1.20375833     5.14760282
 84     0.06383097    -0.65148102     7.24305021
 85    -4.64212638    -3.83257869     0.74515800
 86    -5.52114433    -2.22569873     1.32756794
 87    -3.94171914    -3.49123097    -1.01236616
 88    -1.39141860    11.36675544     1.68921943
 89    -1.00156167     9.69812102     2.60068788
 90     0.30872914    12.26554181     1.43455965
 91   -15.61160049     9.62088213    -4.84736390
 92   -16.10931081     8.28667236    -3.54183159
 93   -16.55427421     9.15675483    -6.43205479
 94     2.46024175   -12.77350893    -6.94400552
 95     1.11850443   -12.84427976    -8.32801248
 96     1.95811045   -14.19900990    -5.75684999
 97    -1.85688914    14.46301745    -3.12991918
 98    -1.26591622    13.03488546    -1.96509473
 99    -3.79468246    14.49514773    -3.03443983
100    -6.64071194    -0.78358145     6.74603539
101    -7.12499733    -0.30062089     8.51421837
102    -4.95223752    -1.65169229     6.83134960
103    -2.66869021     7.39813884    16.11487084
104    -1.08814609     8.52169692    15.83878696
105    -4.12922552     8.50787778    15.69012627
106    -6.18443113     3.59965335    17.52382427
107    -4.86983735     4.99472312    17.35416523
108    -5.37175284     1.97487537    18.10379420
109   -14.14764083    -2.16682087     0.40463996
110   -14.26235171    -3.23604723     2.00803316
111   -13.92887364    -3.49037500    -0.99569519
112     3.49144629   -16.86022371     9.45869883
113     1.60592705   -16.98344511     9.02841254
114     4.44109933   -16.84224182     7.82197455
115    -6.72680018     3.23957291    -8.28880667
116    -8.59069912     3.44940877    -8.73395756
117    -5.93143627     4.76394048    -9.15809319
118     9.36999929   -11.68386766    11.33579084
119     8.24061368   -12.71413948    12.53048720
120     9.67482351   -10.01760241    12.28128920
121   -13.46971204    -6.33889533   -10.29677776
122   -14.54721394    -7.57414744    -9.25520904
123   -11.85051054    -6.38195763    -9.36078416
124   -18.20513030     0.64679060    -0.58332703
125   -16.65257483    -0.49112360    -0.49303963
126   -18.79612330     0.62506279     1.22998910
127    10.11941816    13.65771442     4.60851147
128     9.04700534    13.64864933     6.18999230
129    10.01015465    15.40274715     3.86058428
130    -9.65702689   -11.37290928    -6.40619615
131    -9.23834971    -9.56583172    -6.92583065
132    -9.87901645   -11.21497341    -4.50851371
133    12.16794941     5.58262475    -7.56009021
134    12.41339814     3.82775417    -6.85153406
135    12.92943484     5.34580746    -9.39126217
136    -5.98004851    -8.43600354     5.08659506
137    -7.54209890    -7.27782605     5.18403602
138    -4.52745150    -7.32171677     4.53419984
139    -5.04327024    -6.00738640   -10.99283771
140    -5.27371797    -5.77147292   -12.88606863
141    -3.29848636    -5.36522072   -10.58651281
142    -7.22570286     9.75141838    15.30036374
143    -8.05008850     8.19246342    14.51305696
144    -8.18597317    10.01005958    16.90042211
145    -5.61269066   -12.75774268    13.80564674
146    -6.53709652   -14.43346715    13.60887464
147    -5.57152860   -11.76693056    12.15962847
148    -6.13604904    16.44187303   -12.19929092
149    -6.80971493    18.16380173   -12.19446072
150    -7.24764037    15.40638344   -11.00521636
151    -9.16422401     4.68114718   -15.06601965
152   -10.16622950     3.14967722   -14.40340553
153    -9.43370603     6.09584459   -13.87758250
154     2.05195991    10.35306686    15.54524328
155     2.01617671    11.89450142    16.69995336
156     2.12491251    11.01435857    13.79484265
157     8.53258918    -8.25315947     1.25379110
158    10.11356611    -7.66576042     2.24551555
159     7.05237497    -7.28350032     2.05320490
160    13.00119744     0.19424890     7.58984278
161    11.48768578     0.54741794     6.52383357
162    14.48272021     0.85100824     6.55868888
163    -5.83115588    -6.12800411   -15.88887146
164    -4.72118558    -4.98413739   -17.01019702
165    -5.53675542    -7.92953230   -16.49228422
166    11.46450966    -2.01307184    15.69221688
167    10.69406821    -2.00782133    17.42260701
168    10.27554867    -1.16623568    14.40429823
169   -15.79994260    -1.68418958   -10.62846328
170   -14.93782881    -3.34615209   -10.76357226
171   -16.02007882    -1.33041547    -8.76301377
172    -1.58840038    13.97748851   -12.36614626
173    -0.95763215    14.54012622   -10.70230977
174    -3.28247923    14.91812112   -12.69350851
175   -17.93854273     0.58900969     4.52877802
176   -18.63324643     2.28078266     5.20113368
177   -16.11379802     0.61901965     4.97209918
178   -18.40227972     5.25872388     6.39547737
179   -17.01153699     5.58379324     7.58093439
180   -18.18103219     6.54616589     4.92281380
181     3.19985414   -10.46796121   -13.24492477
182     4.14163447   -11.59678258   -14.48093748
183     1.76190944   -11.44986339   -12.41508044
184    -2.53238400     5.00887487     8.50080628
185    -1.24001132     5.98047798     9.52235732
186    -2.58015864     3.31559801     9.38756797
187     2.72450949     7.42221623   -11.31283802
188     4.29041136     7.28564185   -10.21715017
189     2.48701119     5.62744373   -12.03534912
190   -16.36888083     5.26540714    -1.30934787
191   -16.85431243     6.33262888     0.29630218
192   -17.48893074     3.65570371    -1.26676981
193    -2.47225821     1.76198979    -6.19729924
194    -1.96085249     3.31647472    -5.22503431
195    -4.14364077     2.22981584    -7.03807085
196    11.30969765    10.99541694   -11.24918017
197    10.46042402     9.56940327   -12.19250434
198    10.95633656    12.56227240   -12.26835798
199    14.78089507     6.61838462    12.66685862
200    14.75381943     4.65733843    12.69053921
201    12.99485957     7.17765245    13.04914656
202    -0.51469946   -10.48274327    10.05939259
203    -2.37397071   -10.06069674    10.34055971
204     0.21084378   -10.68297355    11.86506831
205     7.81719381     5.84569365     3.80960387
206     6.76627456     7.47856719     3.81235393
207     9.65129320     6.42356486     3.95216596
208     9.67763030    -7.27357926    -3.62857207
209     8.45269706    -8.36606777    -4.63647340
210     9.38193740    -7.46928596    -1.74826120
211    15.14647886     9.46040440     8.40144197
212    15.46025463     8.52559998    10.04630084
213    16.38961209    10.89470960     8.33373803
214     7.02389533    -2.33108019     1.21106918
215     5.59509525    -1.36799202     0.33016749
216     6.09726392    -3.51151921     2.35018055
217    16.02533021     1.40916649    -2.07153494
218    15.22221059     1.18048929    -3.82188825
219    14.90953626     0.41245932    -0.88958782
220     9.95353266     9.78969863    10.87435464
221    11.53030045     9.87310944     9.77242049
222     8.72753367    11.04431905    10.05953966
223    -1.27610166    -6.82908662     2.99230024
224    -2.41308995    -5.58119072     2.08966077
225    -1.24538043    -8.50504123     2.06193092
226     9.46348515   -14.09150879    -6.15618981
227     8.34032208   -12.50648048    -6.06710759
228    10.67608867   -13.83180690    -7.61282763
229   -10.77553971    11.25992696    -4.17769521
230   -12.71580767    10.88455195    -4.38495888
231   -10.09885461    10.15070329    -5.58182446
232    14.42127112    -6.09560091    -4.43636017
233    12.63743475    -6.76987681    -4.16797560
234    14.97407830    -5.78210190    -2.69198261
235   -10.14078812    11.32654335     0.85841803
236   -10.43438051    11.25285176    -1.05395256
237    -8.60441321    10.31172428     1.29585526
238    12.42257935    -7.26612956     4.91538356
239    11.70431789    -6.16820275     6.32619372
240    12.92133000    -8.88835617     5.82977905
241     9.50353498    12.02198176    -6.56063131
242    10.83636686    11.79507051    -5.30166226
243    10.07297068    11.04869360    -8.11204788
244    13.94919771     9.58234219    -4.64215522
245    14.99861197    10.22153178    -6.07948077
246    13.17316333     7.92055443    -5.27487373
247     5.82036603     1.81961022    -5.56457207
248     6.61969732     0.07563320    -5.77707664
249     5.99074233     2.32964260    -3.69483310
250     7.37167991   -16.54296126     1.00005258
251     7.13459879   -16.55686847    -0.90266304
252     8.17291219   -18.25205337     1.33121708
253    -7.08460284    -3.19342405    15.46471173
254    -6.59296675    -5.03392533    15.29363814
255    -5.79288938    -2.39274333    16.61508578
256    13.98838185     1.63832203    12.46818351
257    13.60904694     0.13751062    13.57311933
258    13.43933366     1.21792874    10.67739602
259    12.75112785     6.80973989     4.68875462
260    13.56674285     7.86441142     6.10165989
261    13.43417059     7.55673381     3.01454590
262    -7.26220415     0.72843722     1.36078149
263    -7.05506716     0.72284233     3.21531346
264    -9.10409744     1.26457222     0.97134384
265     1.74060627   -10.62520482    14.85033730
266     3.11630218    -9.27637346    15.05650191
267     2.70660705   -12.27595954    14.67179512
268    -2.75487387    -3.32446472   -18.97813349
269    -3.09798286    -3.05509878   -20.84540729
270    -0.78863538    -3.32205671   -18.84566138
271    14.45111667    -4.96064426     0.83017699
272    15.93107543    -3.90174400     1.49815342
273    13.78809263    -5.82844379     2.44267702
274   -13.76179302    -5.03546397    -3.70148223
275   -11.88015090    -4.99353986    -3.49631846
276   -14.10875747    -6.77534613    -4.46621332
277    -8.62113183    -4.38020887    -2.79284836
278    -7.34687266    -4.37530954    -1.34238302
279    -8.67302498    -2.49200302    -3.29408590
280     2.19492469    -3.46277715   -18.64777006
281     3.82276186    -3.44976138   -19.72215616
282     2.73821436    -4.08920543   -16.92816406
283    -2.21391431    -3.20944254     7.09632328
284    -1.82058850    -4.76414408     6.07335400
285    -2.13644829    -3.79801544     8.92264967
286     9.03052998     0.78935957     4.55449081
287     8.74605897     2.64579288     4.28767509
288     8.19856236    -0.23662561     3.11110554
289     3.18881266    13.37744410     1.27717117
290     4.46171784    12.96586314    -0.17123766
291     3.18205854    15.27784347     1.47260647
292     4.20124318     9.52373476     4.71388700
293     2.79986815     8.20434668     4.53626214
294     3.69421385    10.90678599     3.41402792
295    18.58179688     5.09423875    -0.04674781
296    17.68046383     3.64419329    -1.01480314
297    20.43650821     4.77951288    -0.24572667
298    -6.26755103   -11.48361757     1.17283978
299    -4.57956716   -11.37274355     0.35288848
300    -6.17963500   -10.43617358     2.74366452
301    13.93854210     5.56433565   -12.50770747
302    14.92753092     7.13504446   -12.90674855
303    12.18513867     5.79138886   -13.25960168
304   -10.49253053    -4.08224551   -14.25137456
305    -8.91612535    -5.07305733   -14.77321612
306   -11.42252364    -5.27627921   -13.05570277
307    15.00313936     8.76450275     0.36596721
308    16.42767465     7.46449469     0.17270069
309    14.66828929     9.31786099    -1.45544577
310    -1.29586548   -17.78324754    -8.36646180
311    -0.17374335   -17.53771594    -6.80355777
312    -2.78932340   -18.83252543    -7.77053144
313    -9.39342322    -4.89491643     5.20145561
314   -11.24881004    -4.58015991     5.14056032
315    -8.51742457    -3.21523044     5.58068847
316    -0.93057815   -14.90408608     7.01000460
317    -1.23846785   -13.34524038     8.12647679
318     0.70014086   -14.70202657     6.05753678
319     6.50728411   -10.00738730    -6.65546946
320     4.71476318   -10.82161693    -6.66186669
321     6.80128169    -9.49949131    -8.51427514
322   -13.18639007   -13.75036626     4.13692406
323   -12.86859080   -13.62947324     6.03684929
324   -11.89480324   -14.90329875     3.32760838
325     8.14937504    -4.10136036   -13.70651018
326     6.20039975    -4.27560745   -13.72299705
327     8.51780266    -3.01691589   -15.17333466
328    -2.76724531    -8.33894780    15.12278021
329    -0.98961678    -9.04672173    15.42698266
330    -3.84398269    -9.92305581    15.10122130
331   -11.26375825   -12.86241378     8.91742924
332    -9.63406229   -13.40010004     8.09640202
333   -10.82900369   -11.39521694    10.04816174
334    12.74810881   -11.76063350     7.47877964
335    11.61560703   -12.01563603     8.98710150
336    11.78262650   -12.33696985     5.94313674
337    -0.46093286     2.66544845    15.89818994
338    -1.47745801     4.29215308    15.77324733
339     1.39070899     3.20151719    15.91756312
340    12.61226054     0.80698726    -5.93483344
341    11.91892301    -0.20881126    -7.40868576
342    11.83847583    -0.01189303    -4.34883815
343    -1.40042232     6.28057249    -3.92910631
344    -1.44384856     7.62331283    -5.27138087
345     0.22193633     6.67865938    -2.92829224
346   -10.87222090    10.10476630     8.78719901
347   -10.31658051    11.78519981     9.36536230
348    -9.27239376     9.22354564     8.18617368
349     7.85928690    -8.93794377   -11.60476912
350     6.19326127    -9.46903729   -12.30664899
351     8.14749164    -7.22634467   -12.44711076
352     0.96861520    14.58162827    -7.39779686
353     2.84729431    14.95150359    -6.97981696
354    -0.02138209    14.81588362    -5.78171989
355    -3.77958984   -17.86351755     3.73108641
356    -2.73824365   -17.47210720     2.20284249
357    -2.92604164   -16.95388565     5.18630393
358    -7.82848873     0.45573521    11.82982846
359    -8.07707668    -0.84811483    13.28172121
360    -5.92180217     0.66217123    11.71911235
361    -5.76167745    -9.60563271     9.86517314
362    -5.78814161    -9.33199405     7.93493293
363    -7.49090572    -8.94943986    10.34524495
364    -1.74294379     0.54697566   -15.08884336
365    -2.37889954    -0.73528103   -16.34987000
366    -2.70110511     2.19597384   -15.44238832
367    -6.89160039    14.16685785    -2.13537416
368    -7.77760348    14.30521290    -0.42359270
369    -8.23674270    13.34378322    -3.18850636
370     6.54469009    12.40380380     8.29740346
371     5.69484358    11.39342467     6.83767137
372     5.02668855    12.65861770     9.47798191
373   -13.77555493    -9.05672142     2.31030644
374   -13.71406701   -10.87006170     3.05715122
375   -12.45195271    -9.19564227     0.85875430
376     0.29363543   -16.10578781     0.51708225
377     1.51473840   -15.66852845     2.00083791
378    -0.40924205   -14.35962953    -0.00429216
379    11.41409483    -2.54822012   -10.08959822
380    12.53962267    -4.09514940    -9.96609129
381    10.09764519    -3.12241625   -11.38445384
382    -1.28208261    18.38226189     0.51234460
383    -2.56393994    17.88815525     1.91466042
384    -1.90021022    17.39772760    -1.04391576
385    -3.38008280    -0.81715428    18.45244646
386    -2.37698116    -1.70759093    19.81783903
387    -2.21775752     0.33481537    17.46651274
388    18.01253028    -2.20069728     3.75771422
389    17.36578155    -0.37136891     3.88225364
390    19.39348950    -2.33141977     5.02530834
391    -0.43333876     9.60526299    -7.79660452
392     0.72572249     8.81370620    -9.13973469
393     0.16664901    11.45114917    -7.69202201
394     6.13059851    11.11143732    -2.27394708
395     7.00639352    11.48168195    -3.94919578
396     7.57058679    10.86433465    -0.93438041
397     2.62751152     2.11657562   -12.85267447
398     1.01821712     1.39733246   -13.68403854
399     2.46218428     1.43970222   -11.02638250
400   -14.89293947    -4.76802495     4.96749457
401   -16.72187286    -4.34946322     5.05474787
402   -14.68770526    -6.49312971     4.08509511
403     3.29538994    -9.92389843    -1.78036509
404     3.14192640    -8.38638276    -2.96761110
405     5.08852857    -9.81875050    -1.04438250
406     3.49075838   -14.75464506     4.09521342
407     4.45968943   -13.42519824     5.04727707
408     4.83956540   -15.52009675     2.96430373
409    10.17594975    18.31180249     2.15932652
410    11.01635273    20.01498007     2.05967485
411     9.10827081    18.16847384     0.51226029
412   -12.17531884     0.77376709   -13.22766952
413   -13.83857765     0.08116706   -12.48314592
414   -11.22720906    -0.74034358   -13.97944276
415     6.78219257   -17.59539699    -3.87395105
416     7.82766848   -16.24221718    -4.74552082
417     6.90367729   -19.11756565    -5.06838473
418    -3.50875846    15.44012100     4.16754624
419    -2.98843637    13.93489404     3.02789317
420    -2.84360068    15.02056489     5.92776174
421     1.81394937    12.00471967    10.81131268
422     1.38079524    10.21974939    10.14713560
423     0.40128098    13.22925316    10.32445465
424    -1.82454995    15.24916166     9.38140571
425    -2.05660516    17.13585901     9.41891514
426    -3.41352027    14.44853296    10.11343027
427    -3.66150231   -10.63178165    -5.36436872
428    -4.08209837   -11.51343431    -6.98038932
429    -2.56675165    -9.10171837    -5.90279898
430    -2.61275548     0.67953041    11.60502323
431    -1.51094823     1.60309445    12.91655260
432    -2.27958989    -1.20785701    11.79399800
433    -4.13438945     4.82656418   -16.21522571
434    -3.48946316     6.60708268   -15.69969930
435    -6.07915877     4.86243282   -16.12149529
436   -10.08424772    -9.74226346    -1.60822700
437    -8.63003285   -10.58022359    -0.71261791
438    -9.36703955    -8.03587753    -2.02094199
439     3.93289169     5.63606079    15.25538106
440     3.59695315     7.51925739    15.67604273
441     5.57552564     5.49286442    14.33578589
442    12.15058110   -11.32988322   -10.04851999
443    10.54211578   -10.79207468   -10.90285058
444    13.00420666    -9.61065941    -9.75190058
445     7.81927071    -3.14374154    -6.44624505
446     9.10901611    -3.06913513    -7.86101359
447     8.56595776    -4.41704252    -5.21541651
448    -4.79861559     7.58792508   -10.13202809
449    -3.43477706     8.29806057    -8.96546564
450    -4.00621036     7.65801954   -11.86625993
451   -10.50500392    -8.86368503    11.70986350
452   -10.53822856    -8.74281214    13.62359905
453   -11.95119635    -7.63887499    11.13721546
454     3.51093877    18.49119622     1.49204213
455     3.61241990    19.69568258     2.95518174
456     1.61119605    18.49924401     1.05715756
457    16.17409848     2.68816458     4.30647280
458    17.08906972     3.41059430     2.75874687
459    14.66744210     3.82291929     4.58410509
460     9.28894954    -0.53811624   -17.11990249
461     8.22756142     1.02627750   -16.90859570
462    10.95384333    -0.16397690   -16.21405926
463   -12.44285452    -0.71466177    10.25806404
464   -12.75874515     0.12018212     8.55880441
465   -10.63704231    -0.18871332    10.74555492
466   -15.29977952     3.90174702    -6.33442198
467   -15.53401960     4.65261695    -4.55331675
468   -15.71246480     2.00816362    -6.18744799
469    -8.79295561     0.38953245    -4.53808408
470    -7.87466890     1.38168845    -5.88654911
471   -10.07901330     1.52921805    -3.75477068
472   -18.50918256     3.52612178   -10.76037040
473   -18.05173197     1.87982363   -11.59280682
474   -17.64654931     3.57927070    -9.12473153
475   -16.45953393    -0.92461130    -5.36903987
476   -15.49758842    -2.47178000    -4.73647616
477   -17.62151130    -0.49103908    -3.93629571
478     6.86192014    -3.08965650   -20.70328622
479     7.90265632    -1.97997540   -19.50199327
480     8.03809216    -3.38972005   -22.14742118
481     6.68569746   -11.56136356     6.95815644
482     7.79442209   -11.53856127     8.54656764
483     7.91451722   -11.75478357     5.49295675
484    10.15904347    10.49800401     0.59518658
485    10.19763769    11.72590342     2.10459623
486    11.91932335     9.81181676     0.38817915
487    -1.38688341   -10.99594825    -0.75720833
488    -2.28313976   -11.04439549    -2.47310307
489     0.47415900   -10.67350027    -1.08887835
490   -11.97138959     2.48547581     0.58700314
491   -13.19704162     3.64639810    -0.18144548
492   -12.74764489     0.76567967     0.55260911
493    10.25192214    -6.92612741    13.23126481
494    11.40112725    -5.83657496    14.24478154
495    10.23321199    -6.01119379    11.49586972
496   -13.65213059    10.69945657     4.39188363
497   -12.78168988    10.53158337     6.07143842
498   -12.27931615    11.22851451     3.12439708
499     5.95499231     3.28256340    -0.58705721
500     7.15107282     4.05737537     0.69381093
501     4.26623260     3.13096542     0.30427721
502    -0.97495780    -6.55161166    -6.82621592
503    -1.72598916    -5.03304085    -5.84951711
504     0.88676571    -6.56352310    -6.29350460
505    -8.57078126   -15.87893816     2.72306722
506    -7.72437042   -14.36613145     1.87040102
507    -7.06138437   -16.93348747     3.40916722
508     5.55430080   -14.62024474    13.78019117
509     4.87946798   -15.27512498    12.07026664
510     5.52762353   -16.11697669    14.91033573
511     1.58546879   -17.08250868    -4.31178147
512     1.02051368   -16.83908111    -2.50336712
513     3.46843728   -17.44313361    -4.18104206
514     6.08909829    -1.44906023     8.02659618
515     7.22094199    -0.63906848     6.69687937
516     4.31716282    -1.04933415     7.47402589
517    -0.34447977    -2.95222425   -11.68814760
518    -1.20680770    -1.58545373   -12.75681194
519     0.55536766    -2.00707512   -10.26253635
520    -5.98365011     8.54303849     1.97888777
521    -4.55601608     9.75215632     1.38842237
522    -5.29281884     6.80453616     1.61882908
523     5.12331618     4.23906696     8.09067802
524     5.91380481     4.76835234     6.42225959
525     3.96733586     2.71617786     7.63474733
526     3.17710933    -8.17251494     7.81223920
527     4.56800255    -9.52009955     7.59144211
528     1.62148974    -9.08684818     8.61681508
529     6.22197965    15.96590586    -6.45052489
530     6.52215981    17.27073259    -7.83066020
531     7.42701512    14.49429683    -6.71314249
532    11.27832136    -1.50862584    -1.44630506
533     9.69007280    -1.68667343    -0.33837716
534    12.41272755    -2.93128956    -0.75530282
535     3.51271554    -4.57816060    11.47356936
536     3.34717974    -6.00651616    10.11830874
537     4.58922317    -3.26448287    10.58408501
538    -9.06362519    -6.40097607    -7.44072622
539    -7.37962242    -6.27703328    -8.35838403
540    -9.00782353    -5.46653143    -5.79469441
541     4.20641633    -6.23009472     3.38091403
542     2.50008314    -6.15018598     2.62927569
543     3.88390195    -6.88244854     5.22405806
544     3.52721351    -5.48410484    -4.09858176
545     3.19721390    -4.18802195    -2.76664140
546     4.85136548    -4.71645818    -5.19292679
547    -0.08524802     7.01295519     4.17304015
548    -1.10753073     6.23885494     5.65342324
549     0.47324311     5.51697603     3.07048486
550   -14.16136414     6.14031845     9.37832924
551   -14.15277341     5.64603425    11.22246472
552   -13.00705554     7.66224984     9.25963227
553     7.28148695    17.62287235    -1.82285979
554     6.60416680    16.92420988    -3.47818789
555     5.79519416    17.92399273    -0.70218845
556   -11.56735002     4.39007374    -9.69063022
557   -11.96516923     3.07114728   -11.11768535
558   -13.10322639     4.42969147    -8.52329753
559    -5.82335809    12.43762147    11.02214059
560    -5.80504454    11.10917921     9.59504775
561    -6.59653158    11.64555467    12.58340322
562     6.27662551     3.50293041   -16.24690644
563     5.24529720     3.08918553   -17.84264953
564     5.04788531     3.13874566   -14.78785879
565    -1.34005257    -4.05008113    12.31586119
566     0.55622287    -4.29431729    12.44995536
567    -2.03001474    -5.38345934    13.52081196
568    13.54464877     0.57421432   -14.14678237
569    13.20773764    -0.27166983   -12.42921663
570    13.94811571     2.35801028   -13.73177238

 Atomic and electronic forces:
  1     0.00803408     0.00354505    -0.01133759    -0.00098918     0.00130701    -0.00075233
  2    -0.00514479     0.00351268     0.01368506     0.00051890    -0.00068793     0.00030709
  3    -0.00284244    -0.00589625    -0.00060321     0.00060086    -0.00069410     0.00045850
  4     0.00974525     0.00775838    -0.00599235     0.00135185     0.00154825     0.00279091
  5    -0.01661542    -0.01584763     0.00790843    -0.00066857    -0.00081616    -0.00114202
  6    -0.00159617     0.00195631     0.00497693    -0.00085653    -0.00107932    -0.00180151
  7     0.00874120    -0.01176872    -0.01474898    -0.00187679     0.00230373     0.00180148
  8    -0.00029810     0.00066936     0.00662283     0.00105929    -0.00128965    -0.00124756
  9    -0.00318329     0.00680035     0.00114000     0.00114773    -0.00138947    -0.00083229
 10    -0.00762237     0.00644116     0.01102753     0.00235126    -0.00101307    -0.00174118
 11     0.00796108    -0.00246498    -0.00432459    -0.00101190     0.00040092     0.00067131
 12     0.00405418    -0.00621495    -0.00019576    -0.00148616     0.00058987     0.00088474
 13    -0.01863273     0.00869703    -0.00873579    -0.00019555     0.00242898     0.00338461
 14     0.00387976     0.00013268     0.01827212     0.00001741    -0.00089924    -0.00155343
 15     0.01651293    -0.00672901    -0.01666371    -0.00012801    -0.00149598    -0.00209577
 16     0.00387017    -0.00682939     0.00142722    -0.00173633     0.00154593    -0.00123731
 17     0.00813881     0.00824257     0.00065714     0.00094498    -0.00065287     0.00065322
 18    -0.00840041    -0.00172636    -0.00190949     0.00089623    -0.00091851     0.00080147
 19    -0.00501612     0.00209027     0.00181394     0.00005645     0.00034307    -0.00215691
 20     0.00297445     0.00395980    -0.00028715    -0.00000891    -0.00007094     0.00115083
 21     0.00500432    -0.00243227     0.00042029     0.00006464    -0.00021328     0.00104192
 22     0.00375221     0.01245505    -0.00802781    -0.00145347     0.00072947     0.00020771
 23    -0.00481301    -0.00585818     0.00282765     0.00074936    -0.00044852    -0.00014273
 24     0.00320990    -0.00798170     0.00711364     0.00063668    -0.00034433    -0.00005790
 25     0.01732530     0.00761596    -0.01400531     0.00120722     0.00142456    -0.00229812
 26    -0.00006366     0.00394408     0.00930213    -0.00050121    -0.00058907     0.00121555
 27    -0.00894615    -0.00643648     0.00627594    -0.00075433    -0.00096548     0.00141306
 28    -0.00050215     0.02353928    -0.00209774    -0.00148857    -0.00200906    -0.00211589
 29     0.00050420    -0.01715954     0.00363981     0.00087830     0.00098445     0.00133466
 30    -0.00255773    -0.00985180     0.00150545     0.00083603     0.00090735     0.00089598
 31     0.00500087    -0.00970481    -0.01041473    -0.00262795     0.00058836     0.00111188
 32     0.00029306     0.01221997    -0.00111642     0.00110225    -0.00034060    -0.00053670
 33    -0.00505601     0.00224027     0.01014461     0.00152597    -0.00043100    -0.00050032
 34    -0.00780453    -0.00128576    -0.00062924    -0.00057537     0.00160707    -0.00207521
 35     0.01409378    -0.00837974     0.00042749     0.00017287    -0.00089317     0.00117775
 36    -0.00618375     0.01062483    -0.00513540     0.00026292    -0.00084665     0.00088491
 37    -0.00398866     0.02068355    -0.01808497     0.00245593     0.00338567    -0.00388911
 38     0.00821283    -0.00028874     0.00319001    -0.00140221    -0.00148411     0.00154098
 39    -0.00616879    -0.01662657     0.01092125    -0.00179198    -0.00231142     0.00276595
 40     0.01204092    -0.02065669    -0.00555307     0.00036562    -0.00111653    -0.00383103
 41    -0.01464967     0.00196510     0.00789430     0.00000736     0.00056468     0.00236075
 42    -0.00027931     0.01402379    -0.00110298    -0.00013138     0.00077555     0.00175608
 43     0.00348423    -0.01176309     0.01028480    -0.00902598     0.00930253     0.00138393
 44     0.00061365     0.00332482    -0.00898715     0.00361283    -0.00433720     0.00058536
 45    -0.00422500     0.00703683    -0.00071154     0.00527938    -0.00323129    -0.00054263
 46     0.00400086    -0.01808349     0.00765158     0.00170675     0.00044277     0.00352476
 47    -0.00412613     0.00940866    -0.00164123    -0.00116146    -0.00023879    -0.00234822
 48    -0.00271744     0.00958159    -0.00727180    -0.00078022    -0.00043274    -0.00160448
 49     0.00966761    -0.01605986     0.00402821     0.00080167     0.00984202    -0.00130961
 50    -0.00621991     0.01402671     0.00060030    -0.00165994    -0.00599764     0.00108051
 51     0.00162422    -0.00016052    -0.00318473    -0.00057303    -0.00346929     0.00044434
 52     0.00071728    -0.00467654     0.00571590     0.00056538    -0.00098180     0.00258615
 53     0.00427352    -0.00193015    -0.00029483    -0.00042496     0.00046987    -0.00122704
 54    -0.00526127     0.00462078    -0.00340115    -0.00031094     0.00053664    -0.00164380
 55    -0.01388862    -0.02759064     0.01934539    -0.00187747    -0.00094432    -0.00064102
 56     0.00496955     0.02087618    -0.01268824     0.00083529     0.00045046     0.00021759
 57     0.00478667     0.00878785    -0.00838411     0.00096080     0.00060437     0.00037513
 58     0.00482535    -0.00766548     0.01118573    -0.00131251     0.00078407     0.00165247
 59    -0.00464160     0.00539467    -0.01015577     0.00055819    -0.00031995    -0.00084464
 60     0.00057145     0.00380540     0.00213744     0.00081758    -0.00037366    -0.00094198
 61    -0.02281356     0.01666365    -0.00602473     0.00317308    -0.00116363     0.00340780
 62     0.02145944    -0.01025023    -0.00252792    -0.00172739     0.00056811    -0.00233799
 63    -0.00148681     0.00059898     0.00233683    -0.00167569     0.00029743    -0.00150547
 64     0.00729594     0.03348308    -0.00216659    -0.00170449    -0.00044217     0.00112499
 65     0.00415365    -0.00446716     0.00358081     0.00092323     0.00022558    -0.00048556
 66    -0.00660950    -0.02878639    -0.00006504     0.00090780     0.00013296    -0.00063534
 67    -0.00027573    -0.01422744     0.01215793     0.00217599    -0.00313656     0.00099937
 68     0.00077821    -0.00369028    -0.00155538    -0.00086691     0.00157999    -0.00033738
 69    -0.00124768     0.01289542    -0.00993802    -0.00148017     0.00186594    -0.00044307
 70     0.01916678     0.00081296     0.03170949    -0.00020232     0.00251693    -0.01220298
 71    -0.01484765    -0.00167746    -0.02492957    -0.00147823    -0.00222394     0.00704453
 72    -0.00773262     0.00207388    -0.00896564     0.00164708    -0.00204879     0.00658607
 73    -0.00224686    -0.02300410    -0.01934597    -0.00600505     0.02282693     0.01455801
 74    -0.00048394     0.01117767     0.01055155     0.00325018    -0.01075745    -0.00757448
 75     0.00004246     0.01066383     0.00595606     0.00509925    -0.00838341    -0.00369334
 76     0.00560097     0.00094061    -0.00046034    -0.00050156    -0.00227421    -0.00203586
 77    -0.00558880     0.00028270     0.00007398     0.00043697     0.00111023     0.00107097
 78    -0.00006541    -0.00301921     0.00217791     0.00023159     0.00107238     0.00079509
 79    -0.00302403    -0.01079361     0.00859739    -0.01704864    -0.00444883    -0.01286704
 80     0.00481111     0.00447799    -0.00202986     0.01004010     0.00356961     0.00819626
 81    -0.00005105     0.00070086    -0.00176878     0.00623655    -0.00053699     0.00574534
 82    -0.01337705    -0.01105279    -0.02202604    -0.00112835     0.00364037     0.01313599
 83    -0.00089285     0.00147905     0.01265115     0.00125176    -0.00396803    -0.00790829
 84     0.01148008     0.01028740     0.00358402     0.00161519    -0.00061430    -0.00597518
 85     0.00699328     0.00073432    -0.00184230    -0.01396687    -0.00520183     0.00245692
 86    -0.00395971     0.00166411    -0.00273624     0.00619181     0.00072932    -0.00142437
 87    -0.00472675     0.00226334    -0.00324898     0.00824015     0.00290864     0.00081335
 88    -0.00685907    -0.00437876    -0.00162744    -0.00116177     0.00429161     0.00070775
 89     0.00376165     0.00637482    -0.00197641     0.00073841    -0.00266599    -0.00072173
 90     0.00109366    -0.00420125     0.00335745     0.00026891    -0.00207352    -0.00027976
 91    -0.00295738    -0.01161906     0.01045537    -0.00149995     0.00093603    -0.00037591
 92     0.00422592     0.00863320    -0.00505086     0.00082622    -0.00044072     0.00014203
 93     0.00063126     0.00222795    -0.00257029     0.00069609    -0.00039484     0.00022495
 94    -0.01450019     0.00159904    -0.00250376     0.00016206    -0.00406192    -0.00231554
 95     0.00615433     0.00207918    -0.00277969     0.00013342     0.00172260     0.00118343
 96     0.00491455    -0.00185185     0.00128650     0.00000686     0.00195165     0.00081001
 97     0.00334418    -0.00787543     0.00968180    -0.00070119     0.00284501    -0.00048259
 98    -0.00948244     0.01101204    -0.00831480     0.00041088    -0.00178602     0.00018843
 99     0.00247138    -0.00355363     0.00181727     0.00047525    -0.00129332     0.00021118
100    -0.01333383     0.00662740    -0.02142079    -0.00492948     0.00034025     0.00405516
101    -0.00298746     0.00271024     0.01103285     0.00177917    -0.00021121    -0.00172684
102     0.01369762    -0.00577377     0.00512936     0.00279194     0.00011108    -0.00288298
103     0.03907670    -0.00026677    -0.00159076    -0.00054248     0.00100343     0.00187969
104    -0.01532826    -0.01401120     0.00540210     0.00018243    -0.00056898    -0.00092901
105    -0.02117459     0.01236343    -0.00441625     0.00032467    -0.00051802    -0.00083948
106    -0.00710984     0.01204960    -0.00506161    -0.00080329     0.00048517     0.00174085
107     0.00049287    -0.00887209     0.00346621     0.00035175    -0.00032331    -0.00089726
108     0.00503941    -0.00134278     0.00213555     0.00037030    -0.00016694    -0.00091868
109     0.00525111    -0.00972122     0.00180094    -0.00309039    -0.00015109     0.00015586
110    -0.00135066     0.00647463     0.00260075     0.00146505     0.00016740    -0.00021728
111    -0.00255284     0.00467283    -0.00209511     0.00156338     0.00020742     0.00005714
112    -0.01273061     0.00144802     0.00621939     0.00018966    -0.00202197     0.00128085
113     0.01411410     0.00176266     0.00217331     0.00002869     0.00105206    -0.00063271
114    -0.00019214    -0.00087092    -0.00478525    -0.00017768     0.00114368    -0.00060485
115    -0.00580423     0.00302520     0.00200977    -0.00351859     0.00185124    -0.00315285
116    -0.00383216    -0.00305155    -0.00268158     0.00148130    -0.00067245     0.00115707
117     0.00558918     0.00279878    -0.00151990     0.00138317    -0.00106562     0.00151191
118    -0.01102088     0.00028420     0.01012135     0.00116204    -0.00164682     0.00185500
119     0.00421221     0.00196836    -0.00590820    -0.00041498     0.00076407    -0.00086369
120     0.00352353    -0.00266932    -0.00372755    -0.00062135     0.00071026    -0.00102939
121    -0.02769401    -0.01487802     0.00142601    -0.00183348    -0.00058786    -0.00116794
122     0.00285842     0.00932899    -0.01119962     0.00087684     0.00032820     0.00046731
123     0.02895377     0.00547401     0.01211886     0.00110642     0.00039955     0.00071244
124     0.00208624    -0.00260083    -0.01382210    -0.00196503     0.00019685    -0.00001652
125     0.00191425    -0.00159151     0.00188135     0.00116935    -0.00005557     0.00000501
126    -0.00660536     0.00188218     0.01198160     0.00092269    -0.00008887    -0.00007267
127     0.00068102    -0.01360768     0.00095909     0.00116715     0.00218977     0.00072216
128    -0.00266056    -0.00037607     0.00140739    -0.00050288    -0.00108938    -0.00047363
129     0.00217587     0.01421357    -0.00532034    -0.00046955    -0.00099592    -0.00025060
130     0.00020516     0.00565374    -0.00492440    -0.00211713    -0.00181306    -0.00108523
131    -0.00081394    -0.00138737    -0.00423456     0.00126879     0.00092296     0.00073295
132     0.00219614    -0.00638021     0.00660607     0.00119438     0.00098781     0.00041051
133     0.01747821     0.00003698    -0.04348148     0.00286728     0.00197262    -0.00202522
134    -0.00064263    -0.01275424     0.01426921    -0.00181781    -0.00091233     0.00112922
135    -0.01339389     0.01535455     0.03049245    -0.00116884    -0.00072171     0.00096368
136     0.00498951     0.00004358    -0.00017967    -0.00373096    -0.00330056     0.00255740
137    -0.00031343     0.00307652    -0.00206686     0.00197256     0.00122033    -0.00115068
138    -0.00189074    -0.00214642    -0.00008400     0.00253927     0.00231623    -0.00191337
139    -0.00286186    -0.00518763     0.01366282    -0.00231739    -0.00152097    -0.00345537
140    -0.00271526     0.00184383    -0.00660740     0.00086975     0.00052489     0.00148100
141     0.00801525     0.00504659     0.00047960     0.00121838     0.00091482     0.00231415
142     0.00023227    -0.00260240    -0.00712689    -0.00077929     0.00093491     0.00131423
143     0.00060483    -0.00349309    -0.00532389     0.00048843    -0.00046321    -0.00071894
144    -0.00342675     0.00517857     0.00933799     0.00034082    -0.00037910    -0.00057425
145     0.00133930    -0.01135278     0.01141198    -0.00081218    -0.00121012     0.00150428
146     0.00646989     0.01692438    -0.00492091     0.00038014     0.00057973    -0.00061990
147    -0.00746487    -0.00393741    -0.00281907     0.00053539     0.00073258    -0.00088150
148     0.01297839    -0.02434443     0.00359125    -0.00055892     0.00121826    -0.00080382
149    -0.00993219     0.02238875    -0.00111050     0.00024745    -0.00054638     0.00032872
150    -0.00358156     0.00161291    -0.00476627     0.00036175    -0.00065403     0.00041155
151     0.00243282    -0.02163838    -0.00509951    -0.00125364     0.00067751    -0.00163701
152     0.00359243     0.01151205    -0.00736082     0.00071816    -0.00026607     0.00082197
153    -0.00676651     0.01112279     0.01051300     0.00066526    -0.00043331     0.00077939
154    -0.00543554     0.00060836     0.04573471    -0.00000499     0.00124202     0.00168072
155     0.00172998    -0.01157459    -0.00812591     0.00000312    -0.00053847    -0.00069123
156     0.00142854     0.01217339    -0.03234654    -0.00000133    -0.00076251    -0.00086888
157     0.00872327     0.01983470     0.00896035     0.00578873    -0.00617483     0.00147714
158    -0.01297337    -0.00703402    -0.00512945    -0.00274362     0.00216217    -0.00088861
159     0.00394828    -0.00963630    -0.00161883    -0.00359338     0.00427369    -0.00175473
160     0.01692515    -0.00761697     0.01424385     0.00355058     0.00048899     0.00256072
161    -0.01888025     0.00310590    -0.01357098    -0.00235702    -0.00046291    -0.00170037
162     0.00324304     0.00051288     0.00216540    -0.00171606    -0.00029971    -0.00094909
163     0.00724553    -0.00643357    -0.00954690    -0.00110318    -0.00066861    -0.00216700
164    -0.00562056    -0.00477479     0.00235543     0.00045441     0.00024371     0.00111427
165    -0.00188537     0.01127667     0.00119722     0.00045695     0.00039658     0.00096924
166     0.00806024    -0.00517867    -0.01077237     0.00119288    -0.00008660     0.00203646
167    -0.00499213     0.00438440    -0.00270184    -0.00045771     0.00003563    -0.00094357
168    -0.00271994    -0.00135208     0.01295663    -0.00069998    -0.00001405    -0.00125877
169    -0.01032393     0.02992432    -0.00053199    -0.00167905    -0.00002942    -0.00096084
170     0.00926032    -0.02523019    -0.00097552     0.00087264     0.00010160     0.00053170
171    -0.00326223    -0.00356800     0.00378400     0.00094015    -0.00000221     0.00043440
172    -0.02584139    -0.00354994    -0.02474844    -0.00038309     0.00162005    -0.00125718
173     0.00898901     0.00909852     0.02166049     0.00017424    -0.00092389     0.00059497
174     0.01722361    -0.00743564     0.00689038     0.00023290    -0.00071288     0.00053574
175    -0.02506068     0.00519585    -0.00535654    -0.00184868     0.00018249     0.00045669
176     0.00406740    -0.00844125     0.00065325     0.00082556    -0.00014642    -0.00022391
177     0.01972458    -0.00007607     0.00762879     0.00107812    -0.00011901    -0.00031940
178    -0.02098600     0.00996988    -0.04307358    -0.00145890     0.00047450     0.00048526
179     0.02457540     0.00844856     0.02385438     0.00075325    -0.00027581    -0.00031559
180    -0.00570004    -0.01394041     0.01865462     0.00074052    -0.00029072    -0.00019519
181     0.01189877     0.00720300    -0.00738030     0.00024353    -0.00189549    -0.00265920
182    -0.01351145    -0.00100047     0.00812139    -0.00016101     0.00078120     0.00106993
183     0.00034004    -0.00729335    -0.00308767     0.00002787     0.00107444     0.00127337
184    -0.00646703     0.00195101    -0.01088236    -0.00221664     0.00310267     0.00425835
185     0.00894221     0.00669886     0.00596144     0.00065343    -0.00144750    -0.00192716
186    -0.00572733    -0.00869608     0.00123805     0.00115736    -0.00117974    -0.00242058
187    -0.00336568    -0.02131742    -0.00232954     0.00020422     0.00260887    -0.00321747
188     0.00269715     0.00104578    -0.00016062    -0.00039726    -0.00152460     0.00171674
189     0.00214206     0.01423033     0.00383193    -0.00007471    -0.00115394     0.00190841
190    -0.00806439     0.00989072     0.01426088    -0.00199988     0.00072326    -0.00009682
191     0.00369957    -0.01665998    -0.02352676     0.00090897    -0.00037174    -0.00003427
192     0.00762979     0.01107105     0.00661830     0.00097315    -0.00025130     0.00004240
193     0.00948059    -0.01204697     0.00527076    -0.00720493     0.00492984    -0.00911898
194     0.00116209     0.01731600     0.00327266     0.00329820    -0.00386819     0.00390616
195    -0.00604870     0.00115943    -0.00695196     0.00271755    -0.00157711     0.00289647
196    -0.00090452     0.00103061    -0.00542665     0.00112501     0.00150365    -0.00131554
197    -0.00321679    -0.00652949    -0.00120799    -0.00057732    -0.00075124     0.00080728
198     0.00206289    -0.00005870     0.00250676    -0.00043309    -0.00067804     0.00057609
199    -0.00340544    -0.00802377    -0.00174639     0.00132564     0.00083296     0.00135754
200    -0.00135782     0.01374708     0.00099314    -0.00073997    -0.00035087    -0.00076039
201     0.00440520    -0.00270535     0.00162176    -0.00062463    -0.00048937    -0.00076663
202    -0.00015467    -0.00506055     0.01885130    -0.00074038    -0.00264938     0.00301535
203    -0.00209807     0.00167214    -0.00285468     0.00059290     0.00117073    -0.00143653
204    -0.00474490     0.00155161    -0.01292943     0.00020211     0.00102804    -0.00134299
205    -0.01457515    -0.00557263    -0.00588583     0.00446353     0.00570298     0.00319032
206     0.00580218    -0.00252439     0.00283070    -0.00147353    -0.00283714    -0.00130886
207     0.00685625     0.00402597     0.00438924    -0.00193787    -0.00200958    -0.00108993
208     0.00154252     0.01502380    -0.01033849     0.00579730    -0.00451965    -0.00241921
209    -0.00216601    -0.00657162     0.00394876    -0.00230853     0.00253613     0.00151062
210    -0.00711368    -0.01081096     0.00300861    -0.00328178     0.00274556     0.00058578
211    -0.00479829     0.00512485    -0.00614262     0.00153302     0.00127117     0.00102583
212     0.00020743    -0.00644146     0.00653729    -0.00072609    -0.00053690    -0.00056364
213     0.00006000    -0.00046117     0.00000596    -0.00065592    -0.00056230    -0.00039794
214    -0.02520058     0.02860827    -0.01905668     0.02272510    -0.00494187     0.00701884
215     0.02296191    -0.00565919     0.00260350    -0.01338313     0.00020282    -0.00278026
216    -0.00305078    -0.02435968     0.01543939    -0.00814456     0.00448969    -0.00527043
217    -0.00444412    -0.00271443    -0.00683455     0.00385016     0.00075686    -0.00046686
218     0.00376657     0.00186962     0.00728832    -0.00203188    -0.00038931     0.00052871
219    -0.00048679    -0.00070813    -0.00194502    -0.00240016    -0.00032441     0.00009730
220     0.01713298     0.00393604    -0.00926930     0.00116044     0.00165247     0.00165725
221    -0.00267424     0.00058089     0.00500101    -0.00068160    -0.00081347    -0.00073036
222    -0.00240862    -0.00155065     0.00046362    -0.00050466    -0.00094847    -0.00079279
223     0.01531264     0.00175020     0.01176177    -0.00674954    -0.01124238     0.00705034
224    -0.01058017    -0.00315095    -0.00948346     0.00553066     0.00526834    -0.00317050
225    -0.00539766     0.00181331    -0.00485567     0.00228882     0.00502176    -0.00177997
226    -0.00599671     0.00053595     0.00491171     0.00152351    -0.00261353    -0.00117483
227     0.00768686    -0.00609036    -0.00638802    -0.00093752     0.00165907     0.00083745
228     0.00167249     0.00690440    -0.00117102    -0.00074521     0.00107714     0.00061962
229    -0.03317800    -0.00954210    -0.00581118    -0.00167962     0.00166021    -0.00049085
230     0.02102489     0.01080247     0.00919912     0.00080288    -0.00066853     0.00021528
231     0.01040636    -0.00037958    -0.00769817     0.00092360    -0.00087934     0.00039161
232    -0.00805415    -0.00274163    -0.02627820     0.00377327    -0.00145340    -0.00122430
233    -0.00571208    -0.00196201    -0.00524983    -0.00222318     0.00114251     0.00078446
234     0.01651614     0.00703301     0.02882746    -0.00198309     0.00068371     0.00035043
235    -0.01873535     0.01492827     0.00031874    -0.00180120     0.00188443     0.00018973
236     0.00284092    -0.00397162     0.00475074     0.00090854    -0.00092267     0.00004547
237     0.01379661    -0.01278451    -0.00102544     0.00107761    -0.00118856    -0.00017453
238    -0.00774075     0.00392118    -0.00187897     0.00376244    -0.00216510     0.00190374
239     0.00167606     0.00033007     0.00177947    -0.00192716     0.00097479    -0.00132515
240     0.00371427    -0.00357078    -0.00000791    -0.00142170     0.00099173    -0.00080722
241    -0.03308640     0.00348533    -0.01404192     0.00134460     0.00242303    -0.00111009
242     0.02806106    -0.00521045     0.02327089    -0.00078889    -0.00118584     0.00044044
243     0.00264450     0.00419205    -0.00552302    -0.00070813    -0.00109827     0.00067939
244    -0.00644207    -0.01118408     0.00264200     0.00207382     0.00191280    -0.00074176
245     0.00384372     0.00322761    -0.00354012    -0.00086754    -0.00077773     0.00038106
246     0.00282269     0.00737383    -0.00078162    -0.00127313    -0.00106552     0.00055899
247    -0.00504512    -0.00801598     0.01632488     0.00820736     0.00704239    -0.01099505
248     0.00517543     0.00313659     0.00005986    -0.00470543    -0.00154158     0.00546039
249     0.00507843    -0.00215329    -0.00995010    -0.00547132    -0.00523121     0.00446332
250     0.00566512    -0.00720205     0.01418420     0.00102866    -0.00292441     0.00026938
251    -0.00499797     0.00046457    -0.01144438    -0.00050529     0.00150370     0.00004900
252    -0.00256270     0.00565876     0.00292851    -0.00042601     0.00117236    -0.00011987
253    -0.00173371    -0.00885840    -0.00879113    -0.00120255    -0.00023982     0.00208228
254    -0.00129515     0.00611017     0.00154129     0.00058133     0.00024665    -0.00105245
255     0.00505698     0.00403419     0.00714073     0.00048910     0.00006363    -0.00105679
256     0.00336856     0.00672380    -0.00136361     0.00174164     0.00043512     0.00187072
257    -0.00198688    -0.00394951     0.00313232    -0.00079314    -0.00010113    -0.00095599
258     0.00146538    -0.00447919     0.00010659    -0.00113207    -0.00025382    -0.00109509
259     0.00433622     0.00188740    -0.01521924     0.00293644     0.00225306     0.00137880
260     0.00063732    -0.00087066    -0.00311414    -0.00113115    -0.00091013    -0.00063339
261    -0.00050640    -0.00118585     0.01581399    -0.00142555    -0.00112170    -0.00042032
262    -0.00371954    -0.00279343    -0.03012595    -0.00823683     0.00188891     0.00157418
263    -0.00418926     0.00077294     0.03055154     0.00368248    -0.00086493    -0.00146704
264     0.01327791     0.00012330     0.00620970     0.00296975    -0.00071012    -0.00037090
265     0.00197127    -0.00485679    -0.00787063    -0.00004567    -0.00133894     0.00219019
266     0.00258944    -0.00044097     0.00446163    -0.00008230     0.00062143    -0.00120406
267     0.00137754     0.00259854     0.00285745    -0.00004154     0.00069615    -0.00095572
268     0.01354761     0.00548871    -0.00644945    -0.00054852    -0.00022483    -0.00212165
269    -0.00214615    -0.00149791     0.00833540     0.00022347     0.00007371     0.00088801
270    -0.01385819    -0.00529234     0.00067332     0.00017630     0.00012247     0.00114789
271     0.00122963     0.00887396     0.01075205     0.00458645    -0.00134921     0.00044408
272    -0.00088765    -0.00540067    -0.00135289    -0.00196465     0.00036641    -0.00026312
273     0.00268047    -0.00168711    -0.00755159    -0.00223851     0.00086243    -0.00053327
274    -0.01020377    -0.00480091    -0.00219541    -0.00284372    -0.00065974    -0.00059182
275     0.01508235     0.00346991     0.00201173     0.00179262     0.00046677     0.00039720
276    -0.00473700     0.00053339    -0.00187090     0.00123431     0.00041332     0.00030980
277     0.00577490     0.00975277     0.01042602    -0.00593054    -0.00167471    -0.00132696
278    -0.00590584    -0.00636562    -0.00292981     0.00392621     0.00125802     0.00038796
279    -0.00313509    -0.00560310    -0.00625353     0.00315728     0.00033286     0.00085156
280     0.00172825     0.00951917    -0.01869032     0.00002085    -0.00027908    -0.00241230
281    -0.00281231    -0.00145937     0.00567193    -0.00009893     0.00011599     0.00106845
282     0.00386401    -0.00682324     0.01040051    -0.00006135     0.00023940     0.00144259
283     0.00447229     0.00105846     0.00028509    -0.00504059    -0.00218488     0.00877022
284     0.00294167    -0.00535916    -0.00604338     0.00270852     0.00240052    -0.00448958
285     0.00053489     0.00119557     0.00683759     0.00148932     0.00086332    -0.00327679
286    -0.00905282    -0.02034443    -0.00150570     0.00845460     0.00248975     0.00576371
287    -0.00219383     0.01397008    -0.00702691    -0.00365706    -0.00218799    -0.00248100
288     0.01344731     0.01142426     0.00865871    -0.00642233    -0.00105131    -0.00346283
289     0.01048507    -0.02094746    -0.01467097     0.00026809     0.00361782     0.00040918
290    -0.01505848     0.00567242     0.01585737    -0.00031362    -0.00190090    -0.00003030
291     0.00597989     0.01142319    -0.00040053    -0.00009422    -0.00143457    -0.00016064
292    -0.00207902     0.01118336    -0.02017543     0.00090723     0.00483682     0.00223060
293    -0.00316408     0.00671623     0.00514447    -0.00020167    -0.00308302    -0.00155802
294     0.00943919    -0.00796122     0.01363331    -0.00029254    -0.00229751    -0.00070400
295    -0.00927695    -0.00753422    -0.00012090     0.00241549     0.00094247     0.00004639
296     0.00387921     0.00695751     0.00307365    -0.00144688    -0.00046224     0.00005996
297     0.00500339     0.00056147    -0.00105621    -0.00103534    -0.00034533    -0.00000693
298    -0.01680247    -0.01605550    -0.01711723    -0.00293886    -0.00358909     0.00056663
299     0.02020870    -0.00086260    -0.00708993     0.00155524     0.00236185    -0.00018512
300    -0.00077136     0.01109639     0.02110318     0.00166283     0.00183977    -0.00064190
301    -0.00221418    -0.00489376     0.00240649     0.00157914     0.00092059    -0.00160466
302     0.00041998     0.00167327    -0.00101213    -0.00067427    -0.00044521     0.00065374
303    -0.00281568     0.00351919     0.00019025    -0.00072971    -0.00051538     0.00092328
304     0.00747598    -0.01686657     0.00589476    -0.00152646    -0.00033098    -0.00168403
305    -0.00441253     0.01087941    -0.00321381     0.00071728     0.00024294     0.00093928
306    -0.00349313     0.00994328    -0.00431119     0.00082095     0.00023853     0.00077043
307    -0.00169012    -0.00883798    -0.00729384     0.00236861     0.00185749     0.00013271
308     0.00105282     0.00313495     0.00538956    -0.00122596    -0.00075386    -0.00004544
309     0.00090879     0.00257900    -0.00021838    -0.00113599    -0.00096454     0.00009786
310    -0.01072763    -0.00338186     0.00452502    -0.00042366    -0.00210108    -0.00101605
311    -0.00053232    -0.00198545    -0.00323863     0.00016610     0.00122899     0.00048469
312     0.00941658     0.00618775    -0.00523853     0.00026307     0.00095636     0.00040227
313     0.01989756     0.00454381    -0.00313978    -0.00402569    -0.00124472     0.00197310
314    -0.01841099     0.00239915     0.00307399     0.00169621     0.00041029    -0.00070773
315    -0.00697188    -0.00414152     0.00274632     0.00233800     0.00041009    -0.00132428
316    -0.01574255     0.00301122     0.01343337    -0.00061844    -0.00283670     0.00154785
317     0.00959163    -0.00929038    -0.01043749     0.00039052     0.00143435    -0.00101652
318     0.00716725     0.00635229    -0.00433868     0.00016371     0.00165452    -0.00079850
319    -0.00722009     0.01006069    -0.01072448     0.00232919    -0.00451268    -0.00323037
320     0.01289373    -0.00225509     0.00112806    -0.00069466     0.00243820     0.00159963
321     0.00295904    -0.00425561     0.01120447    -0.00101367     0.00173590     0.00171275
322    -0.01099154     0.00805935     0.00039475    -0.00152162    -0.00123876     0.00045424
323     0.00371860    -0.00368613    -0.00600987     0.00072464     0.00059663    -0.00031314
324     0.00803004    -0.00289121     0.00654199     0.00073712     0.00071694    -0.00019773
325    -0.01971749    -0.02335416     0.03540622     0.00151577    -0.00068273    -0.00328655
326     0.01080346    -0.00283240    -0.00171685    -0.00059341     0.00041720     0.00189046
327     0.01111854     0.02219301    -0.02950921    -0.00062659     0.00016094     0.00142385
328     0.00577912    -0.00064479     0.00212252    -0.00071444    -0.00103507     0.00229185
329    -0.00214401     0.00316080    -0.00086335     0.00022040     0.00055687    -0.00114053
330    -0.00788500    -0.00050070    -0.00125652     0.00037269     0.00054196    -0.00097745
331     0.00540322    -0.02029049    -0.01618930    -0.00137897    -0.00119285     0.00096565
332    -0.00337723    -0.00037261     0.00076875     0.00071963     0.00074286    -0.00052384
333    -0.00410289     0.01308455     0.00977355     0.00072497     0.00056553    -0.00058824
334     0.00940612     0.00769430    -0.00474614     0.00181226    -0.00176918     0.00132665
335    -0.00302446    -0.00102626     0.01132809    -0.00077979     0.00087233    -0.00076112
336    -0.00200409    -0.00701118    -0.00838331    -0.00097264     0.00110060    -0.00062971
337     0.00323798    -0.00402285    -0.00561451    -0.00042874     0.00067902     0.00272442
338     0.00210378     0.00555898     0.00444930     0.00027428    -0.00043665    -0.00123895
339    -0.00227814     0.00278263     0.00203613     0.00006035    -0.00038796    -0.00137650
340    -0.01030917    -0.00474664     0.00559969     0.00481267     0.00098517    -0.00251116
341     0.00506295    -0.00217990    -0.00230160    -0.00225299    -0.00026174     0.00159122
342     0.00577900     0.00172732    -0.00454259    -0.00331327    -0.00045215     0.00132713
343    -0.00442839    -0.01782095     0.01163522    -0.00364925     0.00819360    -0.00362036
344     0.00207989     0.01271021    -0.01291387     0.00112473    -0.00291833     0.00154168
345    -0.00175923     0.00367442    -0.00148609     0.00111672    -0.00496822     0.00146967
346    -0.01373364    -0.01772156    -0.00857225    -0.00140399     0.00125103     0.00099767
347     0.00555115     0.02091179     0.00923524     0.00058420    -0.00062306    -0.00046085
348     0.00535119    -0.00058816     0.00207485     0.00082981    -0.00077986    -0.00062888
349     0.01085270     0.01423462     0.00184389     0.00148916    -0.00194290    -0.00285095
350    -0.02018630    -0.01139454    -0.00397562    -0.00050773     0.00099167     0.00144606
351     0.00690860    -0.00034352     0.00264190    -0.00078787     0.00075885     0.00154596
352     0.03065422    -0.00146889    -0.00778243    -0.00016611     0.00244780    -0.00106552
353    -0.02310776    -0.00113985    -0.00334810    -0.00005911    -0.00122247     0.00048929
354    -0.00648363     0.00262208     0.01014136     0.00016707    -0.00130519     0.00042983
355    -0.00909815     0.00189759     0.00749108    -0.00081382    -0.00231645     0.00058020
356     0.00822394    -0.00103508    -0.00857148     0.00039574     0.00134152    -0.00021730
357     0.00141438     0.00045011     0.00223444     0.00039156     0.00123467    -0.00044203
358    -0.00217528    -0.01404924     0.00716323    -0.00203520     0.00037981     0.00251376
359     0.00420964     0.00973379    -0.01036217     0.00084261    -0.00004428    -0.00113555
360     0.00574544     0.00266727     0.00370251     0.00104309    -0.00026843    -0.00157970
361     0.00694112    -0.00078341    -0.01531194    -0.00177352    -0.00187684     0.00232848
362     0.00609873    -0.00314012     0.00443282     0.00118289     0.00120708    -0.00125799
363    -0.01031218     0.00102944     0.01401421     0.00091177     0.00072651    -0.00102605
364     0.00454373    -0.00192109     0.00727862    -0.00086924     0.00043859    -0.00336307
365    -0.00449929    -0.00051374    -0.00563613     0.00040124    -0.00005685     0.00144407
366    -0.00266580     0.00106733    -0.00351697     0.00046285    -0.00034760     0.00146358
367    -0.00152864     0.00712293     0.01809489    -0.00124275     0.00216643    -0.00023678
368     0.01107119     0.00183694    -0.00722022     0.00063229    -0.00101171    -0.00000018
369    -0.00566251    -0.00699464    -0.01372026     0.00069984    -0.00100461     0.00018750
370    -0.02988777    -0.00877470    -0.01012206     0.00075070     0.00233884     0.00146391
371     0.01564560     0.00751462     0.01030865    -0.00042375    -0.00151932    -0.00085172
372     0.00978583     0.00292284     0.00007300    -0.00022646    -0.00109256    -0.00076340
373     0.02466349    -0.01368122    -0.01902047    -0.00229180    -0.00111491     0.00039427
374    -0.00590522     0.01098627     0.00038433     0.00098392     0.00059396    -0.00021653
375    -0.02000126     0.00475707     0.01723773     0.00131773     0.00071229    -0.00011565
376     0.00173954     0.03059283     0.00793453    -0.00042297    -0.00363897     0.00022899
377    -0.01264908    -0.00873478    -0.01414658     0.00006613     0.00190990    -0.00032105
378     0.00294925    -0.01720919     0.00386849     0.00042526     0.00229463    -0.00007290
379    -0.00935982     0.00369105     0.00198645     0.00308755    -0.00039572    -0.00317708
380     0.01208508    -0.00601167     0.00067609    -0.00142583     0.00037398     0.00129375
381    -0.00235080     0.00536467    -0.00650369    -0.00128171     0.00028233     0.00173884
382    -0.02753109    -0.01387166     0.00309017    -0.00033755     0.00199476     0.00009303
383     0.01644292     0.00429900    -0.01173255     0.00023797    -0.00099179    -0.00011938
384     0.00920462     0.00769347     0.00773819     0.00022844    -0.00108419     0.00003602
385    -0.00792013    -0.00901741     0.00685983    -0.00059203     0.00006008     0.00204159
386    -0.00153915     0.00611270    -0.00759283     0.00020660     0.00001587    -0.00093636
387     0.01109629     0.00322561    -0.00182624     0.00028203    -0.00011211    -0.00116895
388    -0.01502620     0.01665071    -0.00838399     0.00289282    -0.00015971     0.00074430
389     0.00358719    -0.01132505    -0.00004911    -0.00155587    -0.00009655    -0.00042918
390     0.00815299    -0.00415777     0.00648752    -0.00118144     0.00006867    -0.00036623
391     0.00609582    -0.00046388    -0.00544988    -0.00082587     0.00366852    -0.00244193
392    -0.00421165     0.00271326     0.00364689     0.00022079    -0.00171270     0.00145528
393    -0.00567547    -0.00417578     0.00034376     0.00023426    -0.00160078     0.00090085
394     0.01052170    -0.00007814     0.01208580     0.00139885     0.00432557    -0.00064366
395     0.00140948    -0.00036942     0.00533652    -0.00069932    -0.00182528     0.00050022
396    -0.00736946     0.00357615    -0.02051123    -0.00092091    -0.00206205     0.00009235
397    -0.01312372    -0.00316129     0.00896037     0.00022368     0.00131716    -0.00468919
398     0.00885368     0.00828764    -0.00649787     0.00016770    -0.00045345     0.00217307
399     0.00714323     0.00440332    -0.00811595    -0.00013304    -0.00087286     0.00328740
400     0.01882389    -0.00724652    -0.00687982    -0.00233715    -0.00046888     0.00074157
401    -0.01544909     0.00160156    -0.00070821     0.00099589     0.00015799    -0.00028981
402    -0.00260939     0.00249853     0.00307257     0.00116362     0.00035657    -0.00031249
403     0.01898189     0.01348312     0.00909100     0.00156031    -0.01012770    -0.00161829
404     0.00593357    -0.01070155     0.00430652    -0.00104141     0.00624822     0.00227087
405    -0.01713404    -0.00490826    -0.00805870    -0.00167051     0.00459620     0.00033817
406     0.00297732    -0.00271556     0.00064857     0.00041586    -0.00378656     0.00126728
407     0.00225419     0.01081507     0.01069826    -0.00040698     0.00201811    -0.00090662
408     0.00226037    -0.00606580    -0.00711424    -0.00035290     0.00177390    -0.00042048
409    -0.00711669     0.00551536    -0.01055389     0.00067036     0.00163171     0.00021031
410    -0.00011509    -0.00408203     0.00160069    -0.00028870    -0.00069131    -0.00007888
411     0.00959398    -0.00448878     0.01302353    -0.00031979    -0.00088996    -0.00004092
412    -0.00049417     0.00601024     0.00205262    -0.00162804     0.00024567    -0.00146603
413     0.01162695    -0.00466561    -0.00644581     0.00081443    -0.00007452     0.00061854
414    -0.00898664    -0.00279448     0.00480424     0.00079562    -0.00003767     0.00081268
415    -0.00931110    -0.02917060    -0.01120892     0.00075162    -0.00256589    -0.00054630
416     0.00928493     0.01316082    -0.00588501    -0.00052254     0.00134150     0.00038969
417    -0.00060656     0.01348068     0.01320394    -0.00029097     0.00105966     0.00027748
418     0.00835444    -0.01812703    -0.00452083    -0.00073925     0.00223428     0.00060575
419    -0.00475583     0.01434898     0.01344941     0.00045887    -0.00139361    -0.00031189
420    -0.00340857     0.00354828    -0.00672557     0.00032982    -0.00110220    -0.00042383
421     0.00495124    -0.01518096    -0.00676073    -0.00004483     0.00205677     0.00171211
422     0.00094020     0.01949412     0.00823623     0.00007795    -0.00123367    -0.00111287
423    -0.00137866    -0.00230481    -0.00456783     0.00011512    -0.00099389    -0.00072564
424     0.00288614     0.00130777    -0.00514118    -0.00041772     0.00178105     0.00104341
425    -0.00169960    -0.00086168     0.00162843     0.00017353    -0.00077809    -0.00041127
426    -0.00571096    -0.00207564     0.00288310     0.00029027    -0.00083825    -0.00055460
427     0.01756488     0.01734452     0.01053454    -0.00270010    -0.00441128    -0.00235752
428    -0.00636495    -0.00597588    -0.01026750     0.00100587     0.00167467     0.00108268
429    -0.00971577    -0.00998873     0.00044468     0.00159693     0.00269827     0.00191736
430    -0.00186282     0.02379759    -0.00461376    -0.00172687     0.00076295     0.00439704
431    -0.00778946    -0.01434383    -0.00206192     0.00052990    -0.00044019    -0.00194826
432     0.00653374    -0.00446584     0.00803761     0.00082992    -0.00003271    -0.00230915
433     0.00202263     0.02022364     0.00711865    -0.00085850     0.00086161    -0.00219266
434    -0.00807199    -0.02043132    -0.00739565     0.00038291    -0.00055260     0.00105622
435     0.00852256     0.00055645     0.00074570     0.00050628    -0.00038872     0.00097772
436    -0.00687390     0.01087381    -0.00534703    -0.00305710    -0.00211299    -0.00030059
437     0.00790993    -0.01623770     0.01335371     0.00156036     0.00134887     0.00004279
438    -0.00366547     0.01029146    -0.00393928     0.00198384     0.00115937     0.00027913
439    -0.02469586     0.00623298     0.01549908     0.00029176     0.00112455     0.00249797
440     0.00632474    -0.01530366    -0.00459454    -0.00009807    -0.00058631    -0.00105441
441     0.01979980     0.00438420    -0.00738215    -0.00031139    -0.00061882    -0.00132061
442     0.00967088     0.01393238     0.00675949     0.00162984    -0.00161025    -0.00154965
443    -0.01307814    -0.00212723    -0.00581225    -0.00077907     0.00086585     0.00095835
444     0.00297371    -0.01373216     0.00000809    -0.00098104     0.00074029     0.00083374
445    -0.00763465     0.00123562     0.01301171     0.00750863    -0.00236064    -0.00777885
446     0.00153360     0.00333216    -0.00692022    -0.00256652     0.00062830     0.00268812
447     0.00324440    -0.00303919     0.00098433    -0.00402709     0.00191359     0.00293789
448    -0.00349633    -0.00438181     0.01771111    -0.00169300     0.00222166    -0.00239643
449    -0.00107948     0.00260332    -0.00402193     0.00081507    -0.00144279     0.00126617
450     0.00506516     0.00504315    -0.00922749     0.00063159    -0.00094411     0.00119221
451    -0.01241491     0.02233529     0.00898217    -0.00149949    -0.00089670     0.00144557
452     0.00039025    -0.00240787    -0.00759657     0.00062313     0.00036555    -0.00069360
453     0.01282131    -0.01165519     0.00170056     0.00081186     0.00036406    -0.00066875
454    -0.00458844     0.00015699     0.00468787     0.00014565     0.00202201     0.00019194
455     0.00650664     0.00151092     0.00158124    -0.00006402    -0.00088045    -0.00013967
456    -0.00114582     0.00060515    -0.00583822     0.00002384    -0.00102551    -0.00007521
457     0.00766131    -0.00834776    -0.01551659     0.00315065     0.00089795     0.00103546
458    -0.00325997     0.00090817     0.01051875    -0.00148450    -0.00046930    -0.00030643
459    -0.00291318     0.01148543     0.00192544    -0.00170067    -0.00069703    -0.00066200
460     0.01338947    -0.00892739    -0.00095995     0.00098003     0.00011091    -0.00225461
461    -0.00715998     0.01346662     0.00306561    -0.00045280    -0.00017476     0.00120478
462     0.00093150    -0.00002582    -0.00204036    -0.00060940    -0.00008166     0.00107848
463     0.00856093    -0.00093274     0.00111959    -0.00202999     0.00009353     0.00149225
464    -0.00275813     0.00107316    -0.00321912     0.00115835    -0.00011786    -0.00070084
465    -0.01015054    -0.00363132     0.00245415     0.00107289    -0.00010118    -0.00094169
466    -0.00326248     0.00166311     0.01125229    -0.00204409     0.00062307    -0.00069707
467     0.00033695    -0.00842368    -0.01227916     0.00104439    -0.00035897     0.00024558
468     0.00107789     0.00528922     0.00423979     0.00106592    -0.00020343     0.00034635
469     0.00183531    -0.01127597     0.00956598    -0.00545128     0.00088286    -0.00207691
470     0.00099180     0.00374524    -0.00699226     0.00256511    -0.00071115     0.00141514
471    -0.00418845     0.00587245     0.00066250     0.00231417    -0.00055519     0.00063717
472    -0.01079824    -0.00363675    -0.02411932    -0.00129219     0.00030840    -0.00065018
473    -0.00156923    -0.00035169    -0.00007786     0.00065790    -0.00010661     0.00036583
474     0.01315065     0.00413932     0.02471275     0.00074872    -0.00018860     0.00033103
475     0.01005121    -0.00322142    -0.00678321    -0.00215064     0.00005241    -0.00057581
476     0.00196172    -0.00357626    -0.00458944     0.00121344     0.00007603     0.00029903
477    -0.01234897     0.00480815     0.00830454     0.00100845    -0.00004545     0.00018060
478     0.00343892     0.00360854     0.00142287     0.00043141    -0.00015499    -0.00181234
479    -0.00578830    -0.00278704     0.00464573    -0.00030220     0.00003209     0.00098233
480    -0.00023357    -0.00429412    -0.00759542    -0.00021236     0.00007196     0.00076851
481    -0.00237061     0.00069965     0.00169066     0.00155741    -0.00343486     0.00245115
482    -0.00277831    -0.00230934     0.00132890    -0.00073644     0.00131060    -0.00113935
483     0.00494591    -0.00231231    -0.00261961    -0.00101246     0.00179792    -0.00100882
484    -0.01850663     0.00361207     0.00448675     0.00219320     0.00323432     0.00025954
485     0.00439646    -0.00301118    -0.00264593    -0.00087061    -0.00141015    -0.00026434
486     0.01142752     0.00144448     0.00327803    -0.00121085    -0.00137935    -0.00009174
487    -0.02174537    -0.00460341     0.01281974    -0.00255184    -0.00729309    -0.00024248
488     0.00380028     0.00095965    -0.00374781     0.00139175     0.00315166     0.00066602
489     0.01281472     0.00113674    -0.00912688     0.00071390     0.00444473     0.00031428
490     0.03294318    -0.00091583     0.01259237    -0.00368835     0.00102191     0.00026487
491    -0.02350973     0.02154710    -0.01218236     0.00151123    -0.00050019    -0.00002367
492    -0.01327866    -0.02176338    -0.00035206     0.00180626    -0.00026285    -0.00011819
493    -0.01054610     0.00049782    -0.02075755     0.00140484    -0.00096373     0.00232730
494     0.01066564     0.00906567     0.01526564    -0.00066732     0.00032317    -0.00104221
495     0.00280144    -0.01149351     0.01022111    -0.00096740     0.00055802    -0.00139950
496    -0.00455077     0.00300202    -0.01196125    -0.00151274     0.00116683     0.00046284
497     0.00432367    -0.00083879     0.00979309     0.00074753    -0.00060200    -0.00032655
498    -0.00369349    -0.00325949     0.00086875     0.00080085    -0.00070680    -0.00019789
499    -0.01055332    -0.01028912     0.00057580     0.01248418     0.01527482    -0.00083541
500     0.00275167     0.00588360     0.00057453    -0.00449204    -0.00489414    -0.00084717
501     0.00176349     0.00624605     0.00272097    -0.00460143    -0.00995849    -0.00146804
502     0.00869740     0.01607972     0.02139335    -0.00356871    -0.00618323    -0.00761539
503    -0.00000533    -0.01409186    -0.01293770     0.00340495     0.00328734     0.00487306
504    -0.01015487    -0.00325886    -0.00760936     0.00087241     0.00412213     0.00460728
505     0.02341726    -0.00747305     0.00745847    -0.00142342    -0.00195077     0.00042082
506    -0.00569200    -0.00233889     0.00285672     0.00090272     0.00120467    -0.00021155
507    -0.01810617     0.00877866    -0.00996417     0.00059414     0.00101874    -0.00024958
508    -0.00740542     0.00612368    -0.02332816     0.00037327    -0.00141528     0.00150557
509     0.00298320     0.00278090     0.00952617    -0.00017204     0.00084617    -0.00075442
510     0.00157857    -0.00955152     0.01029016    -0.00014261     0.00060594    -0.00062600
511     0.00498624    -0.00000231    -0.00763636    -0.00008122    -0.00300662    -0.00074422
512    -0.00593764    -0.00142363     0.01256794     0.00010528     0.00165085     0.00022255
513     0.00228875     0.00055672    -0.00004623    -0.00013032     0.00144207     0.00033729
514     0.01846025    -0.01147651     0.00518816     0.00408522    -0.00017264     0.00856232
515     0.00537326     0.00215713     0.00092807    -0.00312730    -0.00038886    -0.00423698
516    -0.01713883     0.00557282     0.00150794    -0.00159150    -0.00020960    -0.00576479
517    -0.00272534     0.00484150     0.00669322    -0.00123984    -0.00082928    -0.00582515
518     0.00237191    -0.00407484     0.00022294     0.00064462     0.00004525     0.00243938
519    -0.00308999    -0.00111609    -0.00340295     0.00061758     0.00026887     0.00405554
520     0.02142451     0.01772209    -0.00384869    -0.00293823     0.00366120     0.00088362
521    -0.01688289    -0.00997566     0.00878697     0.00119524    -0.00202733    -0.00033060
522     0.00023638    -0.00767211    -0.00119906     0.00210576    -0.00238101    -0.00059357
523    -0.01629372    -0.02056352    -0.01502057     0.00202099     0.00390252     0.00580294
524     0.00438937     0.00591801     0.00277291    -0.00157046    -0.00260996    -0.00282430
525     0.00887175     0.01794098     0.01282617    -0.00091327    -0.00217485    -0.00418134
526    -0.00737675     0.00368692     0.00742913     0.00073950    -0.00449878     0.00530919
527    -0.00612672    -0.00163662     0.00224855    -0.00064260     0.00209191    -0.00201656
528     0.01416460     0.00223857    -0.00741030     0.00010281     0.00189565    -0.00218268
529    -0.01307209     0.00977499    -0.01072717     0.00050779     0.00211909    -0.00073598
530     0.00135693    -0.01076190     0.00843785    -0.00021011    -0.00087867     0.00034890
531     0.00676446    -0.00189272    -0.00180922    -0.00038256    -0.00113272     0.00044860
532    -0.00393773    -0.00997252     0.01508064     0.00919722    -0.00019894    -0.00102361
533     0.00649594     0.00208531    -0.00991163    -0.00654202     0.00033799    -0.00006690
534     0.00075265     0.00600449    -0.00735791    -0.00363205     0.00056734     0.00012578
535     0.00558665    -0.01699260    -0.02569969     0.00061510    -0.00141354     0.00510796
536     0.00055736     0.01359302     0.01678864    -0.00033867     0.00125806    -0.00278373
537     0.00002839     0.00405715     0.00326763    -0.00069396     0.00054559    -0.00304305
538    -0.00676319    -0.01842410    -0.01962186    -0.00324277    -0.00146974    -0.00205207
539     0.00026625     0.00878228     0.00159446     0.00165407     0.00086212     0.00139441
540     0.01172831     0.01001766     0.01001109     0.00208196     0.00077171     0.00101444
541     0.02188596     0.00706523     0.02126817     0.00590580    -0.01326456     0.00999722
542    -0.02571978    -0.00627449    -0.00599058    -0.00090319     0.00843838    -0.00533281
543     0.00302590     0.00371195    -0.01873660    -0.00136204     0.00411526    -0.00405364
544    -0.01787072     0.00562637     0.01159418     0.00588254    -0.01635697    -0.01419088
545     0.00040812    -0.00320018     0.00215436    -0.00418222     0.01019047     0.00816355
546     0.01813530     0.00243704    -0.01929724    -0.00372671     0.00459672     0.00628097
547    -0.00605196    -0.02007620     0.00662859    -0.00183658     0.00704216     0.00377615
548     0.00782122     0.00673781    -0.01238360     0.00118876    -0.00286131    -0.00223041
549    -0.00655377     0.00888457     0.00829844     0.00125468    -0.00529366    -0.00262659
550    -0.00213006    -0.01099247     0.00299969    -0.00156677     0.00072878     0.00094501
551    -0.00058582    -0.00019548    -0.00271744     0.00070263    -0.00030538    -0.00050376
552     0.00429306     0.00753249    -0.00202110     0.00076538    -0.00046091    -0.00049094
553     0.01713499    -0.00152451    -0.00749189     0.00055058     0.00201101    -0.00015047
554     0.00204525     0.00029884    -0.00441360    -0.00026570    -0.00107370     0.00017989
555    -0.01893388     0.00530815     0.01256109    -0.00019994    -0.00103885     0.00001629
556     0.00420770    -0.01313529    -0.02006991    -0.00209275     0.00088747    -0.00142460
557     0.00268468     0.01577992     0.02018338     0.00095649    -0.00030371     0.00073010
558    -0.00491827    -0.00477538     0.00060629     0.00104177    -0.00039983     0.00055712
559     0.00496160     0.00372495    -0.01524845    -0.00085685     0.00150324     0.00123774
560    -0.00404520     0.00381971     0.01341852     0.00056768    -0.00090331    -0.00071946
561     0.00091256    -0.00632366     0.00296211     0.00042240    -0.00063624    -0.00063182
562    -0.00964294    -0.00556770    -0.00508911     0.00069425     0.00079793    -0.00258877
563     0.00094240     0.00243911     0.00692229    -0.00021611    -0.00030031     0.00117279
564    -0.00007133    -0.00261487    -0.00572579    -0.00034202    -0.00051202     0.00162885
565    -0.01307102    -0.00696443     0.00205233    -0.00115612    -0.00091083     0.00427760
566     0.01123261     0.00365290    -0.00512690     0.00027177     0.00052336    -0.00226684
567    -0.00630304    -0.00295086     0.00002831     0.00049548     0.00048728    -0.00167592
568    -0.01388741    -0.02670150     0.01571325     0.00160774     0.00027008    -0.00191694
569     0.00249669     0.00227643    -0.01819585    -0.00103171    -0.00010017     0.00110833
570     0.00782854     0.02234974     0.00278991    -0.00080392    -0.00025119     0.00089835
