 Number of water molecules:
         190

 Atomic and electronic energies:
    -3.24140954    -0.11609534

 Atomic coordinates:
  1   -10.04697013    14.68416970    -9.21924459
  2   -10.66316295    15.32778960    -7.55870593
  3   -10.18844064    12.76072335    -9.26858405
  4     7.44519182     6.02641600    12.45121296
  5     8.77216638     7.35734826    11.87892150
  6     6.72890556     5.27050820    10.85699962
  7    -6.74856966     7.99475758     6.68660649
  8    -5.35233120     6.64617788     7.02206049
  9    -6.61411128     8.35909137     4.81891940
 10    15.03544234    -7.31283437    -8.88057670
 11    16.83407058    -7.69551972    -9.34512919
 12    15.04452097    -7.08827475    -6.95480122
 13     1.16988023     7.25414899    10.76269556
 14     1.66798838     6.51682153    12.47444034
 15     2.47723288     6.58308973     9.48043074
 16    -9.88502722     9.41230587    -8.79550920
 17   -10.86864477     7.80334562    -9.29119863
 18    -8.00732237     8.96022153    -9.11269525
 19     2.38930886     2.16553332   -19.45135784
 20     2.06922972     0.28130673   -19.33275559
 21     0.70865108     3.03055570   -19.59440376
 22   -17.46310520     8.81139876     1.64701785
 23   -15.94657174     9.58388650     2.53957696
 24   -18.38927830    10.19467980     0.75055069
 25     9.20585009     6.63313521   -13.42223527
 26     8.07145107     5.73227032   -14.73584980
 27     8.47415137     6.03415213   -11.74070696
 28    -5.33072488   -11.32296502    -9.87331637
 29    -5.17942881    -9.47235763   -10.39624467
 30    -6.88474957   -11.32734162    -8.67506159
 31   -12.78366109     2.67525647     6.55393360
 32   -13.10221952     4.45934252     7.24854165
 33   -12.26222528     2.96877554     4.71467008
 34    -1.87453556     8.72195505   -13.88320169
 35    -0.12832274     8.26810008   -13.24099971
 36    -1.98286779    10.61496063   -13.60376857
 37     7.09670573     5.46033768    -8.74914761
 38     8.83426817     5.73893886    -8.01906527
 39     6.43753462     3.92194035    -7.79736945
 40     3.29619024    -5.14715448   -13.53453463
 41     1.69732276    -4.33104945   -12.85432326
 42     3.04647767    -7.03675204   -13.29338710
 43    -3.68159540     4.19421932     0.76842629
 44    -3.34180106     4.50583930    -1.02101270
 45    -4.81983088     2.68568859     1.07909324
 46     8.43097041     0.93277376    13.17798759
 47     7.55733345     0.40206669    11.54085615
 48     8.35102852     2.83227966    13.22183982
 49     2.90436219     7.24820580    -2.42597260
 50     3.74495109     5.55447521    -2.16943214
 51     4.25872543     8.57157198    -2.53761363
 52     5.50869650    -7.48881475    14.66420279
 53     7.31271518    -7.31396581    14.17602582
 54     4.72085166    -6.28591097    13.38584011
 55   -14.51215367    -9.59238451    -6.27965116
 56   -15.51113653   -10.99966288    -5.42068185
 57   -12.70611539   -10.19276326    -6.39379446
 58    -9.18427920     4.43295314    14.55883011
 59    -8.31427965     3.96363919    16.27150428
 60    -9.18921258     2.78013734    13.52135294
 61    10.60446494    -4.09984925     8.17946388
 62     8.96382144    -3.08486375     8.24107912
 63    11.99096291    -2.84881365     7.78677678
 64   -13.66813813    -5.46247675     9.79457889
 65   -14.48632413    -5.87360873     8.09323569
 66   -13.46240589    -3.55530261     9.81474073
 67    10.24963448   -13.29580571     3.47201591
 68     9.74318141   -14.80883668     2.45766251
 69    10.43901965   -11.83446855     2.25983459
 70     1.46510372     0.52780167    -8.31953937
 71     2.97648443     0.66882714    -7.07904109
 72    -0.11041425     1.11279735    -7.27774479
 73     1.00002961     2.21306039     1.80700855
 74     1.25078701     0.62767763     0.68317448
 75    -0.71038780     2.90804693     1.27063475
 76    -0.67199789   -12.91684678   -11.76911858
 77    -2.45165122   -12.44095303   -11.19335655
 78    -0.24530897   -14.57076538   -10.89395354
 79    -2.48970942    -2.03426629    -3.69169546
 80    -0.69443937    -1.66883571    -3.16371410
 81    -3.01431679    -0.42815513    -4.63405867
 82     1.62743919     0.52765699     6.58084683
 83     1.52433296     1.27407337     4.80414653
 84     0.17066128    -0.72413751     6.77716300
 85    -4.95240154    -3.43611021     0.60522762
 86    -5.96314950    -1.85197054     1.10493996
 87    -3.94946841    -2.91755010    -1.00293797
 88    -1.11640748    11.13823858     1.25182034
 89    -0.69422361     9.40883961     1.98192873
 90     0.62953632    12.05391630     1.07510749
 91   -15.33211616     9.20972128    -4.33542089
 92   -15.84581414     7.55908252    -3.57239136
 93   -15.96831753     9.10904118    -6.09658897
 94     2.30376547   -11.97424556    -6.80400858
 95     0.58162683   -11.18304453    -6.65850766
 96     2.00947997   -13.73566280    -6.11874180
 97    -2.17812285    14.77803259    -2.90002153
 98    -1.96325596    13.01684975    -2.15098484
 99    -4.02921909    14.97721683    -3.01962145
100    -7.25818677    -0.88737964     6.23128656
101    -7.55773227    -0.98087701     8.10600053
102    -5.34795618    -1.30276479     6.10481742
103    -2.75842867     7.68064198    16.53657774
104    -1.34642830     8.99553248    16.58099961
105    -4.35110796     8.49350229    15.90317183
106    -6.37298973     3.66097419    18.73823493
107    -5.02585139     5.03027708    18.55339460
108    -5.52830770     2.01948981    19.30768084
109   -14.19195548    -2.15395365     0.79004726
110   -14.47812428    -3.03309518     2.49968579
111   -14.00008742    -3.63719557    -0.45305531
112     3.79871343   -16.94016267     9.34093286
113     2.00344445   -16.62794412     8.61919258
114     4.93818596   -16.98018950     7.79998367
115    -7.54416012     3.46571250    -8.15423689
116    -9.38939912     3.72776021    -8.77500569
117    -6.48385040     4.85663166    -8.99481421
118     9.07518098   -11.36078842    11.44198801
119     8.03558702   -12.02931250    12.89072902
120     9.82908624    -9.73872438    11.97645118
121   -13.12050634    -6.26619178   -10.36826690
122   -14.14291112    -7.68402283    -9.53525923
123   -11.55105240    -6.08512611    -9.21575140
124   -18.45883541     0.10823927    -0.33131166
125   -16.73301678    -0.72631098    -0.07200998
126   -19.26665471     0.10638240     1.45813439
127    10.40828507    13.34634632     5.06924548
128     9.14202291    13.37589140     6.54885130
129    10.31649243    15.10339002     4.13668409
130    -9.42982986   -10.67230045    -6.44862876
131    -8.89388006    -8.83906699    -6.64980597
132    -9.36069323   -10.98868870    -4.50222637
133    11.93634420     5.27367569    -7.53729125
134    12.44182349     3.47507897    -6.92827637
135    12.85694673     5.44970258    -9.23137949
136    -6.02775346    -8.28968833     5.29740732
137    -7.56337569    -7.25073397     4.83485008
138    -4.51485453    -7.24799781     4.75905589
139    -5.22047374    -6.02323501   -11.19794182
140    -5.48340538    -6.11750295   -13.12584029
141    -3.59373646    -5.05778138   -11.01798131
142    -7.51864232     9.18823959    14.64534884
143    -8.08188623     7.36127134    14.34080394
144    -8.86797743     9.94409235    15.78544647
145    -5.96992415   -11.97258880    15.06962847
146    -7.08512907   -13.45449781    15.44837148
147    -6.06250463   -11.57800777    13.15849960
148    -6.09140751    16.45931370   -12.09835057
149    -7.04253158    17.46199185   -13.38678183
150    -7.41014065    15.73739848   -10.88357108
151    -8.85544982     4.57544514   -15.14414623
152    -9.86248877     2.97819214   -14.83430490
153    -9.18692916     5.62051664   -13.59790761
154     1.70284276    10.56065121    16.50066285
155     2.20452144    11.77012442    17.88243748
156     1.96375441    11.49193713    14.84133922
157     8.18766918    -8.42042707     1.52404091
158     9.64818687    -8.14923122     2.72907298
159     6.76581956    -7.24799084     2.22085915
160    13.48363650     0.07581369     7.39497346
161    11.81220209     0.49907406     6.53547494
162    14.79791063     1.14721431     6.54334209
163    -6.01861879    -6.01980647   -16.13290238
164    -4.98664678    -4.53112728   -16.69631848
165    -5.54630003    -7.45480019   -17.28267803
166    11.76787736    -2.15440076    15.18374882
167    11.75355043    -1.85443469    17.03500999
168    10.43763249    -0.88789686    14.46137678
169   -15.84927638    -1.80491617   -10.48265546
170   -15.05966177    -3.53747506   -10.81409758
171   -16.21990567    -1.70049611    -8.62410410
172    -1.78447131    13.66880191   -12.36237338
173    -1.00953213    14.03935178   -10.62529956
174    -3.40479472    14.71724435   -12.42633033
175   -17.94881142     0.27249671     4.99894758
176   -18.39297450     2.07904655     5.59115060
177   -16.09287985     0.02181958     5.35433080
178   -18.36807349     5.29687053     5.68848056
179   -17.16609056     5.98770683     6.99826076
180   -18.24368890     6.58971257     4.24206682
181     3.71251945   -10.72224151   -13.95195129
182     3.55691881   -11.53251450   -15.61895235
183     2.36365759   -11.55031396   -12.82391875
184    -2.68034279     5.09086681     8.39735797
185    -1.36236850     6.08864262     9.43028227
186    -2.91192973     3.54536608     9.48570414
187     2.29293025     7.07626911   -10.87397960
188     3.80951899     6.94373122    -9.69168834
189     2.31551199     5.37523854   -11.74839890
190   -16.19007479     4.93085336    -1.36372925
191   -16.71375659     6.31377929    -0.00696347
192   -17.45608338     3.53019570    -1.09752838
193    -2.99102357     2.37458719    -6.04323694
194    -2.46839650     3.91167278    -4.98388305
195    -4.77399477     2.61378446    -6.73622368
196    10.57022225    11.18510311   -11.48195729
197     9.85550749     9.48234118   -12.22561594
198    10.86987246    12.33677415   -13.00335087
199    15.30921757     5.98581659    12.52243516
200    15.36664286     4.04734367    12.43434642
201    14.36100764     6.48757832    14.03221812
202    -0.75049357   -10.78814511     9.85982934
203    -2.57624912   -10.42179171    10.18518235
204     0.10426768   -10.69512703    11.57181321
205     7.76145001     5.73178264     3.92917121
206     6.81798949     7.44226775     3.75577549
207     9.62446227     6.22710445     4.03214357
208     9.62737150    -7.21801019    -3.20093170
209     8.55760172    -8.41718408    -4.31663842
210     9.32155510    -7.89993606    -1.42450070
211    14.80291855     9.25917047     8.54666079
212    15.28322835     7.79187252     9.77675150
213    15.99227463    10.74071174     8.87914520
214     7.65592731    -2.34616718     1.10430674
215     6.33994409    -1.89176915    -0.21331449
216     6.62224946    -3.60413445     2.15934906
217    16.80558418     1.48206440    -2.83267388
218    15.92166909     1.27498101    -4.57075488
219    15.43837369     0.65292908    -1.67930415
220    10.22315068     9.62856246    10.63017842
221    11.89193397     9.70997143     9.68856979
222     8.98457006    10.65633111     9.62971346
223    -1.63946419    -6.51167757     2.88234666
224    -2.64806187    -5.17805430     1.84084196
225    -1.27504690    -8.00771961     1.71326017
226    10.02639874   -14.12905282    -5.58067314
227     8.83797978   -12.63507577    -5.59789070
228    11.32644654   -13.60980976    -6.96542649
229   -10.83884999    11.46663648    -4.23182256
230   -12.66302426    10.86082727    -4.04452851
231   -10.19221413    10.61051643    -5.81469178
232    14.65540895    -6.76748249    -3.89874758
233    12.77580904    -7.10786572    -3.81693847
234    15.08486745    -6.22540666    -2.10054933
235    -9.68055807    11.68631276     0.91979079
236   -10.17904025    11.58925234    -0.92665100
237    -8.08886217    10.61068661     1.23358609
238    12.43619652    -7.73778302     5.01769224
239    11.90515389    -6.61295410     6.40470531
240    13.09711319    -9.38005935     5.86050112
241     9.49263546    12.35463518    -6.53222002
242    11.11698931    11.76487100    -5.70921680
243     9.71560383    11.99656555    -8.44267132
244    14.08469832     9.32971316    -5.06638452
245    15.55865128     9.62751158    -6.23951075
246    13.10859430     7.81254221    -5.81779267
247     5.59067454     1.54861955    -5.70952578
248     6.57986061    -0.11394057    -5.95330732
249     5.70603689     2.09203863    -3.80122566
250     7.66765284   -17.04469833     0.69755791
251     7.22475066   -16.98883712    -1.15726082
252     8.54212534   -18.69911775     1.00837053
253    -6.32112543    -3.58479815    15.61325824
254    -5.32668326    -5.18573997    15.60610099
255    -5.50820110    -2.43710830    16.90992163
256    14.75950962     0.98661916    12.23328203
257    13.70523187    -0.27356207    13.18654808
258    14.32942246     0.48331263    10.39595742
259    12.78265691     6.96322923     4.43268012
260    13.34565808     8.07485432     5.95376009
261    13.45484456     7.87763187     2.91670326
262    -7.39351436     1.01902826     1.64481784
263    -7.36045726     0.52684394     3.57398713
264    -9.22146147     1.56568967     1.46360981
265     1.69508275   -10.72287418    14.24862009
266     3.18716588    -9.66300781    14.91268970
267     2.59749227   -12.45667299    14.06186899
268    -2.75823783    -2.72614939   -18.96296863
269    -2.88628948    -2.16453526   -20.74830918
270    -0.84398611    -3.04739631   -18.63867376
271    14.74867154    -4.98534639     1.16826548
272    16.12094439    -3.85652176     1.99054972
273    14.07202428    -6.05133164     2.61657701
274   -14.21528504    -5.44663377    -3.30553223
275   -12.26786889    -5.39865649    -3.09752583
276   -14.55119145    -6.97400931    -4.38173326
277    -8.98901567    -4.27683419    -2.75247503
278    -7.84088703    -4.37709248    -1.24176252
279    -8.97311205    -2.40504048    -3.24528778
280     2.23055570    -3.41830115   -18.32025475
281     3.97644710    -3.77292945   -19.12875352
282     2.61640514    -3.79488706   -16.44376125
283    -2.60591007    -2.80588120     6.62415603
284    -1.98388217    -4.17624148     5.41300761
285    -2.27311214    -3.60083192     8.35570455
286     9.03879780     0.81920052     4.70633335
287     8.52091384     2.57748893     4.08088751
288     8.79039787    -0.39570595     3.23538494
289     3.61029721    13.19251828     0.82608205
290     4.61586299    12.52546442    -0.66876642
291     3.82981706    15.09573710     0.72944804
292     4.56030047     9.86052157     4.45952872
293     2.96507433     8.86934806     4.54137185
294     4.23637472    11.25585213     3.15721496
295    18.89462930     4.82854452     0.14257605
296    18.13882843     3.57059821    -1.14746167
297    20.79318832     4.92250224    -0.13029770
298    -6.12614577   -11.97626965     1.64423288
299    -4.30238841   -11.81953665     1.02774953
300    -6.09837725   -10.88938920     3.18446139
301    14.11613343     5.27257884   -12.24440744
302    15.33727429     5.88378890   -13.55155605
303    12.39199593     5.76186290   -12.92658182
304   -10.52778924    -3.86580356   -14.40485766
305    -8.98969852    -4.76135607   -15.19747459
306   -11.29702701    -4.97582033   -13.08347378
307    14.92062368     8.75880880     0.13414594
308    16.50765770     7.64840931     0.31196472
309    14.46741341     8.91895613    -1.74151992
310    -0.12084988   -17.47526006    -9.19517475
311     0.43824012   -17.36501255    -7.38517079
312    -1.60365220   -18.61303827    -9.31692107
313    -9.73000336    -4.90738125     3.87845152
314   -11.60192824    -5.00256328     4.12189797
315    -9.12959206    -3.18771319     4.60132422
316    -0.35729518   -15.32340329     6.93102115
317    -0.75836650   -13.72576148     7.87084849
318     1.05067367   -14.88191474     5.70787620
319     6.92783319   -10.09256739    -6.40840843
320     5.04368639   -10.56454642    -6.50285550
321     7.33815590    -9.53329565    -8.23285506
322   -13.36423835   -14.23509265     4.17933083
323   -12.88281031   -13.57572537     5.95877134
324   -11.84183548   -15.23839012     3.64698340
325     8.18524793    -4.45268231   -13.47254150
326     6.24549385    -4.72107323   -13.53157877
327     8.60925544    -3.31828937   -14.99955453
328    -2.60451966    -8.04020866    15.24513160
329    -0.82829692    -8.84969747    15.18268805
330    -3.71738190    -9.56774831    15.61633430
331   -11.41036842   -12.11623791     8.39861046
332    -9.53577332   -12.19089302     7.92626809
333   -11.56406740   -10.81686087     9.76672181
334    13.23683548   -12.09543840     7.76264270
335    12.37136067   -12.05475473     9.49300910
336    12.30092332   -13.27605914     6.55718718
337    -0.90175513     2.79257213    16.08598401
338    -1.77544435     4.50093414    16.37427926
339     0.93826761     3.32521148    15.98897236
340    13.19498030     0.43325900    -6.40429560
341    12.80289399    -1.06728062    -7.58549799
342    12.51799147    -0.22634924    -4.67889470
343    -2.03001500     6.85247502    -3.60375957
344    -2.01017308     7.86595242    -5.28577705
345    -0.22573040     7.06238781    -2.97416740
346   -10.79545248    10.64816188     8.39306441
347    -9.65971383    11.78506135     9.42421288
348    -9.66028356     9.31646047     7.51927846
349     8.18666478    -9.22132201   -11.39202886
350     6.67697773    -9.89827029   -12.34450265
351     8.34851279    -7.38850418   -12.00928029
352     0.72101884    14.47775580    -7.37472329
353     2.56097804    15.01539013    -7.36257719
354    -0.07052228    14.83777912    -5.68692441
355    -3.63120687   -17.80897962     3.69349623
356    -2.36949886   -17.39549440     2.30102330
357    -2.89377694   -17.07940762     5.30633668
358    -7.75427118    -0.20993777    11.77358464
359    -7.72952098    -1.69000467    12.98508041
360    -5.93267901     0.56679358    11.91367398
361    -5.96272418   -10.02455379    10.33490323
362    -5.74590471    -9.17476653     8.59737369
363    -7.56645609    -9.15127388    11.02522678
364    -2.18488066     0.72329714   -15.23654094
365    -2.43800484    -0.40571435   -16.78332326
366    -3.10712302     2.38536118   -15.56660275
367    -7.16465213    14.79912000    -2.45634714
368    -7.78039213    14.79029294    -0.70029212
369    -8.38194405    13.66509829    -3.44037490
370     6.30073519    12.46081789     8.44993955
371     5.55445139    11.35926037     7.06491929
372     4.87670444    12.66043820     9.79152523
373   -13.89179000    -9.71517349     2.10977712
374   -14.17539574   -11.44081849     2.90056150
375   -12.64228027    -9.94234472     0.72325277
376    -0.32478329   -15.73789441     0.51812297
377     1.23102177   -15.54273564     1.60091035
378    -1.02902730   -13.95077925     0.27941200
379    11.76404496    -3.45702401    -9.78339156
380    12.94126202    -4.99545109    -9.73196407
381    10.57108483    -3.80499636   -11.27571840
382    -1.31271123    18.00382084     0.92921448
383    -2.15282943    17.14725006     2.41817041
384    -1.73013951    16.89940579    -0.49717680
385    -3.46197067    -0.56672505    18.99679111
386    -2.23444522    -1.58739876    20.06897164
387    -2.41821564     0.58607605    17.81740570
388    17.74769065    -1.93620788     3.70332170
389    17.30096490    -0.08776433     3.66708708
390    18.54045310    -2.19197124     5.38108572
391    -1.25779614     9.74470046    -7.63521096
392     0.09341503     8.84921141    -8.63358217
393    -0.45249598    11.47735030    -7.50551685
394     6.49751549    10.83506674    -2.65810249
395     7.33325033    11.24843210    -4.32913445
396     7.92962625    10.73990504    -1.34227670
397     2.51468988     2.22812353   -12.91396019
398     0.98273875     1.61724893   -13.89556658
399     2.29236796     1.48739716   -11.19753080
400   -15.12928041    -5.61004821     4.63673658
401   -17.00485228    -5.50112294     4.69255458
402   -14.71102519    -7.30433535     3.79577349
403     3.20675323    -9.46413786    -1.06975630
404     3.20617822    -8.46948902    -2.72084337
405     5.03420381    -9.46629281    -0.42148300
406     3.83946751   -14.48253154     3.48817217
407     4.73472310   -13.33857284     4.76523390
408     5.21112327   -15.27620212     2.45944268
409    10.33830671    17.36555175     2.03303944
410    11.83145275    18.52224890     1.66396624
411     9.24152207    17.34806140     0.40845332
412   -12.30867747     0.92154814   -13.44652517
413   -13.82362419     0.21871938   -12.50295553
414   -11.43460302    -0.63955623   -14.18745606
415     6.86495714   -17.80588835    -4.34573166
416     8.20402900   -16.38711278    -4.58757869
417     7.40351895   -19.01638392    -5.71541008
418    -3.33874365    14.88588997     4.59717116
419    -2.61344191    13.30924348     3.80638324
420    -2.81214835    14.88820685     6.44370127
421     2.02824252    12.29795210    11.55590161
422     1.45332704    10.45032492    11.30122894
423     0.52586591    13.37030149    10.97038906
424    -1.94723209    14.85147535     9.44639626
425    -2.32355176    16.63173077     9.94406862
426    -3.53142123    13.79924842     9.88779163
427    -2.64802883   -10.74013837    -5.26601366
428    -3.63140836   -11.34421863    -6.78421137
429    -2.12204484    -8.84776891    -5.75191042
430    -2.62016255     0.77190191    11.73849723
431    -1.74714188     1.44567652    13.34206815
432    -2.32136325    -1.10709704    11.63880275
433    -4.14629618     4.97971369   -16.74224292
434    -3.34273991     6.42771053   -15.71226051
435    -6.03626823     4.89673321   -16.23726820
436    -9.57108717    -9.65037540    -1.16502943
437    -8.26564239   -10.30084463     0.01668703
438    -9.24958739    -7.77397631    -1.32257294
439     3.24470758     5.61038486    15.38306750
440     2.98707722     7.37613852    16.13424877
441     4.94167668     5.71999199    14.54204243
442    12.37998084   -11.80031862    -9.89881899
443    10.77672159   -10.99609773   -10.62149874
444    13.60647575   -10.39533587    -9.63355983
445     8.23744421    -2.77694516    -5.95959176
446     9.31538089    -3.01561157    -7.55754533
447     8.86743567    -4.00362090    -4.61728589
448    -5.24814269     7.79364362   -10.04443428
449    -3.81774599     8.47536476    -8.99199790
450    -4.57599529     8.13112098   -11.84220686
451   -10.43969005    -8.26702332    12.14827600
452   -10.19581476    -7.52587000    13.86245646
453   -11.79823901    -7.17551233    11.28436134
454     3.52506161    18.80909444     0.97057737
455     3.69509657    19.93227426     2.59685620
456     1.60245201    18.63851891     0.78889542
457    16.18052137     3.32589606     4.16424111
458    17.30021440     4.19906742     2.90942290
459    14.69833349     4.50572308     4.45147239
460     9.19725129    -0.57101790   -16.87073626
461     8.21259167     1.11111671   -16.93405875
462    10.70125613    -0.30933065   -15.69303002
463   -12.75510686    -0.52479991    10.31140599
464   -12.80233821     0.60912259     8.79460902
465   -11.03178455    -0.27079375    11.07735098
466   -14.64604394     3.05254846    -6.08547648
467   -14.90681705     3.95672617    -4.42542113
468   -15.28331257     1.23697061    -5.78776327
469    -8.42605820     0.59214869    -3.94944082
470    -8.38441725     1.63461299    -5.55676262
471    -8.77431282     1.67716367    -2.44481003
472   -18.12119219     3.39817330   -10.32802185
473   -17.83988988     1.76610375   -11.20177976
474   -17.09590536     3.33158657    -8.68332867
475   -16.71543067    -1.47621619    -5.28929663
476   -15.78468699    -3.10333341    -4.65667212
477   -17.84942924    -0.90449222    -3.81374877
478     6.98512954    -3.66748735   -20.49275692
479     8.04319282    -2.55114803   -19.28152968
480     7.85682301    -3.64340637   -22.14707337
481     6.84042795   -12.12719233     6.81725319
482     7.73640146   -12.02435909     8.52473493
483     8.23451545   -12.42091510     5.60105803
484    10.08584983    10.60554676     0.81975913
485    10.10504399    11.69101394     2.40347234
486    11.90555486    10.43424610     0.33334211
487    -1.38718785   -10.76577182    -0.21025787
488    -2.04307648   -10.73615645    -2.05381135
489     0.53149306   -10.65319751    -0.48267907
490   -12.02995583     2.58454065     1.09270151
491   -13.38763910     3.81068968     0.54216415
492   -12.74809539     0.80599469     0.91563749
493    10.12388120    -6.41444058    12.71172852
494    11.10543441    -5.06103097    13.76010597
495    10.20947866    -5.64880352    10.90997407
496   -13.65261484    11.18487403     4.10138286
497   -12.80811029    11.56339520     5.78962686
498   -12.25004417    11.58339817     2.86148422
499     5.82074488     3.40078951    -0.65183631
500     6.97598086     4.34549129     0.51924671
501     4.37464185     2.67972343     0.41272748
502    -1.05705769    -6.19748554    -6.39440956
503    -1.76031400    -4.57554902    -5.64074801
504     0.84912512    -5.97263792    -6.36535861
505    -8.88737242   -16.18395417     2.91744577
506    -7.82480075   -14.72493694     2.13353162
507    -7.59664635   -17.57178322     3.18844951
508     4.81586408   -14.98521206    13.92185300
509     4.43581453   -15.72032620    12.16953210
510     4.92019542   -16.57831621    14.99840304
511     1.61269915   -16.73128025    -4.30484322
512     0.89101609   -16.23111976    -2.59938944
513     3.45004487   -17.19189911    -4.10862481
514     6.34215063    -0.89562142     8.54050838
515     7.47520185    -0.31101014     7.09957547
516     4.53800701    -0.51252534     7.99249463
517    -0.86474207    -2.79482348   -11.63747508
518    -1.66070087    -1.41116243   -12.71553022
519    -0.04707973    -1.90152614   -10.07634743
520    -5.69203622     8.89158853     1.81729565
521    -4.18659826     9.98750737     1.33264528
522    -5.14708903     7.09488246     1.41258962
523     4.94258958     4.60156064     8.17112937
524     5.82970290     5.17151393     6.61882855
525     3.63784022     3.27741724     7.74860063
526     3.12697977    -8.72314912     7.24034071
527     4.49853325   -10.07276960     7.31523832
528     1.48841648    -9.56430694     7.92801678
529     5.88990276    15.91516149    -6.91238882
530     6.17188121    17.18406556    -8.26898643
531     7.19576819    14.53947560    -6.93070538
532    12.36325400    -1.37804770    -1.56715517
533    10.62430861    -1.38505577    -0.72966185
534    13.19176873    -2.88935541    -0.73763194
535     3.36456607    -4.87439968    10.56656628
536     3.43729844    -6.17354424     9.11516731
537     4.58213623    -3.44864428    10.16304380
538    -8.90760138    -5.78323339    -7.88272963
539    -7.49003404    -5.53094112    -9.08143496
540    -8.66747018    -4.72187397    -6.33336867
541     4.13036511    -5.64187218     3.25468971
542     2.47941060    -5.38484610     2.28491159
543     3.63250632    -6.60055183     4.82665520
544     3.65848627    -5.23217868    -4.73241817
545     2.98239319    -4.45762015    -3.15257833
546     5.22897139    -4.28926814    -5.28493951
547     0.35552985     6.90275571     4.41428435
548    -1.08699695     6.28626432     5.54557761
549     0.66339877     5.40407635     3.26538424
550   -14.03880970     6.90169673     8.97084556
551   -13.43329682     5.98183990    10.48562424
552   -13.19624450     8.60329342     8.92753366
553     7.38163482    17.64201493    -2.00032451
554     6.74321789    17.04013157    -3.70156211
555     5.80539805    17.97301871    -0.94902460
556   -12.11857970     5.01993987   -10.20507102
557   -12.36610543     3.75454066   -11.66266744
558   -13.09774617     4.39179044    -8.68799316
559    -5.69180312    11.58573105    10.46990400
560    -5.65497446    10.26949665     9.10797672
561    -6.38315804    10.72688740    12.10327001
562     6.13365621     3.51792987   -16.29621491
563     4.93442209     3.32227058   -17.79673539
564     5.12830305     2.76450493   -14.80546263
565    -1.84859830    -4.34910419    11.57384747
566     0.01167118    -4.61646174    11.48729720
567    -2.53294273    -5.70838727    12.73566281
568    12.68625560     0.31751188   -13.69132279
569    12.61509808    -0.87058057   -12.24762054
570    13.23612496     2.02066069   -12.97901215

 Atomic and electronic forces:
  1     0.00712926    -0.00367838    -0.01239795    -0.00095885     0.00128924    -0.00065830
  2    -0.00337945    -0.00299886     0.00697885     0.00048681    -0.00064761     0.00025360
  3    -0.00155821     0.00528806     0.00443561     0.00058409    -0.00068313     0.00039883
  4     0.01021389    -0.00129414     0.01312814     0.00101777     0.00140450     0.00250531
  5    -0.01031358    -0.00385613     0.00232333    -0.00056175    -0.00073367    -0.00106533
  6    -0.00512637     0.00208822    -0.01285116    -0.00064207    -0.00091946    -0.00160542
  7     0.02015385    -0.02374533     0.01510122    -0.00210115     0.00229878     0.00187370
  8    -0.01853008     0.01653424     0.00257016     0.00119402    -0.00133935    -0.00132707
  9    -0.00003296     0.00599600    -0.01247385     0.00120324    -0.00138879    -0.00082800
 10     0.00065394    -0.00100813    -0.00276671     0.00244159    -0.00109424    -0.00148742
 11     0.00265469     0.00020218    -0.00157505    -0.00101924     0.00042748     0.00057700
 12    -0.00155784     0.00014791     0.00286735    -0.00146230     0.00062936     0.00067384
 13     0.00900394    -0.00443061    -0.00634738    -0.00019943     0.00224543     0.00301709
 14     0.00111268     0.00032491    -0.00253999     0.00003046    -0.00085127    -0.00142956
 15    -0.00584511     0.00479287     0.01362537    -0.00009050    -0.00141994    -0.00183935
 16     0.00955231    -0.01102300    -0.00035687    -0.00170301     0.00155784    -0.00112528
 17     0.00232576     0.01011083    -0.00078920     0.00092592    -0.00066473     0.00060085
 18    -0.01283567     0.00329881    -0.00174650     0.00090675    -0.00094470     0.00074145
 19    -0.00035626    -0.00600477    -0.00008529     0.00005150     0.00043897    -0.00225933
 20     0.00272219     0.00243087    -0.00011943    -0.00000625    -0.00011138     0.00119883
 21    -0.00265544     0.00222027    -0.00003979     0.00007277    -0.00025800     0.00107959
 22    -0.00357393    -0.01960467     0.00043097    -0.00146990     0.00077592     0.00019981
 23     0.00430612     0.01093228     0.00461642     0.00075808    -0.00046709    -0.00014988
 24     0.00035365     0.00735836    -0.00040450     0.00064301    -0.00036772    -0.00005506
 25    -0.00799998    -0.01182345    -0.00379528     0.00131119     0.00146408    -0.00225190
 26     0.00831129     0.00670728     0.00382933    -0.00053937    -0.00063384     0.00121452
 27    -0.00294734     0.00309887     0.00150709    -0.00085024    -0.00097724     0.00140361
 28    -0.01404700     0.01367909     0.02125809    -0.00169820    -0.00228689    -0.00207287
 29    -0.00014116    -0.00345357    -0.00416547     0.00099713     0.00111551     0.00131495
 30     0.01162950    -0.00740974    -0.01596441     0.00100114     0.00111298     0.00087357
 31     0.00693593     0.01030247    -0.02218187    -0.00242455     0.00067785     0.00124225
 32    -0.00389668    -0.00694586     0.00146195     0.00103275    -0.00040558    -0.00056616
 33    -0.00350877    -0.00486602     0.00972407     0.00144139    -0.00044657    -0.00057905
 34    -0.00146974    -0.00898056    -0.00079739    -0.00065011     0.00172918    -0.00220240
 35     0.00177335    -0.00220913     0.00139507     0.00021545    -0.00101370     0.00128412
 36    -0.00042994     0.01214703    -0.00037246     0.00028101    -0.00086370     0.00090584
 37    -0.01813335    -0.00312222    -0.00588331     0.00266586     0.00357317    -0.00401029
 38     0.01465960     0.00265123     0.00406062    -0.00154763    -0.00162500     0.00158386
 39    -0.00185763     0.00076384    -0.00001266    -0.00194672    -0.00232478     0.00294535
 40    -0.00186518    -0.00571080    -0.00101997     0.00045818    -0.00131673    -0.00445607
 41    -0.00617272     0.00304632     0.00445359     0.00006673     0.00064758     0.00264352
 42     0.00168502    -0.00125526    -0.00358829    -0.00016913     0.00091202     0.00201029
 43     0.02068736    -0.00015155     0.03884364    -0.00824716     0.00844947     0.00284124
 44    -0.00463726     0.00777680    -0.03551657     0.00414848    -0.00472086    -0.00007059
 45    -0.01497199     0.00032097    -0.00720383     0.00488344    -0.00299965    -0.00155484
 46    -0.00248129    -0.01272525    -0.00987841     0.00134206     0.00050946     0.00295140
 47     0.00265824     0.00118033     0.00677471    -0.00085865    -0.00029616    -0.00193352
 48    -0.00145668     0.01160488     0.00151378    -0.00061679    -0.00042121    -0.00137765
 49    -0.02767173    -0.01745180     0.00032974     0.00122621     0.00998134    -0.00152308
 50     0.01069756     0.00657250     0.00157742    -0.00182043    -0.00672375     0.00102304
 51     0.01491494     0.01329132    -0.00161197    -0.00085127    -0.00360088     0.00052952
 52    -0.01736487     0.00925686    -0.00696032     0.00057369    -0.00097393     0.00254333
 53     0.02941936    -0.00300815     0.00321654    -0.00043763     0.00047758    -0.00124477
 54    -0.01252689    -0.00420432     0.00541166    -0.00030835     0.00053795    -0.00161494
 55    -0.01703870    -0.00718963     0.00779176    -0.00191692    -0.00094790    -0.00062031
 56     0.00702644     0.00957072    -0.00758526     0.00084104     0.00045957     0.00021523
 57     0.01033730    -0.00547980    -0.00291436     0.00104135     0.00062034     0.00038673
 58     0.01158525    -0.02522699     0.00464200    -0.00113371     0.00060236     0.00158552
 59    -0.01088968     0.00583973    -0.01780854     0.00046662    -0.00024768    -0.00078549
 60     0.00024427     0.01786056     0.01157646     0.00068857    -0.00026335    -0.00089827
 61    -0.01719278    -0.00651952     0.00219698     0.00329849    -0.00099587     0.00351382
 62     0.00719903    -0.00351829     0.00221395    -0.00179157     0.00040679    -0.00237294
 63     0.00824856     0.00911483     0.00048030    -0.00171272     0.00023048    -0.00150490
 64    -0.00782093    -0.01051791    -0.01570212    -0.00175020    -0.00044861     0.00120531
 65     0.00499136     0.00331946     0.00795538     0.00093880     0.00025238    -0.00051697
 66    -0.00037199     0.00901217     0.00657051     0.00093076     0.00012681    -0.00065119
 67     0.00919484     0.00950735     0.00651547     0.00196098    -0.00280821     0.00105926
 68    -0.00584156    -0.01109789    -0.01109992    -0.00080660     0.00138876    -0.00035771
 69    -0.00047127    -0.00259036    -0.00141663    -0.00133401     0.00163713    -0.00051354
 70    -0.02064623    -0.00197771     0.03749146    -0.00080850     0.00340958    -0.01328685
 71    -0.00698609     0.00614686    -0.01760222    -0.00139731    -0.00270308     0.00794667
 72     0.01905591    -0.00240652    -0.02270718     0.00218281    -0.00259643     0.00674961
 73     0.01212797    -0.03402653    -0.02915459    -0.00487112     0.02108561     0.01648269
 74    -0.00575812     0.02649085     0.02246677     0.00315707    -0.01041561    -0.00856644
 75    -0.00825896     0.00733475     0.00483443     0.00445087    -0.00791962    -0.00442211
 76     0.00003257     0.00708942    -0.00123293    -0.00053295    -0.00228124    -0.00215776
 77     0.00308507    -0.00317262    -0.00202403     0.00047348     0.00116757     0.00109106
 78    -0.00136812    -0.00432127     0.00147768     0.00020101     0.00117053     0.00089000
 79     0.02027072     0.00535442     0.01061436    -0.02095658    -0.00338028    -0.01268293
 80    -0.00756033    -0.00402790    -0.00391474     0.01094352     0.00128005     0.00872811
 81    -0.00979910    -0.00047037    -0.00487968     0.00717085    -0.00114147     0.00523557
 82     0.00948466    -0.00451774    -0.00081347    -0.00056468     0.00344872     0.01226305
 83    -0.00715820    -0.00222541     0.00484254     0.00058626    -0.00375280    -0.00753239
 84    -0.00075188     0.00855874    -0.00058491     0.00133360    -0.00065143    -0.00590514
 85     0.01701109     0.01643071    -0.01608896    -0.01359148    -0.00399135     0.00291431
 86     0.00134364    -0.00713943    -0.00239039     0.00567622     0.00035817    -0.00144974
 87    -0.01760607    -0.00612338     0.01034248     0.00894041     0.00229004     0.00020898
 88     0.02323361     0.00564450     0.00073077    -0.00106912     0.00448669     0.00082369
 89     0.00196798     0.00489125     0.00088975     0.00067441    -0.00285244    -0.00080307
 90    -0.02133010    -0.00996814     0.00055856     0.00019967    -0.00213031    -0.00033530
 91     0.00218349     0.00555738     0.00003731    -0.00162526     0.00099970    -0.00031511
 92    -0.00084926    -0.00984865     0.01524852     0.00089854    -0.00045314     0.00013079
 93    -0.00396857     0.00519247    -0.01534515     0.00074923    -0.00044012     0.00021390
 94    -0.00088818     0.00201043     0.00727560     0.00013460    -0.00486790    -0.00273746
 95    -0.00572846     0.00335751    -0.00256130     0.00039701     0.00269478     0.00160120
 96     0.00573623    -0.00668946    -0.00096231     0.00000023     0.00212686     0.00090345
 97     0.04149955    -0.02236093     0.00333236    -0.00069737     0.00277135    -0.00031930
 98     0.00250208     0.00934993    -0.00104407     0.00046676    -0.00175050     0.00013425
 99    -0.03948218     0.00924320    -0.00383107     0.00044785    -0.00123867     0.00015039
100     0.02084917    -0.00303430    -0.00855279    -0.00465290     0.00028095     0.00365122
101    -0.00974496     0.00432165     0.01177972     0.00170842    -0.00008625    -0.00163607
102    -0.01306946    -0.00147904     0.00255027     0.00282023    -0.00005889    -0.00275013
103     0.01217948    -0.01112782     0.00842776    -0.00045685     0.00089085     0.00170324
104    -0.00524146    -0.00323254    -0.00157022     0.00015145    -0.00048218    -0.00080833
105    -0.00825199     0.00829707    -0.00582386     0.00029435    -0.00046693    -0.00079088
106     0.00589853     0.00874205    -0.00237552    -0.00063723     0.00039409     0.00151083
107    -0.00733035    -0.01144252     0.00363692     0.00027766    -0.00025952    -0.00077827
108    -0.00001381     0.00586957    -0.00312797     0.00029132    -0.00013658    -0.00079046
109     0.00813829    -0.01482049     0.00725833    -0.00306076    -0.00014023     0.00033088
110    -0.00116769     0.00355405    -0.00904478     0.00140147     0.00013713    -0.00029476
111    -0.00408017     0.00982593     0.00095390     0.00155932     0.00021699    -0.00004841
112    -0.00858236     0.00403822    -0.01583328     0.00022736    -0.00194058     0.00129502
113     0.01341063    -0.00473851     0.00994669    -0.00000116     0.00107786    -0.00068255
114    -0.00333891    -0.00128989     0.00926803    -0.00020551     0.00108036    -0.00061168
115    -0.01400481     0.00448877    -0.00356723    -0.00362935     0.00183900    -0.00274941
116     0.02298751     0.00062166     0.00217322     0.00146677    -0.00065845     0.00101019
117    -0.00888942    -0.00100079     0.00008199     0.00150161    -0.00110684     0.00143002
118    -0.00652765    -0.03008110    -0.01652239     0.00110201    -0.00153485     0.00193246
119    -0.00209743    -0.00064348     0.00239950    -0.00039533     0.00068870    -0.00090662
120     0.00791949     0.02820595     0.01215621    -0.00062638     0.00065876    -0.00103561
121    -0.00500852    -0.01004044     0.01015152    -0.00196511    -0.00063099    -0.00122617
122     0.00492556     0.00860933    -0.00511867     0.00091792     0.00035634     0.00048905
123    -0.00483876     0.00113088    -0.00982019     0.00122691     0.00042337     0.00075007
124    -0.01121046     0.00566665     0.01504625    -0.00194171     0.00014536     0.00006041
125    -0.00237325    -0.00112282     0.00321448     0.00116648    -0.00004305    -0.00005560
126     0.01143879     0.00027871    -0.02060743     0.00088536    -0.00006395    -0.00010125
127    -0.01024772     0.02087210     0.00130830     0.00115749     0.00203559     0.00083330
128     0.00786423     0.00441702    -0.01560453    -0.00049103    -0.00101760    -0.00051705
129    -0.00046125    -0.02595063     0.01475776    -0.00047788    -0.00094925    -0.00029431
130     0.00659752    -0.00689434     0.03469209    -0.00241316    -0.00194805    -0.00116632
131    -0.00442881     0.00390255    -0.00670475     0.00150862     0.00102459     0.00079327
132    -0.00187387     0.00289783    -0.02583140     0.00131224     0.00110142     0.00041322
133     0.01392534    -0.01326568     0.00426230     0.00314017     0.00213714    -0.00207067
134    -0.00505052     0.01326156    -0.00448143    -0.00194075    -0.00092601     0.00110799
135    -0.00057737    -0.00021344     0.00173627    -0.00124065    -0.00079167     0.00094202
136     0.00915474    -0.00401017     0.00733377    -0.00354261    -0.00301657     0.00276408
137    -0.01058224     0.00727074    -0.00323921     0.00196574     0.00119303    -0.00119131
138     0.00053612    -0.00359454    -0.00230267     0.00234982     0.00208977    -0.00206467
139     0.00262288    -0.00679215    -0.00854760    -0.00245665    -0.00157068    -0.00349074
140    -0.00577695    -0.00065897     0.00706572     0.00089948     0.00056623     0.00146545
141     0.01035600     0.00616527     0.00314139     0.00129549     0.00084765     0.00233201
142    -0.00330323     0.00950314     0.00497347    -0.00081513     0.00091972     0.00134928
143    -0.00304487    -0.00345121     0.00118763     0.00048755    -0.00043027    -0.00074681
144     0.00678645    -0.00448479    -0.00590290     0.00036406    -0.00038473    -0.00056553
145     0.00452060     0.00539867    -0.01035541    -0.00072700    -0.00096040     0.00146825
146    -0.00182979    -0.00085212    -0.00333704     0.00033706     0.00044561    -0.00061089
147    -0.00057692    -0.00482217     0.01578538     0.00047003     0.00059071    -0.00082636
148     0.00069449    -0.00579440     0.00325124    -0.00057343     0.00127828    -0.00079342
149    -0.00196962     0.00202601    -0.00135843     0.00025587    -0.00053832     0.00035316
150    -0.00057287     0.00258184    -0.00197783     0.00036418    -0.00066911     0.00038546
151     0.00216594    -0.00185564     0.00832681    -0.00132811     0.00073345    -0.00174129
152    -0.00506159    -0.00344349    -0.00523903     0.00073576    -0.00027208     0.00086304
153    -0.00156262     0.00683908    -0.00024857     0.00075175    -0.00047324     0.00085218
154    -0.00094379     0.00052322     0.00385792    -0.00002144     0.00102706     0.00149113
155     0.00029412    -0.00101170    -0.00092763    -0.00000829    -0.00044250    -0.00063001
156     0.00172821     0.00117689    -0.00403521    -0.00000054    -0.00061908    -0.00075542
157    -0.02132582     0.01729131     0.00678865     0.00560272    -0.00629069     0.00231289
158     0.00766602     0.00024906     0.00474990    -0.00247886     0.00216055    -0.00121426
159     0.01499622    -0.01973336    -0.00660020    -0.00348487     0.00422102    -0.00240284
160    -0.01195550    -0.00943601     0.00670739     0.00318765     0.00044004     0.00232912
161     0.00310396     0.00374957    -0.00301472    -0.00204114    -0.00041846    -0.00156697
162     0.00772927     0.00921811    -0.00884164    -0.00152637    -0.00031693    -0.00089936
163    -0.00374517    -0.00689297     0.00474702    -0.00116503    -0.00066993    -0.00220960
164     0.00653088     0.01025401    -0.00986589     0.00053342     0.00023868     0.00120472
165    -0.00136477    -0.00163809    -0.00185407     0.00045246     0.00036216     0.00098086
166    -0.01100041     0.00918451    -0.01922923     0.00118130    -0.00007861     0.00195338
167     0.00195955     0.00010939     0.01451746    -0.00046449     0.00001675    -0.00085702
168     0.00766115    -0.01140880     0.00455308    -0.00063284    -0.00004635    -0.00115715
169     0.00604281     0.00236844    -0.01734958    -0.00176490    -0.00003940    -0.00094361
170    -0.00154728     0.00416958     0.00461599     0.00090005     0.00011242     0.00052110
171    -0.00402000    -0.00280995     0.01205163     0.00096908     0.00001567     0.00040859
172     0.00481423    -0.00215133     0.01434136    -0.00042431     0.00172553    -0.00129924
173    -0.00380414     0.00018987    -0.01217962     0.00019099    -0.00100813     0.00062704
174    -0.00030771     0.00271108     0.00023906     0.00025401    -0.00076872     0.00054427
175    -0.00063417     0.00369325    -0.00002340    -0.00179515     0.00015401     0.00053875
176     0.00427421    -0.00933527    -0.00528097     0.00081975    -0.00014168    -0.00026474
177    -0.00455409     0.00520355     0.00425580     0.00104831    -0.00008459    -0.00036765
178     0.00678048     0.01720907    -0.01423118    -0.00147455     0.00048896     0.00048448
179     0.00160236    -0.00173339     0.00757169     0.00073496    -0.00028582    -0.00030724
180    -0.00620624    -0.01086547     0.00816123     0.00074139    -0.00029474    -0.00019205
181    -0.00322918     0.01063232     0.03043981     0.00033470    -0.00182191    -0.00255720
182    -0.00214930    -0.01007170    -0.01914786    -0.00011138     0.00072379     0.00105371
183     0.00225234     0.00230126    -0.00673984    -0.00003820     0.00108935     0.00128282
184     0.00670355     0.00895070     0.00074190    -0.00195446     0.00281572     0.00402073
185    -0.00443177     0.00229976    -0.00721103     0.00056725    -0.00131239    -0.00180523
186    -0.00572836    -0.01327547     0.00174122     0.00098306    -0.00103090    -0.00214087
187     0.00554723    -0.00148516     0.01416786     0.00014045     0.00310833    -0.00362156
188    -0.00089473     0.00602405    -0.00540007    -0.00042793    -0.00187524     0.00195000
189    -0.00320235    -0.00446370    -0.00838583    -0.00007833    -0.00134307     0.00213440
190    -0.00515674     0.02939593     0.02578162    -0.00208687     0.00072983    -0.00004427
191     0.00969673    -0.02044862    -0.02689532     0.00092448    -0.00038323    -0.00004844
192    -0.00604790    -0.01080035     0.00040575     0.00098982    -0.00025221     0.00000628
193     0.02069305    -0.00990264     0.01189872    -0.00778999     0.00570380    -0.00800768
194    -0.01462697     0.00368879    -0.01180721     0.00346508    -0.00412905     0.00316554
195    -0.00161481     0.00848548    -0.00047003     0.00298310    -0.00173488     0.00256414
196    -0.01142568    -0.01584243    -0.02310952     0.00110119     0.00161690    -0.00134088
197     0.01313151     0.02789178     0.01024570    -0.00059745    -0.00082757     0.00084984
198    -0.00284508    -0.01085318     0.01362736    -0.00043333    -0.00067081     0.00058400
199     0.01686392    -0.00404324    -0.02604123     0.00128227     0.00072106     0.00130105
200    -0.00364540     0.00385383     0.00365517    -0.00071162    -0.00029543    -0.00071434
201    -0.01248226     0.00229084     0.01951174    -0.00054438    -0.00035154    -0.00066096
202     0.01153724    -0.00319819    -0.02024029    -0.00072250    -0.00246548     0.00287039
203    -0.01930113     0.00082278     0.00419567     0.00055256     0.00108518    -0.00135407
204     0.00495438    -0.00124504     0.01063021     0.00019909     0.00097998    -0.00133521
205    -0.01418085     0.00976341    -0.01033055     0.00401064     0.00506694     0.00342589
206     0.00866837    -0.01045668     0.00395360    -0.00138641    -0.00257058    -0.00136525
207     0.00615498     0.00408341     0.00239514    -0.00181055    -0.00184311    -0.00119434
208    -0.01394565    -0.00853767    -0.00645894     0.00657723    -0.00497475    -0.00195966
209     0.00842672     0.00808961    -0.00181803    -0.00257288     0.00274352     0.00134497
210     0.00214802     0.00466885     0.00421054    -0.00323378     0.00284343     0.00019943
211     0.01362540    -0.00566796     0.00792512     0.00146403     0.00122970     0.00109020
212    -0.00407597     0.02024049    -0.00765730    -0.00073773    -0.00051597    -0.00059777
213    -0.00756367    -0.01447992     0.00010250    -0.00061443    -0.00053698    -0.00043317
214    -0.03530376    -0.00659847    -0.00888011     0.01891088    -0.00278755     0.00735300
215     0.01964999     0.00588034    -0.00077392    -0.01249285     0.00100545    -0.00251602
216     0.01517645     0.00050560     0.00605124    -0.00736567     0.00334616    -0.00513512
217    -0.04534009    -0.01785490    -0.00442991     0.00342570     0.00069183    -0.00042813
218     0.01775851     0.00488014     0.01292843    -0.00181863    -0.00036347     0.00046991
219     0.02589947     0.01059743    -0.01040309    -0.00217892    -0.00035106     0.00011211
220     0.00363173    -0.00591876     0.00533194     0.00113719     0.00153608     0.00160435
221     0.00474194    -0.00040658    -0.00058540    -0.00065286    -0.00073898    -0.00070412
222    -0.00942187     0.01064102    -0.00425704    -0.00052607    -0.00091268    -0.00079796
223     0.00281004     0.02433915    -0.01043357    -0.00742424    -0.01024147     0.00786587
224     0.00060515    -0.02212784     0.00959307     0.00599326     0.00476127    -0.00358654
225    -0.00747038    -0.00068609     0.00306484     0.00274559     0.00543053    -0.00225519
226     0.02426405     0.00765575    -0.01833335     0.00169455    -0.00267753    -0.00098218
227    -0.00966769     0.00533794     0.00015643    -0.00104386     0.00170983     0.00071534
228    -0.01379125    -0.01225213     0.01518443    -0.00085916     0.00112014     0.00055614
229     0.00643667     0.00908831     0.01465675    -0.00166566     0.00168146    -0.00042153
230    -0.00274054    -0.00282201    -0.00218188     0.00082948    -0.00069784     0.00017327
231    -0.00114417    -0.00401967    -0.00968212     0.00088928    -0.00088207     0.00035354
232     0.00620974     0.00296146     0.00712986     0.00374266    -0.00156365    -0.00086899
233    -0.00887756    -0.00117227    -0.00111462    -0.00227616     0.00119054     0.00060531
234     0.00418554    -0.00054046    -0.00340780    -0.00197581     0.00071543     0.00016974
235    -0.00480552     0.00284157     0.01060418    -0.00172887     0.00195695     0.00028912
236     0.00394913    -0.00563388    -0.00348504     0.00088247    -0.00094980    -0.00000636
237    -0.00821019     0.00256977    -0.00610638     0.00103384    -0.00124671    -0.00023417
238     0.01264061    -0.03600056    -0.02514539     0.00339902    -0.00203375     0.00195966
239    -0.00975494     0.02013841     0.02502800    -0.00169397     0.00087504    -0.00126581
240    -0.00590290     0.01440226    -0.00382569    -0.00128492     0.00091332    -0.00079357
241     0.00149647    -0.00550642    -0.01690743     0.00132233     0.00242335    -0.00096822
242     0.00161592    -0.00010469    -0.00060751    -0.00079436    -0.00114898     0.00040812
243     0.00260536    -0.00013697     0.01173178    -0.00062158    -0.00107757     0.00059546
244    -0.00731850    -0.01149550    -0.00655414     0.00210364     0.00188134    -0.00070776
245    -0.00257153     0.00063712     0.00288738    -0.00090523    -0.00074129     0.00034994
246     0.00649433     0.00993764     0.00473678    -0.00127512    -0.00106707     0.00055326
247    -0.00433877     0.00034665     0.03805036     0.00934299     0.00785645    -0.01222714
248     0.00400856     0.00935520     0.00544772    -0.00513617    -0.00159873     0.00567212
249     0.00799717    -0.00821573    -0.03574512    -0.00613617    -0.00596681     0.00462265
250     0.00238494     0.00917347     0.01606208     0.00100213    -0.00275416     0.00029346
251    -0.00204865    -0.00603841    -0.01035984    -0.00048810     0.00145103     0.00001916
252    -0.00080750    -0.00355929    -0.00241556    -0.00042179     0.00111061    -0.00012705
253    -0.00865816     0.00984762    -0.00550180    -0.00103986    -0.00026379     0.00208479
254     0.00803866    -0.01194108     0.00168064     0.00047242     0.00023981    -0.00107522
255     0.00124555     0.00078689     0.00383130     0.00041817     0.00005317    -0.00100253
256    -0.00676832    -0.00886795    -0.02413937     0.00163338     0.00031889     0.00169200
257     0.00010400    -0.00450093     0.01843499    -0.00076662    -0.00008062    -0.00092785
258     0.00950433     0.01222058     0.00776725    -0.00104609    -0.00016884    -0.00096593
259    -0.00714979     0.00225308     0.03127956     0.00273129     0.00214792     0.00137537
260    -0.00413163    -0.01100799    -0.01074005    -0.00105344    -0.00088957    -0.00064503
261     0.00564250     0.00919407    -0.01855628    -0.00130399    -0.00106883    -0.00044553
262     0.01320580    -0.01937651     0.03495559    -0.00757809     0.00194734     0.00212962
263     0.00320382     0.00437722    -0.02278807     0.00324594    -0.00067821    -0.00159124
264    -0.01258285     0.01054428    -0.00924033     0.00277791    -0.00073535    -0.00060810
265     0.02470859    -0.02123279     0.00554718    -0.00004063    -0.00133455     0.00220080
266    -0.00835520     0.00867701    -0.00475461    -0.00008634     0.00058285    -0.00113368
267    -0.01404098     0.01095825     0.00168899    -0.00003923     0.00069593    -0.00095423
268     0.01984780    -0.00429185     0.01857747    -0.00059526    -0.00016454    -0.00226244
269    -0.00343589     0.00250325    -0.01417766     0.00023513     0.00003597     0.00095674
270    -0.01453063    -0.00227647    -0.00578054     0.00019925     0.00011478     0.00124693
271     0.00357455     0.00292185    -0.00213039     0.00431977    -0.00118188     0.00073429
272    -0.00569174    -0.00463150    -0.00270904    -0.00185225     0.00030912    -0.00039188
273    -0.00152733    -0.00298892     0.00135805    -0.00205886     0.00077689    -0.00061707
274     0.03065391     0.01656911     0.01421997    -0.00276119    -0.00068670    -0.00040281
275    -0.02020153     0.00151232    -0.00424421     0.00174723     0.00048816     0.00026504
276    -0.00511604    -0.01509181    -0.01038204     0.00120731     0.00040516     0.00025118
277    -0.00805611    -0.00571923    -0.00424634    -0.00584423    -0.00152862    -0.00097616
278     0.00699939     0.00095189     0.00815922     0.00368378     0.00111030     0.00012326
279     0.00021271     0.00274433    -0.00178843     0.00314478     0.00029810     0.00066714
280     0.02131260    -0.00146308     0.01507757     0.00003743    -0.00030416    -0.00265416
281    -0.01264377     0.00457651    -0.00604861    -0.00013022     0.00015306     0.00118998
282    -0.00783264     0.00015252    -0.01221873    -0.00006660     0.00025162     0.00164593
283     0.01908246    -0.01428681    -0.00577509    -0.00509498    -0.00146485     0.00851373
284    -0.00612075     0.00417994    -0.00047392     0.00306166     0.00209031    -0.00494235
285    -0.00772314     0.00687396     0.00556635     0.00150563     0.00074629    -0.00332251
286     0.00076898     0.00476337     0.00425635     0.00693818     0.00229291     0.00561234
287     0.00436811    -0.00195094     0.00541841    -0.00334575    -0.00211453    -0.00260635
288     0.00048853    -0.00126383    -0.00469348    -0.00506622    -0.00082336    -0.00316081
289    -0.00672133     0.00697759     0.00050917     0.00041745     0.00362043     0.00045964
290     0.00450793    -0.00573284    -0.00452863    -0.00038055    -0.00197507    -0.00005177
291    -0.00221862     0.00198672     0.00465295    -0.00016544    -0.00143895    -0.00015272
292     0.01968115     0.00663957    -0.00100038     0.00098978     0.00430687     0.00208031
293    -0.02269230    -0.01312384     0.00261918    -0.00025320    -0.00256284    -0.00137983
294     0.00310201     0.00143021    -0.00066493    -0.00037355    -0.00206769    -0.00067997
295     0.00662118     0.01118107     0.00071192     0.00233409     0.00087500     0.00015653
296     0.00749356     0.00090455     0.00263454    -0.00136573    -0.00042970     0.00001345
297    -0.01265929    -0.00488084    -0.00221656    -0.00098002    -0.00033493    -0.00004476
298     0.01957921    -0.00382276    -0.01330497    -0.00266944    -0.00345077     0.00085107
299    -0.00707231    -0.00519645    -0.00459140     0.00139898     0.00229473    -0.00043787
300    -0.00869658     0.01062822     0.02230367     0.00148031     0.00172201    -0.00075655
301    -0.00464883    -0.00327823     0.00102142     0.00173207     0.00096355    -0.00160891
302     0.00801849     0.00113883    -0.00190505    -0.00070882    -0.00039054     0.00066750
303    -0.00829673     0.00350643    -0.00078878    -0.00080672    -0.00056018     0.00092566
304     0.02009767     0.00871712    -0.01952918    -0.00160554    -0.00031565    -0.00172696
305    -0.01522830     0.00412740     0.01045838     0.00073510     0.00022454     0.00095449
306    -0.00544142    -0.01125900     0.00859277     0.00088292     0.00023711     0.00080688
307     0.00770852    -0.00672024    -0.00018865     0.00232611     0.00184710     0.00020354
308    -0.01231866     0.00853960    -0.00983166    -0.00116668    -0.00073608    -0.00010503
309     0.00996199    -0.00282764     0.00332723    -0.00118540    -0.00099027     0.00007075
310     0.00544773     0.01187788    -0.01460985    -0.00029080    -0.00219070    -0.00113106
311     0.00255778    -0.00200983     0.01334932     0.00012566     0.00127475     0.00051785
312    -0.00818736    -0.00823725     0.00252888     0.00020171     0.00095937     0.00046906
313     0.02144528     0.02008746     0.00430574    -0.00420159    -0.00124696     0.00173305
314    -0.01224015    -0.00255629     0.00452916     0.00167394     0.00043996    -0.00062601
315    -0.00764054    -0.02112185    -0.00461715     0.00230868     0.00036641    -0.00115674
316     0.00728467    -0.00420947    -0.00683266    -0.00045755    -0.00270118     0.00154140
317    -0.00508107     0.01046263     0.00908181     0.00031097     0.00138827    -0.00100246
318    -0.00239914    -0.00105776    -0.00341720     0.00011398     0.00162802    -0.00081128
319    -0.00054458     0.01168833    -0.00904792     0.00271584    -0.00478953    -0.00305887
320     0.00251159    -0.00710136    -0.00005492    -0.00090161     0.00271925     0.00167741
321     0.00179921    -0.00729664     0.00963154    -0.00122047     0.00185766     0.00168471
322    -0.01273578     0.01262472     0.02318784    -0.00143218    -0.00119215     0.00047897
323    -0.00547340    -0.00400838    -0.01300100     0.00071951     0.00058641    -0.00033473
324     0.01423818    -0.01023071    -0.00820737     0.00070311     0.00070046    -0.00023384
325     0.00317112     0.00401103    -0.00407401     0.00172432    -0.00083760    -0.00349594
326     0.00870939     0.00523807    -0.00201219    -0.00067865     0.00052488     0.00201434
327    -0.00582568    -0.00563021     0.00952587    -0.00070853     0.00020007     0.00150579
328     0.01514728    -0.00640119     0.00020612    -0.00063145    -0.00090463     0.00224001
329    -0.01030208     0.00784415    -0.00089523     0.00019751     0.00051922    -0.00114013
330    -0.00947794     0.00117993    -0.00141924     0.00032363     0.00045991    -0.00094408
331     0.02059173    -0.00621859    -0.01223681    -0.00147555    -0.00117394     0.00103152
332    -0.01816447    -0.00036828     0.00527108     0.00079996     0.00074490    -0.00061728
333    -0.00074873     0.00659355     0.00912954     0.00073212     0.00050574    -0.00058028
334    -0.00615998     0.00119596     0.00525434     0.00163905    -0.00154649     0.00127580
335     0.00184215    -0.00578674    -0.01664083    -0.00071259     0.00072542    -0.00071958
336     0.00319629     0.00677932     0.00977104    -0.00080497     0.00092098    -0.00058924
337    -0.00852438     0.00567374     0.00408602    -0.00041041     0.00061737     0.00245491
338    -0.00120078    -0.00402219    -0.00297852     0.00023155    -0.00037293    -0.00107977
339     0.00955317     0.00065159    -0.00148023     0.00007561    -0.00035787    -0.00125794
340    -0.01799416    -0.02331772     0.01093610     0.00455309     0.00078908    -0.00221850
341     0.00705230     0.01264761     0.00123800    -0.00217242    -0.00008614     0.00133713
342     0.01154076     0.00928782    -0.01261203    -0.00305064    -0.00037416     0.00108086
343    -0.00142155    -0.00809433    -0.01590567    -0.00368189     0.00783407    -0.00241040
344    -0.00347010    -0.00081822     0.01526382     0.00121921    -0.00290706     0.00133269
345     0.00747691     0.00555753     0.00407770     0.00115336    -0.00476427     0.00105500
346     0.00251776    -0.00388400    -0.00378527    -0.00131475     0.00125151     0.00097198
347     0.00357632    -0.00294617    -0.00363930     0.00055413    -0.00063378    -0.00049919
348    -0.00085510     0.01490616     0.00989576     0.00081703    -0.00076047    -0.00060223
349     0.00122095     0.01618403     0.00401949     0.00167658    -0.00211134    -0.00284464
350    -0.00742594    -0.00787954    -0.00580007    -0.00057269     0.00103777     0.00140249
351     0.00250592    -0.00820715    -0.00059221    -0.00093179     0.00087361     0.00163028
352     0.00227832    -0.01154658    -0.01916043    -0.00019141     0.00255777    -0.00102136
353    -0.00063371     0.00325989     0.00797043    -0.00004788    -0.00122483     0.00047210
354    -0.00297165     0.00792906     0.01192446     0.00016342    -0.00134439     0.00038503
355    -0.00612564    -0.00318370     0.00331770    -0.00080238    -0.00233043     0.00066318
356    -0.00227263     0.00068132     0.00014620     0.00037583     0.00137081    -0.00028010
357     0.00181379    -0.00110548    -0.00248993     0.00037314     0.00119193    -0.00047867
358     0.02656531     0.02048915    -0.00251957    -0.00190132     0.00024851     0.00250331
359     0.00283944    -0.00696535     0.00805097     0.00080769     0.00001762    -0.00116605
360    -0.02748606    -0.01461740    -0.00434224     0.00090779    -0.00023704    -0.00148939
361    -0.00722790     0.01932226    -0.01374963    -0.00151066    -0.00162697     0.00215096
362    -0.00133361    -0.01097993     0.00595116     0.00103743     0.00103455    -0.00128436
363     0.00468027    -0.00829942     0.00131304     0.00077645     0.00062505    -0.00097635
364     0.01377474    -0.01375517     0.01284462    -0.00099785     0.00050927    -0.00343179
365    -0.00640854     0.00523700     0.00301996     0.00040546    -0.00009179     0.00145483
366    -0.00252766     0.00314444    -0.01031404     0.00051521    -0.00038429     0.00148478
367     0.00314866    -0.00415950    -0.03109290    -0.00114048     0.00203980    -0.00018059
368    -0.00894607     0.00024099     0.02468042     0.00058711    -0.00098306    -0.00001939
369     0.00333630     0.00559515     0.00337335     0.00067307    -0.00098661     0.00015861
370    -0.00972129     0.00313289     0.02245454     0.00067105     0.00215775     0.00146254
371    -0.00151209    -0.00037469    -0.00624465    -0.00038755    -0.00138562    -0.00087072
372     0.01546391    -0.00183703    -0.01593944    -0.00020377    -0.00098735    -0.00075349
373    -0.01681278     0.01756747     0.00760352    -0.00216654    -0.00112842     0.00041753
374     0.00534910    -0.01029158     0.00120207     0.00090994     0.00056251    -0.00021692
375     0.01365359    -0.00534410    -0.01140936     0.00122159     0.00070928    -0.00013922
376    -0.00202429     0.00833913    -0.01086945    -0.00061799    -0.00379301     0.00038965
377     0.00758004     0.00194461     0.00630502     0.00010715     0.00196680    -0.00035741
378     0.00255971    -0.00780024     0.00198097     0.00057966     0.00238729    -0.00023415
379    -0.00689235     0.00156679    -0.00785377     0.00336080    -0.00068299    -0.00304925
380     0.00218730     0.00072874     0.00386202    -0.00148254     0.00047769     0.00119307
381     0.00069911    -0.00054428     0.00398889    -0.00138824     0.00037932     0.00167654
382     0.00678334     0.02025580     0.03135037    -0.00033880     0.00203990     0.00020473
383    -0.00454155     0.00036629     0.00749468     0.00022989    -0.00105088    -0.00019452
384    -0.00741796    -0.01903030    -0.03706376     0.00022747    -0.00114573    -0.00003310
385     0.01058135    -0.00284271    -0.00124066    -0.00049763     0.00008500     0.00183497
386    -0.00641703     0.00799985    -0.00799149     0.00017379     0.00000390    -0.00087206
387    -0.00205637    -0.00734700     0.00802835     0.00024473    -0.00011653    -0.00105226
388    -0.00282947     0.00230993    -0.00550618     0.00289190    -0.00007961     0.00086274
389    -0.00288751     0.00947432    -0.00501952    -0.00151485    -0.00014042    -0.00046168
390     0.00785984    -0.00660699     0.01162346    -0.00121440     0.00005068    -0.00046797
391     0.00937549    -0.00625179    -0.00066553    -0.00107536     0.00380391    -0.00225606
392     0.00254878    -0.01357441    -0.01019785     0.00034274    -0.00195092     0.00144992
393    -0.00757015     0.01653595     0.00595590     0.00030716    -0.00168541     0.00084699
394    -0.00701434    -0.00585641     0.00733653     0.00159864     0.00430724    -0.00056933
395     0.00689597     0.00492146    -0.00379251    -0.00077004    -0.00181387     0.00047140
396    -0.00006661     0.00117277    -0.00216543    -0.00096897    -0.00198089     0.00005196
397     0.00105519     0.00773692    -0.02294695     0.00023455     0.00150744    -0.00495384
398    -0.00161801     0.00279672    -0.00493481     0.00016870    -0.00052325     0.00224226
399    -0.00153280    -0.00904313     0.02487441    -0.00011825    -0.00097570     0.00346063
400     0.01508613     0.00961461     0.00322926    -0.00221770    -0.00054086     0.00072589
401    -0.01511586    -0.00014446     0.00073316     0.00094233     0.00020169    -0.00028085
402     0.00058471    -0.00592882    -0.00434933     0.00111407     0.00039139    -0.00031723
403     0.02108719     0.01299529    -0.00472219     0.00183825    -0.01224307    -0.00019917
404     0.00442438    -0.00844752     0.00408698    -0.00117047     0.00687640     0.00181703
405    -0.01329748    -0.00360667    -0.00423480    -0.00192937     0.00512611    -0.00035196
406    -0.01742917     0.00726543     0.01243064     0.00056320    -0.00396854     0.00136129
407     0.00163308    -0.00295765    -0.00286761    -0.00046185     0.00199555    -0.00096746
408     0.01355066    -0.00929513    -0.01021789    -0.00042569     0.00182848    -0.00045426
409     0.00756809     0.00842630    -0.00899350     0.00075589     0.00169985     0.00027432
410    -0.01309191    -0.00862654     0.00161780    -0.00035679    -0.00072300    -0.00009649
411     0.00687575     0.00242272     0.00935597    -0.00036034    -0.00093056    -0.00007018
412     0.00682162     0.00279766    -0.00131128    -0.00167195     0.00027153    -0.00146243
413    -0.00232586    -0.00491731     0.00045253     0.00085594    -0.00008772     0.00062574
414    -0.00450321    -0.00148871     0.00350342     0.00082040    -0.00004646     0.00080964
415     0.01833616     0.01028044    -0.00482066     0.00075603    -0.00254265    -0.00052999
416    -0.01136515    -0.00209812     0.00109064    -0.00055980     0.00134826     0.00032972
417    -0.00858581    -0.00593440     0.00170852    -0.00032436     0.00105461     0.00028694
418     0.00102941     0.00149174    -0.00533924    -0.00072628     0.00226071     0.00077801
419    -0.00051903    -0.00021592    -0.00200496     0.00043593    -0.00142512    -0.00046739
420     0.00202306    -0.00129433     0.00021502     0.00030149    -0.00104230    -0.00047595
421    -0.00978883    -0.01120541     0.00281625     0.00001021     0.00173432     0.00158050
422     0.00605825     0.01051195    -0.00230133     0.00003992    -0.00096822    -0.00099792
423     0.00489532    -0.00060716    -0.00404163     0.00008264    -0.00086835    -0.00070046
424    -0.00586138    -0.00997723     0.00507567    -0.00040954     0.00172477     0.00110533
425    -0.00199623     0.00829042     0.00240485     0.00017338    -0.00073755    -0.00044639
426     0.00624306     0.00112469    -0.00058945     0.00029949    -0.00083820    -0.00059840
427     0.01708738     0.04612736    -0.00362354    -0.00264906    -0.00526517    -0.00249006
428    -0.00489123    -0.00562750    -0.00553292     0.00110121     0.00192851     0.00114844
429    -0.01247509    -0.03871238     0.00972004     0.00181086     0.00322066     0.00213459
430    -0.00300857     0.02156524    -0.00016085    -0.00143449     0.00071815     0.00400882
431    -0.00521061    -0.00674635    -0.00527503     0.00043960    -0.00035175    -0.00170676
432     0.00358849    -0.01165369     0.00515332     0.00073650    -0.00006961    -0.00217997
433    -0.00034759     0.00920069     0.01187679    -0.00084303     0.00088191    -0.00217969
434    -0.00700051    -0.00586532    -0.00978815     0.00040369    -0.00059752     0.00112487
435     0.00890976     0.00317200    -0.00532868     0.00053006    -0.00041754     0.00101273
436    -0.02019751     0.02043839    -0.02375756    -0.00330460    -0.00234048    -0.00006667
437     0.01687562    -0.01877590     0.01662263     0.00168174     0.00144734    -0.00015590
438    -0.00287857    -0.00221879    -0.00074991     0.00214210     0.00120413     0.00007547
439    -0.01270662     0.01217764     0.00775567     0.00018205     0.00101222     0.00232956
440    -0.00380995    -0.00671189    -0.00040689    -0.00005827    -0.00050435    -0.00097324
441     0.01858794    -0.00263615    -0.00864844    -0.00023131    -0.00056297    -0.00121002
442    -0.01433414    -0.01282566     0.00176117     0.00167517    -0.00166984    -0.00144809
443     0.00452167    -0.00156543     0.00070471    -0.00084997     0.00092495     0.00094012
444     0.00816114     0.01383589     0.00153169    -0.00096485     0.00074285     0.00072346
445    -0.01115878     0.00244842     0.00115552     0.00936837    -0.00195090    -0.00770171
446     0.00067267    -0.00370936     0.01037060    -0.00298853     0.00062994     0.00272545
447     0.00993624    -0.00500209    -0.00794646    -0.00499810     0.00184673     0.00272954
448    -0.00478643    -0.00696358    -0.02260564    -0.00181481     0.00232089    -0.00229094
449     0.00981575     0.00904230     0.01402513     0.00086704    -0.00149183     0.00120930
450    -0.00604053    -0.00421438     0.00930988     0.00066997    -0.00098033     0.00111788
451     0.00763696    -0.00833408    -0.00775190    -0.00141164    -0.00077349     0.00149257
452    -0.00057566     0.00427423     0.00997777     0.00061235     0.00030486    -0.00074707
453    -0.00188043     0.00197737    -0.00065646     0.00078556     0.00032599    -0.00069941
454     0.00620114     0.02313987     0.04243963     0.00015246     0.00194139     0.00019050
455     0.00196321    -0.02446803    -0.03738573    -0.00006976    -0.00084930    -0.00014337
456    -0.00545854    -0.00231404    -0.00427005     0.00001615    -0.00100113    -0.00009016
457    -0.00395060    -0.02486659     0.01673041     0.00290467     0.00099098     0.00105722
458     0.01086434     0.00494523    -0.01357574    -0.00132452    -0.00049424    -0.00033798
459    -0.00430570     0.00882805    -0.00088500    -0.00151951    -0.00072064    -0.00065212
460    -0.02388452    -0.00465159    -0.01916025     0.00109991     0.00013438    -0.00242732
461     0.00856743    -0.00923619     0.00438717    -0.00049046    -0.00020137     0.00125672
462     0.00709309     0.00892606     0.00367772    -0.00070722    -0.00009334     0.00119621
463    -0.00253648    -0.01602379     0.01364909    -0.00187712     0.00011890     0.00144184
464    -0.00324275     0.01512981    -0.01592976     0.00106901    -0.00014927    -0.00070887
465     0.00726710    -0.00064194     0.00325304     0.00094970    -0.00008723    -0.00088283
466     0.00010605    -0.00418560    -0.00691285    -0.00234946     0.00062914    -0.00072459
467    -0.00168040     0.00054650     0.00688493     0.00117985    -0.00037468     0.00024179
468     0.00190441     0.00573397    -0.00225016     0.00119177    -0.00018198     0.00033363
469     0.00304798    -0.01708965    -0.00077473    -0.00632759     0.00116358    -0.00183672
470    -0.00078581     0.00655790     0.00051349     0.00263401    -0.00075397     0.00117400
471    -0.00295401     0.01039682     0.00097723     0.00308382    -0.00086561     0.00042878
472     0.00967731     0.01282043     0.02528460    -0.00140957     0.00033750    -0.00065712
473     0.00107687    -0.01533950    -0.00717625     0.00071083    -0.00011399     0.00036751
474    -0.00999479     0.00124542    -0.01612140     0.00083161    -0.00020673     0.00033680
475     0.00567330    -0.01248869     0.01750842    -0.00216425    -0.00000788    -0.00050199
476    -0.01348841     0.01920899    -0.00446554     0.00120403     0.00011482     0.00025130
477     0.00634486    -0.00755488    -0.00945823     0.00101146    -0.00002594     0.00014569
478     0.00174853     0.01080664     0.02688326     0.00048932    -0.00021769    -0.00191327
479    -0.01008201    -0.00879767    -0.00999174    -0.00034365     0.00006267     0.00104005
480     0.00653047    -0.00025848    -0.01268730    -0.00022305     0.00008347     0.00080525
481    -0.02419787     0.00730544     0.02906085     0.00142049    -0.00311668     0.00228639
482    -0.00327405     0.00167968     0.00496151    -0.00065614     0.00120311    -0.00108606
483     0.02408069    -0.00656751    -0.02471049    -0.00089182     0.00156312    -0.00094212
484    -0.01400336    -0.00102462    -0.00710339     0.00208185     0.00310634     0.00046926
485    -0.00037331     0.00374705     0.00913851    -0.00083378    -0.00135188    -0.00034972
486     0.01339654    -0.00408124    -0.00103495    -0.00107421    -0.00129194    -0.00014477
487    -0.01120841    -0.00182029    -0.01742085    -0.00282189    -0.00773243     0.00061044
488    -0.00304420    -0.00279713     0.00846641     0.00157571     0.00359739     0.00044425
489     0.00511098     0.00443031     0.00555889     0.00073871     0.00463102    -0.00023080
490     0.00549904    -0.00208466     0.00709871    -0.00359604     0.00102598     0.00053347
491    -0.00510106    -0.00043214    -0.00616544     0.00145943    -0.00049674    -0.00014515
492    -0.00767243    -0.00056337    -0.00254226     0.00179036    -0.00026882    -0.00022936
493     0.01744461     0.02630217    -0.00632130     0.00143165    -0.00086509     0.00241074
494    -0.01369264    -0.01685207    -0.00543410    -0.00067380     0.00026314    -0.00108999
495    -0.00037749    -0.01001298     0.01199703    -0.00098910     0.00049943    -0.00143203
496     0.00021589     0.00304564     0.00631109    -0.00143637     0.00116412     0.00047074
497    -0.00651073    -0.00586380     0.00155433     0.00067078    -0.00059238    -0.00030943
498     0.00526197    -0.00036925    -0.01140401     0.00076697    -0.00070478    -0.00020948
499    -0.02283522    -0.02681524    -0.00651296     0.01166959     0.01515064     0.00107001
500     0.00604189     0.00867948     0.00909975    -0.00396137    -0.00471335    -0.00119444
501     0.01313560     0.01493501    -0.00050631    -0.00531136    -0.00953274    -0.00324371
502     0.00027505     0.00390728     0.00284940    -0.00500405    -0.00769298    -0.00891515
503    -0.00699244    -0.00315591    -0.00199728     0.00446315     0.00367308     0.00550613
504     0.00259838    -0.00341132    -0.00205828     0.00118789     0.00464208     0.00559875
505     0.02039367     0.01325124    -0.01231064    -0.00135850    -0.00183788     0.00048301
506    -0.01546470    -0.01404165     0.01106585     0.00085202     0.00115034    -0.00026736
507    -0.00043044     0.00040808     0.00206645     0.00055613     0.00093399    -0.00024013
508    -0.00274102    -0.01857821     0.00333488     0.00027668    -0.00131861     0.00145551
509     0.00056613     0.00576101    -0.00465011    -0.00013486     0.00078327    -0.00072338
510     0.00108455     0.01553798    -0.00069611    -0.00011042     0.00056759    -0.00060078
511    -0.00858307     0.00919032    -0.01058580    -0.00008392    -0.00325820    -0.00072073
512     0.00120367    -0.00711815     0.00372755     0.00013821     0.00183305     0.00020697
513     0.00788994    -0.00347088     0.00418338    -0.00014181     0.00154473     0.00031199
514    -0.00376120    -0.01401157     0.00852362     0.00303558     0.00043812     0.00666765
515     0.00055474     0.00970669    -0.00495983    -0.00232886    -0.00051322    -0.00344335
516    -0.00058341     0.00423673    -0.00123172    -0.00123049    -0.00050083    -0.00437344
517     0.01106208     0.00645293     0.02719216    -0.00166571    -0.00082161    -0.00623603
518     0.00047188     0.00222820    -0.00246784     0.00079828     0.00000593     0.00258012
519    -0.01247452    -0.00817472    -0.02739817     0.00100019     0.00025789     0.00449674
520     0.00298430    -0.00449135    -0.00087861    -0.00271176     0.00370031     0.00102721
521     0.00129757     0.00323522    -0.00013085     0.00108727    -0.00204947    -0.00042870
522     0.00009860    -0.00231921    -0.00191693     0.00196940    -0.00239616    -0.00069644
523    -0.01405912    -0.00088688     0.02739433     0.00159530     0.00332792     0.00497836
524     0.01110974     0.00320436    -0.02139578    -0.00121962    -0.00214042    -0.00243159
525    -0.00027936    -0.00324240    -0.00543687    -0.00063590    -0.00188206    -0.00341772
526    -0.01912664     0.00410122     0.00142917     0.00070225    -0.00437929     0.00497309
527     0.00248808    -0.00417546    -0.00074852    -0.00056727     0.00193332    -0.00186974
528     0.01590888     0.00572689    -0.00203542     0.00011335     0.00189835    -0.00209229
529    -0.02607360     0.00735418     0.01321758     0.00048863     0.00214459    -0.00072820
530     0.00818538     0.00210079    -0.00802427    -0.00020292    -0.00089300     0.00034782
531     0.01502456    -0.00672518    -0.00289696    -0.00037860    -0.00115154     0.00042591
532    -0.02283749     0.00628494     0.00350996     0.00753372     0.00009617    -0.00041023
533     0.00773253     0.00295451    -0.00477842    -0.00540234    -0.00008305    -0.00019217
534     0.01385778    -0.00771823     0.00292712    -0.00320089     0.00039623    -0.00007616
535    -0.00120182    -0.00169668    -0.00423330     0.00063626    -0.00153882     0.00527258
536     0.00067118     0.00532201     0.01060427    -0.00042496     0.00135365    -0.00291727
537     0.00016747    -0.00296921    -0.00223118    -0.00067996     0.00050584    -0.00291222
538    -0.02861794    -0.01101090     0.02316630    -0.00348633    -0.00139789    -0.00222299
539     0.02551965     0.00484593    -0.01977092     0.00170213     0.00074006     0.00146163
540     0.00495868     0.00637385     0.00650449     0.00228498     0.00071126     0.00115854
541    -0.00475817     0.02182123    -0.02636754     0.00653621    -0.01242562     0.01290341
542     0.00930447    -0.00979253     0.01282421    -0.00119623     0.00859749    -0.00740515
543    -0.00253576    -0.01318231     0.01325624    -0.00132484     0.00401482    -0.00457350
544    -0.00547650     0.00061311     0.00403592     0.00654441    -0.01550703    -0.01600783
545     0.00414389     0.00028718     0.00080871    -0.00335502     0.01060770     0.00818313
546     0.00472055    -0.00109184    -0.00403885    -0.00480309     0.00439094     0.00677262
547    -0.00991867    -0.00962907    -0.00430723    -0.00118680     0.00644445     0.00420831
548     0.00504291     0.00712084     0.00450283     0.00100360    -0.00263098    -0.00222862
549     0.00481360     0.00239216    -0.00028010     0.00085328    -0.00479190    -0.00302989
550    -0.01925839    -0.01240081    -0.01387408    -0.00149364     0.00078121     0.00093211
551     0.00458185    -0.00377767     0.01608325     0.00072287    -0.00034991    -0.00054005
552     0.00933630     0.01261125    -0.00022621     0.00069851    -0.00046446    -0.00045850
553     0.00281084    -0.00732578    -0.00589409     0.00056430     0.00198251    -0.00010225
554     0.00140536     0.00036255    -0.00287076    -0.00027351    -0.00105311     0.00015284
555    -0.00330315     0.00868245     0.00370099    -0.00020346    -0.00102245    -0.00000360
556     0.01601699     0.00014722    -0.01042621    -0.00196528     0.00089510    -0.00129002
557    -0.00518440     0.00311014     0.01087740     0.00091142    -0.00032741     0.00068066
558    -0.01070048    -0.00759452     0.00288141     0.00107925    -0.00041447     0.00055362
559    -0.00574777     0.00606907     0.02907379    -0.00090866     0.00155852     0.00137049
560    -0.00457776    -0.01226289    -0.00857528     0.00060332    -0.00093604    -0.00080722
561     0.00838876     0.00618593    -0.01927978     0.00044222    -0.00064938    -0.00069779
562     0.00299293    -0.00467515     0.01156982     0.00073790     0.00087731    -0.00271308
563    -0.00287149     0.00032665    -0.00159988    -0.00021799    -0.00034915     0.00123557
564     0.00056684     0.00810672    -0.00887067    -0.00039982    -0.00052992     0.00174727
565    -0.01749885     0.00883192    -0.01142304    -0.00127919    -0.00095620     0.00421606
566     0.02392798    -0.00514447     0.00180311     0.00036406     0.00058019    -0.00232573
567     0.00052086    -0.00450607     0.00681467     0.00054211     0.00050815    -0.00165344
568     0.00794220     0.02086101    -0.00232521     0.00186567     0.00031193    -0.00222156
569     0.00179281    -0.01391339     0.01731926    -0.00116605    -0.00006629     0.00124072
570     0.00158922    -0.00520090    -0.00306743    -0.00096795    -0.00030083     0.00103420
