 Number of water molecules:
         190

 Atomic and electronic energies:
    -3.23088064    -0.11734082

 Atomic coordinates:
  1    -9.49854304    14.56691077    -9.08352980
  2   -11.21848978    15.04883051    -8.44496019
  3    -9.35788379    12.67254944    -9.11397174
  4     7.52764110     5.28308042    12.39634756
  5     8.62913009     6.79123162    11.98690921
  6     6.51532167     4.92506999    10.77854585
  7    -6.67922708     7.89736317     6.97851409
  8    -5.36592262     6.60233421     7.45498977
  9    -6.40596946     8.29798773     5.08244408
 10    15.46261739    -7.27680365    -8.96365018
 11    17.28096421    -7.19944790    -9.35807573
 12    15.28983241    -7.33810763    -7.03010967
 13     1.18917280     7.65512869    10.70078089
 14     1.35141193     6.96777091    12.48455917
 15     2.60226857     6.86528585     9.65075284
 16    -9.65284627     9.40252465    -8.76621355
 17   -10.73746076     7.85259406    -9.08069001
 18    -7.92594128     8.78698928    -9.36276930
 19     2.45344837     2.04542576   -19.49331935
 20     2.27917736     0.15676170   -19.27648670
 21     0.68251569     2.65881212   -19.51984390
 22   -17.26258291     8.86600261     1.81038521
 23   -15.68445092     9.57977815     2.52570391
 24   -18.04643521    10.36255184     0.88574823
 25     8.63277512     6.76283602   -13.29992772
 26     7.88871445     5.56694389   -14.64130296
 27     7.55750419     6.52394355   -11.72172078
 28    -5.17048070   -11.43012433    -9.65003980
 29    -5.14616738    -9.54397207   -10.16127849
 30    -6.88813502   -11.86611678    -8.94744017
 31   -12.74828714     2.50080451     6.34903570
 32   -12.92918307     4.18665696     7.25930438
 33   -12.42843661     2.89038072     4.47907533
 34    -1.88385076     9.48025081   -13.96915920
 35    -0.22479860     8.84269236   -13.16072165
 36    -1.97257846    11.34106361   -13.46059875
 37     6.57597075     6.01282076    -8.43820470
 38     8.34769307     6.37818542    -7.77447254
 39     5.91400225     4.52458085    -7.45272370
 40     3.08561545    -5.38473132   -13.54554099
 41     1.65528321    -4.72783835   -12.40155447
 42     3.07087720    -7.29351613   -13.35650133
 43    -3.71242715     4.26747960     0.91261942
 44    -3.61831927     4.94539862    -0.87913613
 45    -5.25416968     3.03471104     0.91614726
 46     8.23914333     0.00839496    12.78861105
 47     7.41171440    -0.51330619    11.15113493
 48     8.31379224     1.92858828    12.90438460
 49     2.70112220     7.03047142    -1.98283724
 50     3.70364945     5.47590405    -1.47477932
 51     4.09925325     8.32874215    -2.42225967
 52     6.09217713    -6.67047357    14.85070607
 53     7.81471342    -6.99443602    14.08198454
 54     5.14181013    -5.55283560    13.59142066
 55   -14.47887758   -10.01566436    -6.41090947
 56   -15.29772418   -11.31474233    -5.24161808
 57   -12.73730755   -10.79663476    -6.79654643
 58    -9.27391653     4.53782650    13.95517727
 59    -8.49554934     4.06891634    15.74402304
 60    -8.74887893     3.04266702    12.84348081
 61    10.78102819    -4.03381757     8.04366528
 62     9.07910050    -3.28326503     7.79720421
 63    12.04495637    -2.60212456     8.23840047
 64   -13.94052396    -5.59114795     9.73176495
 65   -14.41762367    -5.56807962     7.87136269
 66   -13.75925288    -3.70429775    10.14881355
 67     9.96059483   -13.14448669     3.11555124
 68     9.40559745   -14.78522503     2.22450176
 69     9.59658104   -11.65104362     2.04974694
 70     1.30906269     0.04993342    -8.27436432
 71     2.82759430     0.45765759    -7.20673617
 72    -0.19874276     0.82611942    -7.32402256
 73     1.09872704     2.23706521     1.80086457
 74     1.16522210     0.44112723     1.05636922
 75    -0.77524850     2.80412625     1.54165050
 76    -1.07011176   -13.24768843   -12.35133351
 77    -2.62931017   -12.34487739   -11.55660481
 78    -0.65151334   -14.65750660   -11.13123397
 79    -2.72163285    -2.44619344    -3.75225108
 80    -1.19032512    -2.40561869    -2.65928426
 81    -2.87260301    -0.75639154    -4.72241885
 82     1.55780335     0.66922613     6.72854804
 83     1.30657742     1.22347696     4.93993823
 84     0.07106148    -0.47453054     6.93564841
 85    -5.18503504    -3.49573507     0.55287609
 86    -6.13770028    -1.99804121     1.22619765
 87    -4.24795769    -3.04226548    -1.09731040
 88    -0.93893229    11.09743798     1.88246678
 89    -0.51335479     9.44275186     2.71746373
 90     0.79277606    11.81577229     1.40055776
 91   -15.44660811     8.77837989    -5.10131020
 92   -15.47612658     7.30053005    -3.86092329
 93   -16.89075810     8.39662946    -6.24353734
 94     2.37728569   -12.50699655    -6.63990991
 95     0.68485067   -11.73767641    -6.25210321
 96     2.39232072   -14.21883429    -5.85854197
 97    -1.86156246    14.13792814    -2.29447526
 98    -1.89780903    12.55455939    -1.09962335
 99    -3.69252943    14.48912179    -2.60935408
100    -7.11499173    -1.09792152     6.50928380
101    -7.66612774    -0.92718021     8.31367986
102    -5.28449928    -1.78122917     6.55704570
103    -2.85785923     7.52598261    16.43660694
104    -1.29165498     8.61681166    16.33928452
105    -4.28429547     8.41285624    15.55522278
106    -6.53726449     3.91393271    18.18664559
107    -5.22718885     5.25490997    17.82794599
108    -5.60839298     2.35407546    18.94617796
109   -14.43108830    -2.65616390     0.58807758
110   -14.59343092    -3.81544271     2.17107481
111   -14.56108421    -3.89477161    -0.91932945
112     3.77889430   -16.23380713     9.72128162
113     2.18957239   -16.82610379     8.88355009
114     4.75272943   -15.39944005     8.29282116
115    -6.97111098     3.45475718    -8.10077582
116    -8.80034326     3.62988046    -8.64859601
117    -6.04786308     4.93445107    -8.99955166
118     8.67062069   -11.93136372    11.46576621
119     7.53447203   -12.73528783    12.76394942
120     9.36468079   -10.31045718    12.21739444
121   -13.38226326    -6.47695924   -10.28055257
122   -14.12475620    -7.98239177    -9.35940871
123   -11.59688833    -6.19904290    -9.50028220
124   -18.43296017     0.21889058    -0.12301403
125   -16.84009002    -0.89495696    -0.35986101
126   -18.61744860     0.18043931     1.81733131
127    10.55334891    13.84938504     4.67189106
128     9.26980327    13.73088897     6.12727477
129    10.25689672    15.52460289     3.73215012
130    -9.58186740   -11.23640049    -6.89144101
131    -9.35193496    -9.37154398    -7.39543924
132    -9.48263931   -11.19411154    -5.01452340
133    11.80903099     5.42641623    -7.52853538
134    12.17094945     3.70819626    -6.74936252
135    12.59508231     5.42934696    -9.28964011
136    -5.80644675    -8.76121305     5.66265408
137    -7.25670727    -7.59968602     5.24696485
138    -4.26119582    -7.95403530     4.83655992
139    -5.00271541    -6.38210198   -11.03178640
140    -5.36760883    -6.24683751   -12.93510276
141    -3.52293651    -5.11981798   -10.85720859
142    -7.50141063     9.17853425    14.75999665
143    -8.31012313     7.41506747    14.38521401
144    -8.31785039     9.69520430    16.43098421
145    -5.59320659   -11.47691810    15.29057897
146    -6.73948477   -12.82875039    15.79783919
147    -5.79955625   -11.20606266    13.34427543
148    -5.93095290    16.97308968   -11.96161384
149    -6.60045823    18.58279357   -12.46627116
150    -7.38359400    16.06058308   -11.01307954
151    -9.36658067     5.03469208   -15.57788947
152   -10.19593238     3.34431046   -15.18253685
153   -10.42286431     6.36309978   -14.74843609
154     2.01305162    10.75806799    16.20034326
155     2.33392747    11.86096014    17.69299475
156     2.15793619    11.73935339    14.52700443
157     8.22475845    -8.20083340     1.74338472
158     9.71317967    -7.90518664     2.94883186
159     6.76204272    -7.15935638     2.42019130
160    13.34160982     0.60570633     7.97468135
161    11.75104932     0.79744423     6.88231842
162    14.69554279     1.25000961     6.79898008
163    -5.88565030    -6.05551672   -16.02835173
164    -4.78924734    -4.87762525   -17.06615197
165    -5.57770125    -7.75882608   -16.79043524
166    12.08726327    -2.43188977    14.51146076
167    11.42139766    -2.90325156    16.20053385
168    10.64363616    -1.47778117    13.69935577
169   -16.13484568    -1.74865716   -10.53673789
170   -15.57902981    -3.58085329   -10.72860234
171   -16.62753541    -1.59618127    -8.69206059
172    -1.61754953    13.89882841   -11.69094332
173    -1.01175087    14.17735474    -9.93893565
174    -3.25069408    15.03128468   -11.79935281
175   -17.87116867     0.68559136     5.08680367
176   -18.43214636     2.45510310     5.47322698
177   -16.25207682     0.34301995     6.01911800
178   -18.09648562     5.79533601     5.95551444
179   -16.74562678     6.12226906     7.26880785
180   -17.99103227     7.18704943     4.59625601
181     3.29521148   -10.62978897   -13.46855431
182     4.18961871   -11.75088384   -14.71148609
183     1.74933071   -11.57336928   -12.86702010
184    -2.68281769     5.02845334     8.27083163
185    -1.50169235     6.09732395     9.32793987
186    -2.64637852     3.28155254     9.04142154
187     2.35857553     7.71760223   -10.99984711
188     4.03412475     7.72487271    -9.99975254
189     2.17191189     5.86470166   -11.57117681
190   -16.49777106     4.70965561    -1.36333953
191   -17.03179676     6.04719471    -0.12487475
192   -17.44287817     3.02216780    -0.99409853
193    -2.55664082     2.23211341    -5.65882799
194    -2.21290139     3.89762687    -4.68355250
195    -4.15983340     2.57148537    -6.67957316
196    10.93593584    11.17221267   -12.04750222
197     9.94243684     9.64164030   -12.68929164
198    10.62892501    12.67370393   -13.21511568
199    15.49510213     6.76200425    13.09097163
200    15.47933168     4.83536372    12.83185777
201    14.25478442     6.92034647    14.55868118
202    -0.86594129   -10.85297889    10.07289722
203    -2.78347401   -10.48702904    10.30184230
204    -0.09486414   -10.54270208    11.78547903
205     7.97691861     5.91876079     3.71927198
206     6.90716767     7.49679246     3.45995999
207     9.85212375     6.51443614     3.83321030
208     9.69686618    -7.24546771    -3.17069104
209     8.58309074    -8.25895551    -4.36059012
210     9.15893871    -7.62756587    -1.35084650
211    14.69400455     9.35002553     8.68400795
212    15.04178879     8.27001242    10.24719815
213    15.49718590    11.02918503     9.10435230
214     7.58211360    -1.94109587     0.83458568
215     6.71080987    -0.44052756     0.10025401
216     6.29181337    -3.29555870     1.32187070
217    16.78204345     1.28980947    -2.70172403
218    15.84092174     1.21054204    -4.39207398
219    15.68809420     0.27134279    -1.46567523
220     9.79389373     9.46629860    10.57381736
221    11.57083660     9.43096265     9.85576894
222     8.86202661    10.92609739     9.68605161
223    -1.78617941    -6.53989292     2.93431739
224    -2.90147327    -5.32136711     2.00022662
225    -1.20465196    -7.82780781     1.68818719
226     9.97527157   -14.00220154    -6.14588552
227     8.48776972   -12.76198300    -6.35433941
228    11.37994831   -13.41415940    -7.37633786
229   -11.06372203    11.20260671    -4.13406441
230   -12.91514492    10.52376926    -4.21858716
231   -10.30309807    10.53807442    -5.79241947
232    14.69060440    -6.70192800    -3.99427506
233    12.80618773    -7.00025944    -3.81080894
234    15.20087757    -6.27948050    -2.20435759
235    -9.73915407    11.94898130     0.70770817
236   -10.18978577    11.61288173    -1.10293317
237    -8.31554230    10.73248214     1.06710852
238    12.25292900    -7.59665454     4.87242939
239    11.88465969    -6.20182971     6.10551921
240    12.80037918    -9.16101507     5.83712365
241     9.93038481    11.88767730    -6.92693367
242    11.52782041    11.38481557    -5.97932715
243    10.34129682    11.58740694    -8.84362338
244    14.47949330     9.40063285    -5.24524954
245    16.19809307     9.27024706    -6.06064047
246    13.33408179     7.98082547    -5.88699566
247     5.51714827     1.49389732    -5.68682024
248     6.57593921    -0.14658601    -5.72012385
249     5.69979966     2.10217631    -3.87763418
250     7.56656023   -17.62959732     1.30337057
251     7.57151740   -17.81355985    -0.61705929
252     7.69697926   -19.41290918     1.98093447
253    -5.95248228    -3.78029554    15.30123999
254    -4.94357175    -5.41024715    15.58698944
255    -5.18111496    -2.30271616    16.26112773
256    15.08896559     1.67301448    12.83493710
257    14.09010421     0.28895461    13.69631957
258    14.70199095     1.30163473    10.99157963
259    13.02661905     7.05161434     4.44292835
260    13.74550467     8.18994805     5.80052762
261    13.63575121     7.78367686     2.74495357
262    -7.59886841     0.93617447     2.04147233
263    -7.56198546     0.36250797     3.90944229
264    -9.40897323     1.44505220     1.64386112
265     1.86884203   -10.19987607    14.63707182
266     3.18294463    -8.80875928    14.83865186
267     3.02478156   -11.81286630    14.86183879
268    -3.10457437    -2.78976445   -19.19241552
269    -3.02826703    -2.10190765   -20.92663584
270    -1.26430430    -3.04621748   -18.65866897
271    15.00281468    -5.54884355     1.02344968
272    16.00321899    -4.29489280     2.00775473
273    14.15641377    -6.64503765     2.39752717
274   -14.03493126    -5.37976015    -3.69732938
275   -12.11762712    -5.13423215    -3.75505316
276   -14.34108867    -7.07441979    -4.66186640
277    -8.86165906    -4.73531206    -2.75244189
278    -7.45925969    -5.03734661    -1.48983888
279    -8.85294727    -2.87685674    -3.23185618
280     1.97390894    -3.11313509   -18.07476709
281     3.61952619    -3.39998782   -19.02314970
282     2.30625284    -3.97818871   -16.36473438
283    -2.41569203    -2.98049533     6.61152009
284    -1.88012062    -4.19362782     5.23836561
285    -1.96058354    -4.00444592     8.18912283
286     9.26512707     1.03229019     4.97621864
287     8.76004247     2.79322632     4.38958713
288     8.89373180    -0.12468117     3.48942055
289     3.61802393    13.00340604     0.87066948
290     4.57821752    12.28761730    -0.67263479
291     3.77051206    14.93070897     0.83362102
292     4.61751188     9.74173656     4.72136415
293     2.95096735     8.76204915     4.62852816
294     4.48606412    11.09955828     3.33522496
295    18.63822973     4.88107788     0.00147528
296    17.98284095     3.54987908    -1.21588973
297    20.49320336     4.73908017    -0.15030180
298    -5.88789854   -11.59779784     1.23376639
299    -4.08393228   -11.29482689     0.65038592
300    -5.97324737   -10.66593909     2.85154611
301    13.71072613     5.56350926   -12.46493140
302    14.81746060     6.88273168   -13.28633553
303    11.87826903     5.93655101   -12.84840671
304   -10.25091125    -3.60916654   -14.34238514
305    -8.78864003    -4.65488167   -14.91806137
306   -11.17263444    -4.74400075   -13.12935052
307    14.62065007     8.59254890    -0.19554158
308    16.05384354     7.38150126    -0.06851125
309    14.47332210     9.01572964    -2.10039625
310    -0.37935110   -17.23836501    -9.16432395
311     0.52246944   -16.93829068    -7.51403414
312    -1.69527337   -18.59202842    -9.04195889
313    -9.55496708    -5.42667666     4.85036200
314   -11.38267789    -4.98377322     4.46685704
315    -8.65749700    -3.78770464     5.41331084
316    -0.77952092   -15.27913216     6.63431470
317    -1.01862229   -13.72167222     7.71851885
318     0.73951839   -14.89221825     5.46164023
319     6.82179719   -10.04408280    -6.27442575
320     5.07917214   -10.79784692    -6.36864434
321     7.19646457    -9.51249027    -8.07657710
322   -13.56212073   -13.84928117     3.49886523
323   -13.16259151   -13.10865019     5.21616770
324   -12.14481763   -15.01863036     2.98894610
325     8.21710059    -4.43603673   -13.34499812
326     6.29377173    -4.64506785   -13.45061073
327     8.68336204    -3.32799610   -14.93293406
328    -2.43198491    -7.58908238    15.43008625
329    -0.68169605    -8.46085153    15.20221858
330    -3.62318176    -9.09139236    15.56186325
331   -11.60770686   -12.24410312     7.83046115
332    -9.87352168   -12.49008147     7.21773032
333   -11.49559817   -11.35022662     9.56588268
334    12.68446982   -11.99933859     7.35833551
335    11.39386221   -12.34765121     8.74205668
336    12.04946988   -12.90405552     5.79416851
337    -0.76612449     3.14440585    15.61941367
338    -1.65137916     4.82534257    16.08080563
339     1.09294583     3.60022908    15.84268054
340    13.20849428     0.51424724    -6.07164859
341    12.77137138    -0.77109213    -7.44090172
342    12.61712841    -0.35554013    -4.43253402
343    -2.02169921     6.83265317    -3.42080333
344    -2.07991713     8.08868213    -4.84750581
345    -0.17854344     7.04233463    -2.80087852
346   -10.85753583    10.56887721     8.67336037
347   -10.21820045    12.07510545     9.61621168
348    -9.29340009     9.58555675     8.17435979
349     7.80820085    -9.45978637   -11.23592699
350     6.02611971   -10.12490071   -11.70108571
351     8.02808491    -7.80953872   -12.24372369
352     0.74158933    14.15612935    -6.65296163
353     2.57517530    14.80646412    -6.52279980
354    -0.11125692    14.25049798    -4.92989979
355    -3.98695742   -17.51381645     3.37557261
356    -2.80194779   -17.23690346     1.89857466
357    -3.04500772   -16.90330915     4.91766967
358    -7.53642345    -0.11805525    11.67954118
359    -7.36242897    -1.73628487    12.72749460
360    -5.76292324     0.56379614    11.56157309
361    -6.10479818   -10.08196881    10.43404414
362    -5.97768031    -9.63101068     8.53520934
363    -7.83395833    -9.37071834    10.85012389
364    -1.82756422     0.79022347   -15.18141745
365    -2.63012011    -0.44932300   -16.40082918
366    -2.64503853     2.51072072   -15.69700629
367    -6.83899638    15.05404195    -2.60909696
368    -8.00276978    14.47493484    -1.15268624
369    -7.80397588    14.94931092    -4.24010197
370     6.65464950    12.72288754     8.41605529
371     5.93276193    11.59859239     7.00687220
372     5.14806881    12.95680807     9.62749542
373   -14.20756460    -9.58477526     1.02591326
374   -14.36580809   -11.34979728     1.81357569
375   -12.77742870    -9.75490739    -0.28476126
376    -0.35235590   -15.61239934     0.34111751
377     1.03430496   -15.34459664     1.69696844
378    -1.16615817   -13.89593632     0.11073488
379    11.67906759    -3.34153716    -9.57812844
380    13.09319686    -4.67232943    -9.83775004
381    10.25888328    -3.85891962   -10.79409622
382    -1.66949954    18.22129423     1.10313693
383    -2.51766835    17.39151276     2.62929861
384    -1.67345035    16.92001226    -0.31786759
385    -3.26147316    -0.12547903    18.58784385
386    -2.15530641    -1.49331155    19.37645579
387    -2.18928339     1.10794352    17.53268582
388    17.32249851    -1.93203870     3.96587253
389    16.62383650    -0.18028212     3.98764224
390    18.45354563    -2.11792049     5.52095938
391    -0.99413577     9.62719712    -7.63754219
392     0.08762334     9.13374036    -9.12643869
393    -0.30297945    11.33945130    -7.08964401
394     6.42439443    10.52079792    -2.56208398
395     7.29785281    11.06825239    -4.15109995
396     7.82276345    10.53104985    -1.19691198
397     2.40554714     2.57999942   -12.49895490
398     0.86226966     1.83727455   -13.43711562
399     2.33860587     1.72136579   -10.80621145
400   -15.10150254    -5.88624271     4.42996104
401   -16.97993979    -5.99577778     4.86272576
402   -14.70141693    -7.48715851     3.48787889
403     3.48759017    -9.28513973    -1.23063494
404     3.46199398    -8.00199625    -2.65794183
405     5.09027208    -9.09310509    -0.23427127
406     3.62092351   -14.80248857     3.73535307
407     4.63994631   -13.44726080     4.65415083
408     4.89413296   -15.66625585     2.57127056
409    10.03462730    17.86770567     1.59308937
410    11.32117986    19.14341416     0.97921107
411     8.88691881    17.53221047     0.12531352
412   -12.37121834     1.06783260   -13.01219038
413   -13.93519654     0.22338219   -12.21613337
414   -11.39933165    -0.41864188   -13.76241818
415     7.61600219   -18.15326646    -3.81038439
416     8.53535050   -16.58156187    -4.46317037
417     7.55462086   -19.46856782    -5.24084003
418    -3.18916754    15.01654232     4.65047150
419    -2.49095400    13.48617071     3.68506581
420    -2.86512646    14.67266704     6.51176202
421     2.00490011    12.71658106    11.23121607
422     1.51707872    10.90101492    10.85104771
423     0.60272320    13.75748937    10.46199452
424    -2.13838769    15.11587430     9.62897884
425    -3.34448299    16.61149136     9.64505981
426    -3.31721166    13.59711963     9.99271326
427    -2.33768097   -10.59387387    -5.39973956
428    -3.59179707   -11.39513555    -6.61035058
429    -1.85016616    -8.94844505    -6.29561385
430    -2.33007287     0.96407566    11.48034027
431    -1.76976564     1.90891788    13.11264914
432    -2.04880372    -0.89187455    11.74484798
433    -3.94946418     5.15710503   -16.39718173
434    -3.27284960     6.92476464   -16.02872601
435    -5.79624087     5.24105972   -16.09414169
436    -9.68070319   -10.06940859    -1.78778007
437    -8.20581859   -10.78610869    -0.78073907
438    -9.49747813    -8.11645798    -1.98821923
439     3.59095443     5.92631656    15.64517712
440     3.43597093     7.81288795    16.07716368
441     5.37110260     5.67587865    14.84640007
442    12.46240083   -11.78651999    -9.96455104
443    10.91937196   -11.07107367   -10.79178053
444    13.64856202   -10.31465327    -9.74799946
445     8.08969842    -2.94127500    -5.85873288
446     9.28732356    -3.26856751    -7.28101325
447     8.55073594    -4.14720136    -4.38517070
448    -4.95109506     7.57757696   -10.08560405
449    -3.64287669     8.37467923    -8.99746548
450    -4.27910879     7.95598054   -11.82270723
451   -10.71116380    -8.60969510    11.89944171
452   -10.56048259    -7.81144329    13.62312232
453   -12.14816539    -7.57438025    10.99939637
454     3.43637045    18.12982556     1.10125575
455     4.02856977    19.00543355     2.70504088
456     1.56353191    18.34410758     0.92420962
457    16.35359917     2.93980892     4.31854944
458    17.56317034     3.59750338     2.97780139
459    15.04369788     4.28117012     4.50238434
460     9.09771330    -0.71296834   -16.73746335
461     7.97303849     0.82765732   -16.64965432
462    10.67197428    -0.31491503   -15.68484011
463   -12.75997040    -0.41257992    10.38292019
464   -12.80201156     0.61338147     8.75279123
465   -10.93223104    -0.34845090    10.93391840
466   -15.21085567     3.09966569    -6.10639893
467   -15.56918161     3.82648027    -4.35616385
468   -15.77599703     1.23490552    -5.98566093
469    -8.95019646     0.31698223    -3.78328722
470    -8.81902494     1.22975225    -5.45865370
471    -9.55665573     1.46368556    -2.46207953
472   -18.21347259     3.42927278   -10.82108555
473   -17.99434090     1.70450834   -11.62450066
474   -17.21648432     3.31585263    -9.23323105
475   -16.94180544    -1.57211261    -5.28418924
476   -15.96963848    -3.13459382    -4.85383354
477   -18.24122006    -1.37876399    -3.89245867
478     6.83789269    -3.46487014   -20.28781287
479     7.99804371    -2.53322998   -19.09809798
480     7.81226650    -3.83887494   -21.83641115
481     6.65367143   -11.74822183     6.80067734
482     7.52570602   -11.88286989     8.50684094
483     8.01621020   -11.89158185     5.48901808
484    10.03396065    10.81413001     0.81080118
485    10.30220083    12.01048194     2.25821825
486    11.82044823    10.01903247     0.52404233
487    -1.32731695   -10.65524379    -0.51245414
488    -1.90591153   -10.66929651    -2.41339695
489     0.55444757   -10.11106712    -0.62800412
490   -12.37303610     2.20202720     0.88298102
491   -13.77655724     3.22479932     0.07337332
492   -12.92857030     0.35723537     0.99746623
493    10.41197921    -7.10587550    12.24022483
494    11.72588231    -6.12388296    13.28261462
495    10.53011276    -6.44136405    10.47699000
496   -13.43646652    11.33231424     3.93173680
497   -12.53933564    11.17976490     5.58689617
498   -12.12818261    11.93208922     2.63500925
499     5.80100967     3.03248967    -0.54433865
500     6.78637736     4.19905001     0.50846753
501     4.25256670     2.51086944     0.39293553
502    -0.82169313    -6.08228930    -6.96114600
503    -2.03074180    -4.77788289    -6.26996518
504     0.94669690    -5.74000928    -6.32541791
505    -9.05037343   -16.11666891     2.40603352
506    -8.22038646   -14.48803234     1.88240760
507    -7.57080507   -17.23198702     2.98744436
508     4.77156910   -14.48146013    14.44206296
509     4.24768793   -15.23004023    12.65641207
510     5.17565261   -15.89773735    15.67186074
511     2.03960563   -17.05972384    -4.26114531
512     0.96881287   -16.51336566    -2.73648170
513     3.84893694   -17.36830098    -3.63279899
514     6.15430847    -1.09588333     8.22475392
515     7.43013514    -0.11581246     7.17766900
516     4.45354113    -0.54844860     7.51984000
517    -0.93223585    -2.86562728   -11.62022343
518    -1.28119504    -1.61200439   -13.06781564
519    -0.11246768    -1.77238006   -10.31861624
520    -5.75081002     8.92345301     2.14778829
521    -4.24289401     9.97959609     1.75004263
522    -5.21166633     7.09623185     1.95934111
523     4.62792108     4.82647435     8.15874766
524     5.67942443     5.11799823     6.60126848
525     3.19729716     3.57960878     7.84219993
526     2.71962362    -8.57888801     7.22317467
527     4.18123132    -9.88419024     7.14985688
528     1.23708403    -9.47289415     8.14485672
529     6.35893578    15.38074202    -7.00731710
530     6.04402913    15.84949634    -8.79095934
531     7.75667561    14.08276233    -6.95360090
532    12.29287050    -1.76418307    -1.17061301
533    10.40353736    -1.83517861    -0.60065548
534    13.14102630    -3.30285833    -0.35254325
535     3.69426126    -4.86591935    10.74609875
536     3.42445399    -6.08598219     9.28322914
537     4.59545799    -3.37096812     9.96062035
538    -8.89838844    -6.08856274    -7.87383946
539    -7.16892082    -5.92837507    -8.88908142
540    -8.64214211    -5.24611089    -6.15019703
541     4.29737868    -5.35497436     3.40761849
542     2.75517087    -4.61934955     2.48461784
543     3.46963734    -6.36562659     4.79012426
544     3.42383773    -4.80463774    -4.65702293
545     2.75012155    -3.57246902    -3.41450507
546     5.03072426    -4.05236022    -5.37620047
547     0.07979356     6.88892948     4.23921833
548    -0.77127128     5.97753493     5.67263714
549     0.50590762     5.49545604     2.94660433
550   -14.01107218     6.34277251     9.39153308
551   -13.28041132     5.56315039    10.94491330
552   -13.18088683     8.04885770     9.17906485
553     7.28455238    17.58325440    -2.53175536
554     6.87729877    16.65800523    -4.13235680
555     5.64893572    17.86165059    -1.52464596
556   -11.96751730     4.99759789    -9.52289046
557   -12.10502961     3.78017814   -11.00990713
558   -13.20779995     4.36427018    -8.15688525
559    -5.25890989    11.14872792    10.51103681
560    -5.67976608     9.74652125     9.23080723
561    -6.18378652    10.56755583    12.12032220
562     6.04450075     3.44979116   -16.18793279
563     5.06359609     3.27637987   -17.82541476
564     4.86911844     2.78715579   -14.83794631
565    -1.21779518    -4.44111831    11.58709561
566     0.68528503    -4.67910085    11.51948300
567    -1.92056865    -5.54186752    13.02839134
568    12.97827535     0.38146180   -13.59289047
569    12.92009067    -0.64008816   -12.01065228
570    13.50546705     2.16296224   -13.05220676

 Atomic and electronic forces:
  1     0.00489512     0.01994163    -0.00361251    -0.00088455     0.00129830    -0.00070436
  2    -0.00052274    -0.00524268     0.00075516     0.00044436    -0.00058203     0.00028490
  3    -0.00557562    -0.01371497     0.00173656     0.00053845    -0.00070813     0.00043566
  4    -0.00868445    -0.01826850    -0.00054097     0.00126140     0.00155329     0.00271979
  5     0.00492370     0.01225823    -0.00579041    -0.00064085    -0.00080345    -0.00112369
  6     0.00422794     0.00626778     0.00641998    -0.00076174    -0.00108308    -0.00173616
  7    -0.01137178     0.01170045    -0.01050951    -0.00213562     0.00250338     0.00181499
  8     0.01055294    -0.01068211     0.00021255     0.00119907    -0.00144885    -0.00128888
  9    -0.00311822    -0.00110792     0.01321186     0.00119926    -0.00151396    -0.00077408
 10    -0.02439908    -0.00282000     0.00072656     0.00219668    -0.00087154    -0.00140473
 11     0.01937921     0.00050671    -0.00159810    -0.00094911     0.00032774     0.00056019
 12     0.00156106     0.00456992    -0.00150064    -0.00130988     0.00053238     0.00066180
 13    -0.00657186    -0.00229837     0.00156075    -0.00014494     0.00258169     0.00292190
 14     0.00549956     0.00025286    -0.00325299     0.00004137    -0.00099279    -0.00141184
 15     0.00238238     0.00015060     0.00478917    -0.00015522    -0.00157914    -0.00175809
 16     0.01371923     0.00221114    -0.00173827    -0.00154742     0.00153636    -0.00117235
 17    -0.01336505    -0.00564404     0.00058365     0.00085560    -0.00066862     0.00061360
 18     0.00374335     0.00593930     0.00180431     0.00079613    -0.00088094     0.00076019
 19     0.00387370    -0.00709860    -0.00262715     0.00007971     0.00041298    -0.00205672
 20     0.00599722    -0.00519993     0.00294875    -0.00003322    -0.00011473     0.00110222
 21    -0.01092742     0.01226760    -0.00031584     0.00005316    -0.00023394     0.00100688
 22    -0.03302916    -0.00076424    -0.02472061    -0.00148163     0.00083974     0.00015289
 23     0.02949221     0.01321068     0.01786920     0.00077090    -0.00050843    -0.00011853
 24     0.00140117    -0.01228161     0.00626727     0.00064411    -0.00039935    -0.00003370
 25     0.00424230    -0.00243128    -0.00047169     0.00111851     0.00139075    -0.00212100
 26    -0.00278489     0.00425396     0.00442268    -0.00048145    -0.00057707     0.00112731
 27    -0.00001533    -0.00244176    -0.00170025    -0.00065439    -0.00093699     0.00129221
 28     0.01515942     0.01470132    -0.00735384    -0.00160802    -0.00224972    -0.00223680
 29    -0.00518549    -0.01437405     0.00333865     0.00094419     0.00106390     0.00138801
 30    -0.00942677     0.00213976     0.00119240     0.00088208     0.00103070     0.00090800
 31     0.00963314    -0.00311766    -0.01966261    -0.00266013     0.00080674     0.00119427
 32    -0.00543333     0.00089297     0.00033408     0.00112416    -0.00046662    -0.00056850
 33    -0.00496521    -0.00158592     0.01266384     0.00152473    -0.00051508    -0.00049840
 34     0.01401526    -0.01943537     0.00574756    -0.00048561     0.00153218    -0.00186432
 35    -0.01340968     0.00767058    -0.00977707     0.00016337    -0.00090288     0.00109565
 36     0.00192106     0.00457680     0.00212076     0.00021695    -0.00077798     0.00078292
 37     0.00379378     0.01179472    -0.00416480     0.00207176     0.00335129    -0.00351439
 38    -0.00233406    -0.00488455    -0.00147773    -0.00123159    -0.00152969     0.00141025
 39     0.00111559    -0.00780066     0.00312432    -0.00146632    -0.00222329     0.00253047
 40    -0.00140232     0.00660832     0.00712420     0.00041783    -0.00107542    -0.00403136
 41     0.00432611    -0.00225473    -0.00834384     0.00000894     0.00059915     0.00251438
 42    -0.00233559    -0.00716774    -0.00211652    -0.00019081     0.00075773     0.00182693
 43    -0.01674233    -0.02788475    -0.00355364    -0.00753000     0.00879290     0.00156044
 44     0.00284376     0.00829928    -0.00318678     0.00321492    -0.00419336     0.00040355
 45     0.01598513     0.01474116     0.00709954     0.00438310    -0.00315134    -0.00068627
 46     0.00438751     0.00336469     0.00738652     0.00171682     0.00048327     0.00338778
 47    -0.00433570     0.00615101    -0.00406041    -0.00114335    -0.00026237    -0.00225429
 48    -0.00578790    -0.00212579    -0.00460471    -0.00078954    -0.00045084    -0.00155657
 49     0.02100161     0.00052137     0.00121441     0.00100578     0.00933012    -0.00181727
 50    -0.00354500     0.00385899    -0.00343903    -0.00163580    -0.00616894     0.00102559
 51    -0.01330949    -0.00098224     0.00185378    -0.00077865    -0.00337490     0.00073073
 52    -0.01414804    -0.00020313     0.00354141     0.00082568    -0.00090599     0.00279887
 53     0.00368616     0.00233981    -0.00365196    -0.00057997     0.00048879    -0.00134123
 54     0.00511141    -0.00547413     0.00192938    -0.00045484     0.00048934    -0.00179833
 55     0.00597001    -0.01545097     0.01101202    -0.00187841    -0.00094699    -0.00072855
 56    -0.00007971     0.01136893    -0.00863946     0.00085810     0.00047745     0.00025770
 57    -0.00750214     0.00525832    -0.00081868     0.00097699     0.00060495     0.00045093
 58     0.02252168    -0.01957460     0.02614960    -0.00131333     0.00076864     0.00168610
 59    -0.01647827     0.01012014    -0.03037460     0.00054023    -0.00031527    -0.00084124
 60    -0.00725679     0.00691487     0.00476618     0.00081791    -0.00038567    -0.00101575
 61     0.01552761    -0.01232726    -0.00003369     0.00384668    -0.00094943     0.00344566
 62    -0.01522786     0.01026090     0.00154285    -0.00231085     0.00047103    -0.00246566
 63    -0.00083021     0.00429004     0.00233722    -0.00179029     0.00013965    -0.00144334
 64    -0.00249088     0.02076277    -0.00903458    -0.00190538    -0.00045442     0.00120232
 65     0.00117804    -0.00833011     0.00194673     0.00106616     0.00024516    -0.00052980
 66     0.00002436    -0.00756434     0.00528956     0.00097667     0.00011625    -0.00064978
 67    -0.00051868    -0.03095257     0.01386182     0.00225750    -0.00307897     0.00088846
 68     0.00348225     0.01501175     0.00247358    -0.00089002     0.00148908    -0.00027279
 69    -0.00442486     0.01261881    -0.01961772    -0.00154127     0.00190882    -0.00042894
 70    -0.01757811     0.00168529     0.00894615    -0.00057940     0.00258982    -0.01135985
 71     0.01515575     0.00532024     0.00352633    -0.00104947    -0.00212625     0.00656868
 72     0.00406840     0.00056844    -0.00636971     0.00157750    -0.00215261     0.00581096
 73    -0.02050051    -0.02697765    -0.01542814    -0.00353061     0.02532108     0.01175101
 74    -0.00374343     0.02445777     0.00967698     0.00252748    -0.01218014    -0.00629179
 75     0.01612403     0.00048566     0.00176210     0.00425014    -0.00870536    -0.00316978
 76    -0.01778687     0.02653314     0.00693845    -0.00046124    -0.00191691    -0.00205254
 77     0.01797999    -0.01601392    -0.00995407     0.00042276     0.00103159     0.00112223
 78     0.00107224    -0.01172477     0.00365304     0.00019230     0.00106128     0.00091051
 79    -0.00504083     0.00279648    -0.00247009    -0.01749978    -0.00235030    -0.01415058
 80     0.00352794     0.00597503    -0.00414274     0.01052118     0.00197693     0.00895271
 81     0.00181226    -0.00607274     0.00848762     0.00599385    -0.00136368     0.00591217
 82     0.00961489     0.00004492    -0.00615168    -0.00034180     0.00528447     0.01374702
 83     0.00572133     0.01575103    -0.01342769     0.00065405    -0.00510044    -0.00791997
 84    -0.01622283    -0.01331946     0.01903638     0.00154177    -0.00139138    -0.00672981
 85     0.02938507    -0.01990846    -0.00704096    -0.01511442    -0.00360615     0.00151639
 86    -0.00771841     0.01622434    -0.00278790     0.00613360     0.00013299    -0.00105710
 87    -0.01874342     0.00511228     0.00851324     0.00905663     0.00179174     0.00146988
 88    -0.00680641     0.01645433    -0.01169467    -0.00088945     0.00436106     0.00068672
 89    -0.00076752    -0.01686816     0.01104654     0.00053682    -0.00273445    -0.00069249
 90     0.00040462     0.00635142    -0.00120009     0.00014409    -0.00212025    -0.00024208
 91     0.00107249    -0.01331232     0.01943463    -0.00156284     0.00097104    -0.00045113
 92     0.00358409     0.01085747    -0.00195884     0.00090459    -0.00048328     0.00019545
 93    -0.00700563     0.00392228    -0.01317160     0.00070701    -0.00039053     0.00023171
 94     0.01188692     0.02114837    -0.00859622     0.00029990    -0.00441412    -0.00269358
 95    -0.00998090     0.00066255     0.00106069     0.00024695     0.00254488     0.00157690
 96    -0.00110011    -0.01927415     0.00774284    -0.00011889     0.00199165     0.00092101
 97     0.02122388    -0.03877157     0.02617110    -0.00064188     0.00288127    -0.00038080
 98     0.00622566     0.03139069    -0.01878729     0.00044467    -0.00178236     0.00011357
 99    -0.02652231     0.01079672    -0.00562890     0.00041898    -0.00127135     0.00018910
100     0.01220468    -0.01138227    -0.01384264    -0.00528497     0.00045806     0.00397807
101    -0.00192124     0.00462609     0.01509887     0.00190155    -0.00019121    -0.00171378
102    -0.00935870     0.00503325     0.00342529     0.00314380    -0.00003257    -0.00300912
103     0.01082643    -0.01032169     0.00826232    -0.00049643     0.00102383     0.00180200
104    -0.00125120     0.00647367    -0.00015568     0.00015949    -0.00055836    -0.00087547
105    -0.00941470     0.00975349    -0.00589252     0.00032147    -0.00055298    -0.00084193
106     0.00606052    -0.01927532     0.00791552    -0.00073814     0.00051888     0.00164139
107     0.00438473     0.00022171     0.00286649     0.00032858    -0.00033834    -0.00085160
108    -0.01039064     0.02035825    -0.01230384     0.00033021    -0.00019098    -0.00086197
109     0.00220589    -0.01853452     0.00516196    -0.00311664    -0.00015248     0.00014041
110    -0.00091566     0.01137635    -0.01440958     0.00146930     0.00017578    -0.00020826
111     0.00589995     0.00686362     0.00736608     0.00151114     0.00018845     0.00007251
112     0.01202984     0.00990870    -0.00933466     0.00031830    -0.00216539     0.00148211
113    -0.01316035    -0.00533995     0.00126772    -0.00004033     0.00114650    -0.00068994
114     0.00024895    -0.00340655     0.01054345    -0.00029470     0.00129179    -0.00080260
115     0.00615481     0.00323643    -0.00151834    -0.00327889     0.00200637    -0.00300035
116    -0.00071702     0.00331474    -0.00219850     0.00138966    -0.00072605     0.00112345
117    -0.00856241    -0.00792643     0.00555576     0.00127086    -0.00111270     0.00144678
118     0.00380748    -0.00438495    -0.01287035     0.00118413    -0.00170928     0.00195965
119    -0.00433907    -0.00179596     0.00702291    -0.00042101     0.00078292    -0.00092495
120     0.00117698     0.00407749     0.00117079    -0.00066053     0.00072896    -0.00105918
121     0.02118065     0.00776206     0.00380641    -0.00187062    -0.00057279    -0.00125812
122    -0.00167019     0.00023413     0.00198140     0.00090175     0.00034894     0.00052561
123    -0.02072077    -0.00370926    -0.00543879     0.00114442     0.00037342     0.00080602
124     0.01711637    -0.01172229     0.00771023    -0.00198677     0.00020605     0.00000181
125    -0.01321326     0.00777922     0.00417258     0.00118856    -0.00006239     0.00001407
126    -0.00601690     0.00597311    -0.00770038     0.00096565    -0.00009744    -0.00009306
127    -0.01176300     0.00112563     0.01452756     0.00110932     0.00197656     0.00060485
128     0.00993438     0.00541659    -0.01208735    -0.00049364    -0.00102197    -0.00041009
129     0.00129279    -0.00375814     0.00395229    -0.00045315    -0.00092428    -0.00020592
130     0.00243330     0.02001065    -0.02444993    -0.00218781    -0.00182000    -0.00131220
131    -0.00131219    -0.01033604    -0.00152904     0.00129045     0.00087714     0.00084899
132     0.00043498    -0.00618025     0.02714499     0.00126776     0.00105876     0.00055379
133     0.00007153     0.00740343     0.00258157     0.00272056     0.00196028    -0.00198333
134     0.00331460    -0.00393124    -0.00372273    -0.00172532    -0.00091522     0.00108564
135     0.00034060    -0.00294597     0.00280167    -0.00109854    -0.00073400     0.00092068
136     0.02295609    -0.00507095    -0.00808509    -0.00376197    -0.00346883     0.00291318
137    -0.01962032     0.01070496    -0.00068043     0.00216343     0.00138867    -0.00130211
138    -0.00317867    -0.00344333     0.00509789     0.00250714     0.00257532    -0.00209938
139     0.01564421     0.01688230    -0.00617685    -0.00217970    -0.00147716    -0.00354871
140    -0.00542718    -0.00496776     0.00322690     0.00081452     0.00050800     0.00147608
141    -0.00536858    -0.01121179     0.00428836     0.00113154     0.00071216     0.00232406
142    -0.01380820    -0.01246367     0.01110526    -0.00084770     0.00101944     0.00137181
143     0.00724413     0.01530096    -0.00217126     0.00051820    -0.00048160    -0.00075153
144     0.00588071    -0.00022695    -0.01253883     0.00035806    -0.00041383    -0.00059197
145     0.01641565     0.02372178    -0.03193095    -0.00079234    -0.00104856     0.00167890
146    -0.01820126    -0.02135332     0.00666570     0.00036761     0.00047924    -0.00069517
147     0.00036275    -0.00384233     0.02494864     0.00052345     0.00065468    -0.00094241
148     0.00203120    -0.04886432     0.02112621    -0.00048136     0.00118773    -0.00074352
149    -0.01372859     0.03896645    -0.01298098     0.00021103    -0.00051965     0.00031258
150     0.01461285     0.00585781    -0.00486363     0.00031265    -0.00061687     0.00037316
151     0.00473737    -0.01011936     0.00231613    -0.00109933     0.00068415    -0.00153124
152     0.00059418     0.00691648    -0.00077010     0.00062287    -0.00027212     0.00078661
153    -0.00362465     0.00330389     0.00087153     0.00056251    -0.00038136     0.00067680
154    -0.00543793    -0.01062242    -0.01613131     0.00002788     0.00117413     0.00151673
155     0.00264318     0.01171620    -0.00037894    -0.00002239    -0.00049386    -0.00064063
156     0.00084599     0.00117679     0.01449351    -0.00002260    -0.00069693    -0.00074962
157    -0.00100379    -0.00321628    -0.00804216     0.00643036    -0.00625680     0.00190057
158     0.00052317     0.00068753    -0.00043462    -0.00277607     0.00210542    -0.00107453
159     0.00025911     0.00273321     0.00834474    -0.00412055     0.00431362    -0.00212123
160    -0.00932691    -0.00464162    -0.00644527     0.00318272     0.00066041     0.00221189
161     0.00022004     0.00158924     0.00714156    -0.00209698    -0.00054213    -0.00145850
162     0.01176023     0.00530270     0.00015331    -0.00156504    -0.00036889    -0.00083366
163     0.00353652    -0.00175343     0.00424310    -0.00104510    -0.00058089    -0.00218993
164    -0.00128934     0.00987054    -0.00523405     0.00042895     0.00020093     0.00111890
165    -0.00287544    -0.00773872    -0.00185249     0.00042760     0.00034803     0.00097919
166     0.01934184    -0.00808733     0.00013766     0.00146554    -0.00008557     0.00206236
167    -0.00118140    -0.00372251     0.01340826    -0.00057858     0.00006385    -0.00097033
168    -0.01323393     0.00812320    -0.00812614    -0.00082175    -0.00003185    -0.00126837
169     0.00334518    -0.00287053    -0.00000817    -0.00165922     0.00001042    -0.00096691
170     0.00179614     0.00231496    -0.00289720     0.00084277     0.00008394     0.00051638
171    -0.00236551     0.00079112     0.00252047     0.00090881    -0.00001321     0.00042393
172    -0.04128476     0.02356146    -0.01439555    -0.00035001     0.00165887    -0.00121166
173     0.01241069     0.00167537     0.01973231     0.00016318    -0.00096214     0.00058520
174     0.02632109    -0.01669822    -0.00402968     0.00021625    -0.00073708     0.00050714
175    -0.00202768    -0.02394237    -0.01284132    -0.00188184     0.00024588     0.00050255
176     0.00120504     0.01670418     0.00665359     0.00084959    -0.00018268    -0.00023690
177     0.00030097     0.00761451     0.00274775     0.00105603    -0.00013030    -0.00036222
178    -0.00337099     0.00699934    -0.01212178    -0.00150397     0.00058300     0.00046324
179     0.00167261     0.00305694     0.00180309     0.00076924    -0.00033377    -0.00030903
180     0.00106976    -0.01204603     0.01148977     0.00073948    -0.00034051    -0.00017800
181     0.01485721     0.01236677     0.00245270     0.00031795    -0.00173673    -0.00262823
182    -0.00389365    -0.00373520    -0.00251615    -0.00018210     0.00072133     0.00105871
183    -0.01349081    -0.00899491     0.00040268    -0.00000704     0.00097039     0.00126759
184     0.00016713     0.00242627    -0.01219773    -0.00219123     0.00348504     0.00420021
185     0.00389294     0.00507661     0.00610196     0.00062771    -0.00156777    -0.00184660
186    -0.00005561    -0.00722969     0.00891794     0.00120122    -0.00144052    -0.00253673
187     0.00834318    -0.01487319     0.00256652     0.00017399     0.00257838    -0.00291230
188    -0.01366321    -0.00076657    -0.00732218    -0.00035350    -0.00145909     0.00149370
189     0.00259464     0.01169980    -0.00024773    -0.00007226    -0.00121251     0.00179067
190     0.00962785    -0.02344359    -0.01925802    -0.00204200     0.00073884    -0.00013668
191    -0.00926677     0.00615652     0.01412520     0.00091357    -0.00038649    -0.00000101
192     0.00022150     0.02053940     0.00516314     0.00101544    -0.00025962     0.00004513
193     0.00987637     0.00585146     0.01125168    -0.00658591     0.00623308    -0.00839964
194    -0.00608607    -0.00820836    -0.01206357     0.00274179    -0.00402406     0.00312764
195    -0.00552352     0.00291894    -0.00136279     0.00252283    -0.00189573     0.00279433
196    -0.00312243     0.01218221    -0.00065543     0.00095718     0.00135177    -0.00123265
197     0.00136264     0.00454456    -0.00305913    -0.00050104    -0.00069962     0.00076202
198     0.00058912    -0.01656441     0.00613007    -0.00036947    -0.00060194     0.00054056
199    -0.02243001    -0.01200946     0.01273036     0.00122590     0.00076543     0.00117539
200     0.00969845     0.00308221    -0.00360673    -0.00069986    -0.00033920    -0.00065842
201     0.01216458     0.00907165    -0.01017785    -0.00053872    -0.00037656    -0.00063058
202    -0.02615347     0.00558741    -0.01137108    -0.00077666    -0.00276355     0.00312372
203     0.01901747    -0.00620934    -0.00224367     0.00063045     0.00122228    -0.00147339
204     0.00696035    -0.00291364     0.01133529     0.00022069     0.00108891    -0.00148819
205     0.01265984    -0.01174996    -0.00812926     0.00412168     0.00517513     0.00252933
206     0.00583714     0.00682686     0.00771156    -0.00145785    -0.00266476    -0.00101379
207    -0.01844855    -0.00081671     0.00309004    -0.00177712    -0.00183712    -0.00086511
208    -0.00203338     0.01604925     0.01243926     0.00621527    -0.00422370    -0.00233110
209    -0.00343564    -0.01197003    -0.00192649    -0.00254391     0.00238343     0.00155444
210     0.00339049    -0.00458397    -0.00812451    -0.00348411     0.00270985     0.00054365
211     0.00222803     0.00754811     0.00720987     0.00148003     0.00127784     0.00100527
212     0.00232651    -0.00518509     0.00142513    -0.00071551    -0.00054330    -0.00055702
213    -0.00119519    -0.00126578    -0.00514081    -0.00060935    -0.00056974    -0.00040844
214    -0.00353419    -0.01464908     0.00598356     0.02043592    -0.00067933     0.00356745
215    -0.00460093     0.01067946    -0.00596583    -0.01074537    -0.00288544    -0.00064832
216     0.01074249     0.00818801     0.00211760    -0.01038606     0.00338144    -0.00342580
217    -0.00890230    -0.00745497     0.00698496     0.00323366     0.00066674    -0.00054521
218     0.00161821    -0.00232827     0.00563462    -0.00169499    -0.00036337     0.00050694
219     0.00796050     0.00486682    -0.01180965    -0.00200071    -0.00029784     0.00018676
220     0.00019818     0.00153670    -0.00017014     0.00121827     0.00171176     0.00161545
221    -0.00014281     0.00161939    -0.00311048    -0.00069156    -0.00079317    -0.00070096
222     0.00210908    -0.00741048     0.00570657    -0.00053298    -0.00095669    -0.00073323
223     0.01235793     0.01176110     0.01722066    -0.00930049    -0.01258009     0.00834069
224    -0.01826659     0.00558534    -0.00953105     0.00692373     0.00524163    -0.00328850
225     0.00002127    -0.01758890    -0.00986017     0.00328746     0.00681176    -0.00218021
226    -0.00294757    -0.00206808    -0.00165030     0.00168023    -0.00246607    -0.00121457
227     0.01759063    -0.00344026     0.00173333    -0.00095391     0.00153233     0.00086970
228    -0.01585644    -0.00209937     0.00647436    -0.00084571     0.00101098     0.00063018
229    -0.01834649    -0.01271014    -0.00780734    -0.00159425     0.00163469    -0.00049642
230     0.01986814     0.00805259    -0.00055908     0.00079695    -0.00067645     0.00022153
231    -0.00145764     0.00369920     0.00565446     0.00082143    -0.00084986     0.00038530
232     0.00033416    -0.00186950    -0.00474702     0.00353739    -0.00133149    -0.00104197
233    -0.00732237    -0.00242965    -0.00407911    -0.00217208     0.00101501     0.00071180
234     0.00883454     0.00144274     0.00766982    -0.00186321     0.00061655     0.00028123
235     0.00589140     0.00831431     0.00856451    -0.00160900     0.00194803     0.00012166
236    -0.01050371    -0.00158753    -0.02157775     0.00083415    -0.00094775     0.00006622
237     0.00759038    -0.00455688     0.00885442     0.00097229    -0.00122744    -0.00011913
238     0.00031368    -0.00677644    -0.02989213     0.00385297    -0.00211101     0.00182574
239    -0.00212303     0.00883106     0.01726764    -0.00201638     0.00087085    -0.00123116
240     0.00138740    -0.00414011     0.00956507    -0.00146079     0.00096525    -0.00078451
241     0.00822606    -0.00956507    -0.02496635     0.00127569     0.00213682    -0.00104961
242    -0.00089057     0.00192874    -0.00304621    -0.00075291    -0.00101704     0.00044621
243    -0.00385201     0.00377353     0.02695142    -0.00058849    -0.00091759     0.00059173
244    -0.00632749    -0.00121774     0.00350837     0.00186031     0.00164045    -0.00074107
245    -0.00616653    -0.00286888    -0.00173699    -0.00084008    -0.00064490     0.00034223
246     0.00867412     0.00067562    -0.00456249    -0.00110753    -0.00093754     0.00054556
247     0.00272283    -0.01494581     0.01282359     0.00729576     0.00642604    -0.01052912
248    -0.00116005     0.00935594    -0.01006128    -0.00438503    -0.00151803     0.00500131
249     0.00146737     0.00805262    -0.00080140    -0.00485638    -0.00487004     0.00445754
250    -0.00309904    -0.00003134     0.00450571     0.00099422    -0.00265950     0.00024383
251     0.00201613    -0.00058580    -0.00436792    -0.00048937     0.00132356     0.00003912
252     0.00052848     0.00523139    -0.00102848    -0.00037800     0.00110135    -0.00013311
253    -0.00375673     0.00419843    -0.00689038    -0.00120109    -0.00030159     0.00242295
254     0.00105032     0.01457043     0.00319980     0.00051465     0.00027576    -0.00121851
255     0.00162110    -0.01349178     0.00371386     0.00050212     0.00003206    -0.00119643
256    -0.00819546    -0.00391422    -0.00831483     0.00160477     0.00041991     0.00155317
257     0.00289819    -0.00315843     0.01078280    -0.00077895    -0.00013308    -0.00086852
258     0.00272584     0.00516943    -0.00463293    -0.00101349    -0.00024368    -0.00086626
259    -0.00276686    -0.00723026    -0.02437789     0.00267502     0.00210707     0.00108186
260     0.00261901     0.00537809     0.01241082    -0.00104827    -0.00087560    -0.00051698
261    -0.00196185    -0.00203266     0.01021069    -0.00128811    -0.00104208    -0.00031152
262     0.01418192    -0.00223099    -0.00192534    -0.00764087     0.00230813     0.00178839
263    -0.00367295     0.00329655    -0.00606698     0.00341777    -0.00082520    -0.00148955
264    -0.00608784     0.00249260     0.00278620     0.00282348    -0.00084399    -0.00045334
265     0.03315425    -0.02115755     0.00235417     0.00003260    -0.00139856     0.00246656
266    -0.00155688     0.00521977     0.00107323    -0.00013587     0.00062853    -0.00134699
267    -0.02805306     0.01948365    -0.00624411    -0.00009423     0.00069524    -0.00104376
268     0.00783763    -0.00618063     0.02444330    -0.00051691    -0.00010244    -0.00204873
269    -0.00336798     0.00570251    -0.01766856     0.00020042     0.00001113     0.00088063
270     0.00107437    -0.00164371    -0.00290797     0.00018347     0.00007505     0.00114553
271    -0.02219394    -0.02172916     0.00002107     0.00404628    -0.00113762     0.00035873
272     0.01855270     0.01867292     0.01244275    -0.00185071     0.00032202    -0.00027898
273     0.00434317     0.00571194    -0.01004035    -0.00202176     0.00078462    -0.00041340
274     0.00561238    -0.02671777    -0.01893520    -0.00285511    -0.00063735    -0.00064568
275    -0.00718507     0.00066085     0.00491508     0.00180238     0.00042572     0.00047179
276     0.00039169     0.02066249     0.01271166     0.00123652     0.00040151     0.00034871
277    -0.00897619    -0.02179180    -0.01480552    -0.00600329    -0.00162015    -0.00148577
278     0.00207652     0.01161694     0.00586461     0.00397290     0.00136288     0.00058351
279     0.00220924     0.01218509     0.00573484     0.00320092     0.00030678     0.00093965
280     0.00041409    -0.00479541     0.00793484     0.00003856    -0.00018101    -0.00252339
281     0.00508166     0.00038128    -0.00602003    -0.00011424     0.00009354     0.00112247
282    -0.00300569     0.00423962    -0.00503169    -0.00005677     0.00020171     0.00151681
283     0.01471224    -0.00867911     0.00497181    -0.00655780    -0.00179777     0.01065324
284    -0.00486686    -0.00433235    -0.00973862     0.00414811     0.00274538    -0.00617064
285    -0.00754529     0.01182375     0.00977202     0.00183353     0.00107491    -0.00413824
286    -0.00653896    -0.00305065    -0.00560108     0.00704858     0.00261217     0.00471310
287     0.00467225     0.00736457     0.00264575    -0.00327870    -0.00215253    -0.00208730
288     0.00504459    -0.00229324    -0.00118304    -0.00511596    -0.00115062    -0.00253837
289     0.00410025    -0.00920323    -0.00490044     0.00045026     0.00355846     0.00024647
290    -0.00413233     0.00894556     0.00931704    -0.00038452    -0.00191754     0.00006813
291     0.00027857    -0.00151785    -0.00169595    -0.00017135    -0.00141051    -0.00008329
292    -0.01007770    -0.00013974    -0.01095095     0.00107239     0.00436772     0.00181854
293     0.00587967     0.00524281     0.00412902    -0.00029898    -0.00268915    -0.00119732
294    -0.00035489    -0.00243549     0.00451469    -0.00043302    -0.00205633    -0.00054998
295    -0.00801591     0.01504440     0.01182996     0.00228805     0.00090727     0.00002025
296    -0.00986178    -0.01130216    -0.00771825    -0.00131666    -0.00043500     0.00008605
297     0.01949472     0.00266451     0.00101195    -0.00097655    -0.00034156     0.00000009
298    -0.00271394    -0.00690776    -0.01794782    -0.00321663    -0.00414138     0.00059285
299     0.00364660    -0.00464640    -0.00673027     0.00172948     0.00283893    -0.00024551
300    -0.00821016     0.00827131     0.02829771     0.00179268     0.00206221    -0.00070550
301     0.00983120    -0.00786040     0.00844932     0.00149642     0.00092293    -0.00153341
302    -0.00741287    -0.00117296    -0.00007186    -0.00062386    -0.00041515     0.00062445
303    -0.00709378     0.00791645    -0.00763792    -0.00071231    -0.00054479     0.00088821
304    -0.00949928     0.00468141     0.01027447    -0.00150829    -0.00022186    -0.00179202
305     0.01583568    -0.00280248    -0.01220940     0.00069804     0.00018682     0.00098348
306    -0.00944392     0.00095261     0.00233019     0.00083233     0.00018689     0.00083990
307    -0.02070599     0.01285363    -0.01237764     0.00230067     0.00186299    -0.00000846
308     0.02018163    -0.01383530     0.00057035    -0.00118549    -0.00076286    -0.00000654
309     0.00316244    -0.00057958     0.01304171    -0.00108870    -0.00092798     0.00016615
310     0.00035805     0.00948679    -0.01138766    -0.00028842    -0.00216964    -0.00127216
311    -0.00271878    -0.01059859     0.00646363     0.00009790     0.00129609     0.00063339
312     0.00295735    -0.00136891     0.00788943     0.00019298     0.00096073     0.00051078
313     0.00966108     0.01658782     0.00018413    -0.00434560    -0.00137733     0.00192479
314     0.00442710    -0.00409467     0.00397098     0.00186861     0.00044585    -0.00065748
315    -0.01303468    -0.01201341    -0.00404456     0.00251579     0.00046918    -0.00134601
316     0.02243262     0.00917397    -0.01216353    -0.00056175    -0.00309119     0.00155860
317    -0.00194329     0.00040712     0.00475915     0.00036124     0.00159980    -0.00105783
318    -0.01580158    -0.00744707     0.01303037     0.00013019     0.00185581    -0.00079692
319     0.00755192     0.01287794     0.00578709     0.00275002    -0.00440412    -0.00328400
320    -0.01769793    -0.01097699     0.00132407    -0.00093047     0.00244732     0.00170064
321     0.00590076    -0.00042162    -0.00843221    -0.00119685     0.00167365     0.00172351
322    -0.01960432     0.00242370    -0.01414607    -0.00162185    -0.00127531     0.00038722
323     0.00693351    -0.00347165     0.00945821     0.00083600     0.00063337    -0.00030159
324     0.00965162    -0.00542446     0.00331224     0.00078328     0.00074547    -0.00017738
325     0.00179401     0.01034308    -0.02238977     0.00159169    -0.00064137    -0.00322058
326     0.00260810     0.00230055    -0.00028690    -0.00063764     0.00039377     0.00184522
327    -0.00833143    -0.01558079     0.02830314    -0.00064777     0.00014023     0.00137054
328     0.02568141    -0.00329474    -0.00686848    -0.00067442    -0.00094066     0.00254700
329    -0.01537870     0.00783972     0.00737317     0.00020224     0.00056663    -0.00131129
330    -0.01035887    -0.00659061     0.00369221     0.00036853     0.00050305    -0.00108904
331    -0.01784563     0.01626476     0.03195377    -0.00167260    -0.00130691     0.00100258
332     0.02210149    -0.00344357    -0.00583233     0.00090845     0.00083586    -0.00057826
333    -0.00189772    -0.00886480    -0.02163905     0.00079787     0.00057463    -0.00058716
334    -0.00934338    -0.00066726     0.00954758     0.00190672    -0.00176258     0.00129760
335     0.00979797     0.00122236    -0.00084335    -0.00083224     0.00090092    -0.00075946
336     0.00079851    -0.00134532    -0.00403453    -0.00098191     0.00104831    -0.00056146
337     0.00079370     0.00701091     0.00765395    -0.00043257     0.00087935     0.00275543
338    -0.00071822    -0.00657486    -0.00397999     0.00024180    -0.00048320    -0.00116735
339     0.00500698    -0.00014813    -0.00179845     0.00005235    -0.00046628    -0.00135916
340    -0.01633668    -0.01154201     0.00379831     0.00412248     0.00083569    -0.00211526
341     0.00279834     0.00173126    -0.00018464    -0.00193513    -0.00018217     0.00127173
342     0.00646340     0.00615013    -0.00694181    -0.00271639    -0.00036160     0.00105925
343     0.00767051    -0.01137778     0.01246564    -0.00298388     0.00701306    -0.00256492
344    -0.00446861     0.00883874    -0.01440396     0.00098253    -0.00259035     0.00120363
345    -0.00577534    -0.00274334     0.00211887     0.00088855    -0.00422585     0.00120594
346    -0.00586937    -0.00270321    -0.00183476    -0.00133057     0.00132083     0.00093405
347     0.00004547     0.00635183     0.00355944     0.00054399    -0.00063762    -0.00044534
348     0.00353270    -0.00634610    -0.00573591     0.00078125    -0.00081652    -0.00059099
349    -0.01405966     0.01017105    -0.01011707     0.00153979    -0.00192455    -0.00278993
350     0.01560969     0.00633988    -0.00034598    -0.00054036     0.00103430     0.00143844
351     0.00035930    -0.01122583     0.00711414    -0.00078353     0.00074223     0.00149566
352     0.02349115     0.00508900    -0.01033217    -0.00015273     0.00251981    -0.00101686
353    -0.02146738    -0.00578616     0.00463609    -0.00006172    -0.00119853     0.00045570
354     0.00152644     0.00644045     0.00626676     0.00015446    -0.00136616     0.00040207
355    -0.01333860    -0.00735261    -0.00471878    -0.00093582    -0.00259289     0.00058248
356     0.00155118     0.00078703    -0.00055247     0.00043433     0.00149720    -0.00019873
357     0.00513566     0.00300147     0.00638656     0.00042477     0.00135753    -0.00045627
358    -0.00876086    -0.00934716     0.00057408    -0.00219089     0.00041677     0.00280123
359    -0.00112880     0.00370570     0.00225340     0.00095566    -0.00001389    -0.00135584
360     0.01068751     0.00403479    -0.00071836     0.00109707    -0.00035938    -0.00171852
361     0.00922986     0.00166596    -0.01709239    -0.00170754    -0.00180490     0.00231512
362     0.00556766    -0.00547541     0.00631906     0.00115915     0.00117716    -0.00131049
363    -0.01187000     0.00151968     0.01234675     0.00089118     0.00070374    -0.00102755
364    -0.00632709     0.00889432    -0.00465983    -0.00075153     0.00055799    -0.00319316
365    -0.00055566    -0.00120959    -0.00152044     0.00037022    -0.00011841     0.00138738
366     0.00674002    -0.00946096     0.00776569     0.00038254    -0.00038236     0.00136510
367    -0.00439429    -0.00690168     0.01717019    -0.00099761     0.00197896    -0.00028539
368     0.00959893     0.00645977    -0.01812096     0.00057562    -0.00097095     0.00005876
369    -0.00551709    -0.00128205     0.00033064     0.00050559    -0.00089537     0.00021670
370    -0.01720357    -0.00182719    -0.00131107     0.00073411     0.00217848     0.00127449
371     0.00373390     0.00248630     0.00339951    -0.00043357    -0.00139503    -0.00073789
372     0.01122085     0.00195725    -0.00576539    -0.00023683    -0.00102819    -0.00067582
373     0.01003055     0.00136213    -0.01537102    -0.00233723    -0.00113474     0.00017161
374     0.00300390     0.00048679     0.00213717     0.00099873     0.00059013    -0.00012163
375    -0.01064785    -0.00021065     0.01357817     0.00132599     0.00072277     0.00001303
376     0.02145809    -0.00092101     0.01012398    -0.00060462    -0.00415306     0.00014617
377    -0.01257244    -0.00485680    -0.01409001     0.00009935     0.00218090    -0.00029736
378    -0.00039158     0.00423091    -0.00193376     0.00060856     0.00260508    -0.00005579
379     0.01018811    -0.01128156    -0.00535035     0.00308539    -0.00047453    -0.00291151
380    -0.01295314     0.00992352     0.00637499    -0.00132481     0.00033284     0.00112509
381     0.00519420     0.00159946    -0.00329632    -0.00133416     0.00032018     0.00165776
382     0.00659739     0.00085720    -0.00546938    -0.00032437     0.00192936     0.00012104
383     0.00023289    -0.00228413    -0.00434843     0.00021889    -0.00099831    -0.00014417
384    -0.00543900     0.00240307     0.00435684     0.00019887    -0.00110515     0.00000905
385     0.00274125    -0.00807945     0.00107006    -0.00055210     0.00019377     0.00208347
386    -0.00406829     0.01519327    -0.00847697     0.00020093    -0.00001917    -0.00101757
387     0.00126890    -0.01102623     0.00614788     0.00025924    -0.00019852    -0.00117701
388     0.01414176    -0.03230121     0.01282634     0.00301950    -0.00002376     0.00079324
389    -0.00126728     0.02220854     0.00056327    -0.00161978    -0.00017680    -0.00044760
390    -0.01025801     0.00302845    -0.01555531    -0.00124041     0.00002255    -0.00041876
391    -0.01257431    -0.00662672     0.01098392    -0.00080813     0.00343474    -0.00222184
392     0.01083482    -0.00498443    -0.00776561     0.00022955    -0.00155302     0.00126097
393     0.00063992     0.00701982    -0.00146000     0.00024252    -0.00159061     0.00082988
394    -0.00348539    -0.00736568     0.00816050     0.00155639     0.00411861    -0.00079175
395     0.00594293     0.00395500    -0.01106625    -0.00072679    -0.00168964     0.00051849
396    -0.00066741     0.00305261    -0.00269600    -0.00093518    -0.00190848     0.00015900
397    -0.01432942    -0.00040472    -0.01856400     0.00025020     0.00158981    -0.00444420
398     0.01130304     0.01003214    -0.00070767     0.00013264    -0.00057274     0.00207283
399     0.00101796    -0.00665507     0.01221364    -0.00018084    -0.00102525     0.00307661
400    -0.01655352     0.01928940     0.01849718    -0.00240695    -0.00057630     0.00065457
401     0.01256145     0.00025688    -0.00359349     0.00099137     0.00021932    -0.00026548
402     0.00425497    -0.01760439    -0.01386896     0.00121102     0.00041531    -0.00026791
403    -0.01465063     0.00984889     0.00080692     0.00318431    -0.01274174    -0.00185313
404     0.00797217    -0.00575847    -0.00013106    -0.00207525     0.00701166     0.00287586
405     0.00800022    -0.00148785    -0.00202873    -0.00260179     0.00550737     0.00004811
406     0.00275037     0.00661652    -0.00276492     0.00062747    -0.00412303     0.00123387
407    -0.00203538    -0.00329687    -0.00017555    -0.00056945     0.00220697    -0.00091233
408    -0.00097313    -0.00350538     0.00387936    -0.00043950     0.00187448    -0.00036814
409     0.02068137     0.00925837     0.02138262     0.00068517     0.00162719     0.00014372
410    -0.00680301    -0.00618934     0.00262229    -0.00031810    -0.00069616    -0.00003745
411    -0.01024706    -0.00084217    -0.02001887    -0.00033168    -0.00089852    -0.00001295
412    -0.00650305    -0.00590755     0.00540304    -0.00160350     0.00033323    -0.00146559
413     0.00837009     0.00522900    -0.00476836     0.00081857    -0.00010899     0.00063184
414     0.00048149    -0.00150566    -0.00035587     0.00078985    -0.00008655     0.00082079
415    -0.00805943    -0.01084453    -0.00797013     0.00086845    -0.00238253    -0.00053525
416     0.00294001    -0.00433603    -0.00723553    -0.00059017     0.00126800     0.00037118
417     0.00479454     0.01977389     0.01432643    -0.00033692     0.00100958     0.00029181
418     0.00189794    -0.01588531    -0.00517281    -0.00065843     0.00227394     0.00064534
419    -0.00352473     0.00998583     0.00529914     0.00039006    -0.00142913    -0.00035643
420     0.00301778     0.00440602    -0.00263005     0.00029959    -0.00108517    -0.00043584
421     0.01360615    -0.00783493     0.00534254     0.00003658     0.00188324     0.00146452
422     0.00092606    -0.00633408    -0.00036335     0.00001765    -0.00109484    -0.00093898
423    -0.00961557     0.01226029    -0.00235018     0.00006741    -0.00094597    -0.00064033
424    -0.02550183    -0.00450877     0.00282408    -0.00039436     0.00174245     0.00100047
425     0.01149714    -0.00180421     0.00012470     0.00020766    -0.00076034    -0.00040211
426     0.00821130     0.00244119     0.00146056     0.00029217    -0.00090073    -0.00058879
427     0.00039518     0.00023380     0.00136813    -0.00245415    -0.00537927    -0.00325678
428    -0.00160828    -0.00396784    -0.00386875     0.00105781     0.00192090     0.00130713
429     0.00257020     0.00397507     0.00204778     0.00141080     0.00285439     0.00249534
430    -0.00824973     0.01886038     0.00073171    -0.00163431     0.00115705     0.00470398
431    -0.00049334    -0.01341784    -0.01046047     0.00049783    -0.00054402    -0.00189669
432     0.00660901    -0.01288319     0.00467202     0.00079113    -0.00020780    -0.00250235
433     0.02643356     0.00440761    -0.00106402    -0.00072248     0.00089470    -0.00207326
434     0.00007395    -0.00368183     0.00009495     0.00030731    -0.00054143     0.00097861
435    -0.02865619    -0.00006362     0.00112419     0.00044956    -0.00042493     0.00095461
436    -0.00855257     0.03244968    -0.01627327    -0.00329485    -0.00237491    -0.00047607
437     0.00247971     0.00409320     0.00523196     0.00171264     0.00154372     0.00010912
438     0.00265834    -0.03257150     0.00850420     0.00211587     0.00117836     0.00034869
439     0.01585263     0.00192003    -0.00713053     0.00027689     0.00115072     0.00232558
440    -0.00004897    -0.00841288    -0.00225608    -0.00010365    -0.00058334    -0.00097526
441    -0.01971713     0.00323342     0.00613796    -0.00029674    -0.00061279    -0.00121531
442     0.00945462    -0.00228241     0.00341474     0.00159882    -0.00147914    -0.00145599
443    -0.01346301     0.00275638    -0.00507366    -0.00079059     0.00079261     0.00091130
444     0.00620844     0.00397064     0.00151556    -0.00091040     0.00064700     0.00073034
445    -0.02413918    -0.00223113     0.04002542     0.00800323    -0.00146718    -0.00715784
446     0.01849343    -0.00535305    -0.01265084    -0.00267181     0.00052113     0.00250869
447     0.00789647     0.00701744    -0.02290758    -0.00464324     0.00160469     0.00286090
448    -0.01803782    -0.01087777    -0.00956193    -0.00153870     0.00218096    -0.00228947
449     0.01741305     0.01248650     0.02180010     0.00071455    -0.00136722     0.00117652
450     0.00031371     0.00162495    -0.01462105     0.00055986    -0.00091756     0.00108892
451    -0.01340866     0.00779164    -0.00733921    -0.00158740    -0.00086448     0.00153996
452    -0.00024470    -0.00106382    -0.00034211     0.00069261     0.00033664    -0.00077752
453     0.01555292    -0.00900322     0.00819540     0.00087377     0.00036085    -0.00070279
454     0.03289584    -0.00410257     0.00241014     0.00017221     0.00200787     0.00012620
455    -0.00888877    -0.00280749    -0.00944400    -0.00009927    -0.00089801    -0.00012283
456    -0.02199838     0.00769789     0.00514542     0.00000757    -0.00099786    -0.00005339
457     0.00889952    -0.01381427    -0.00052685     0.00289645     0.00094158     0.00088048
458    -0.00070298     0.00168914    -0.00168554    -0.00131177    -0.00044866    -0.00025793
459    -0.01459596     0.01853694     0.00276389    -0.00150130    -0.00068798    -0.00052166
460     0.00728185    -0.01245862    -0.00016076     0.00100436     0.00015108    -0.00225124
461    -0.00197592     0.01024650     0.00156416    -0.00045279    -0.00019183     0.00119080
462     0.00099555     0.00440737    -0.00095274    -0.00063133    -0.00010630     0.00109265
463     0.00488503    -0.00961090    -0.00107426    -0.00204758     0.00020662     0.00148936
464    -0.00425975     0.00426799    -0.00208989     0.00117183    -0.00020105    -0.00071819
465     0.00050287     0.00042274     0.00604224     0.00108122    -0.00013044    -0.00094725
466    -0.00237172    -0.00958370     0.00068995    -0.00214668     0.00063048    -0.00075655
467    -0.00118659    -0.00213570    -0.00206168     0.00108954    -0.00035941     0.00026561
468     0.00245372     0.00937072     0.00098191     0.00109895    -0.00019498     0.00036732
469     0.01239892    -0.02664173    -0.02131531    -0.00572787     0.00116648    -0.00196154
470     0.00074711     0.00434975     0.00512825     0.00238350    -0.00069865     0.00120427
471    -0.01111711     0.02070710     0.01509036     0.00269493    -0.00079596     0.00055590
472    -0.00109658    -0.01267979    -0.01053460    -0.00130488     0.00034683    -0.00069940
473    -0.00435031     0.00640554    -0.00123006     0.00065772    -0.00011911     0.00038332
474     0.00595434     0.00664772     0.01424581     0.00076830    -0.00021041     0.00036902
475    -0.01470014     0.01876703    -0.00569601    -0.00210780     0.00003313    -0.00058145
476     0.01364949    -0.01862346     0.00566346     0.00117689     0.00008455     0.00031394
477    -0.00174911     0.00202022    -0.00177047     0.00097849    -0.00002391     0.00018405
478    -0.01998513    -0.00742912     0.00298415     0.00046429    -0.00014786    -0.00181873
479     0.00522544     0.00875183     0.00872748    -0.00032408     0.00003636     0.00097461
480     0.00781723    -0.00256517    -0.01233822    -0.00021671     0.00007120     0.00076841
481    -0.02072880     0.00009444     0.00013160     0.00180657    -0.00358268     0.00250451
482     0.00245403     0.00092684     0.00966510    -0.00078863     0.00135222    -0.00116057
483     0.01385947    -0.00389742    -0.00869431    -0.00113954     0.00180283    -0.00100865
484     0.02512183    -0.03408094    -0.02448168     0.00192739     0.00294762     0.00022251
485     0.00069269     0.01647302     0.01942132    -0.00078284    -0.00126868    -0.00021939
486    -0.02492751     0.01235022     0.00083158    -0.00108790    -0.00128170    -0.00007228
487     0.00936407     0.01465139    -0.02031599    -0.00297986    -0.00886137    -0.00034995
488     0.00564197    -0.00227369     0.01817115     0.00154759     0.00385019     0.00099193
489    -0.00801381    -0.01050897    -0.00116314     0.00072300     0.00566240     0.00032339
490     0.01214363    -0.00303335     0.00504599    -0.00362217     0.00104945     0.00026378
491    -0.00442249    -0.00187277    -0.00071742     0.00146775    -0.00048375    -0.00002057
492    -0.00930179     0.00269212    -0.00497984     0.00183684    -0.00027963    -0.00014270
493     0.01097440    -0.00649793     0.02829068     0.00172841    -0.00104709     0.00244475
494    -0.01114126    -0.00374023    -0.01189626    -0.00079610     0.00034135    -0.00106210
495     0.00344511     0.01161271    -0.01450738    -0.00117450     0.00061494    -0.00140468
496    -0.01048233     0.00042000    -0.00943901    -0.00143655     0.00125509     0.00038721
497     0.00706648    -0.00011608     0.01237999     0.00071304    -0.00065472    -0.00028710
498     0.00244318    -0.00287252     0.00328964     0.00073660    -0.00073655    -0.00014841
499    -0.00843208    -0.02864386    -0.03181750     0.01170495     0.01441181    -0.00110279
500     0.01917715     0.02263206     0.02269834    -0.00391799    -0.00476603    -0.00048456
501    -0.01400411     0.00636280     0.01475431    -0.00536033    -0.00979398    -0.00127352
502    -0.01258963    -0.01388712    -0.00688125    -0.00333671    -0.00569380    -0.00919326
503     0.00503836     0.00431566     0.00285544     0.00314034     0.00245888     0.00516251
504     0.00507159     0.00592603     0.00154202     0.00067484     0.00379880     0.00598834
505     0.01050211    -0.00770068     0.00681579    -0.00149601    -0.00198876     0.00035562
506     0.00284963     0.00363815    -0.00337179     0.00095928     0.00122416    -0.00019668
507    -0.00836249     0.00615657    -0.00484658     0.00062724     0.00104344    -0.00021244
508    -0.00436563    -0.00705332    -0.02603271     0.00033971    -0.00138560     0.00159592
509     0.01106120     0.00571097     0.03666502    -0.00016185     0.00084026    -0.00080188
510    -0.00505101     0.00273634    -0.01340476    -0.00014571     0.00058499    -0.00065725
511     0.00767541     0.00750772     0.00865919     0.00007950    -0.00316350    -0.00085691
512     0.00707541    -0.00806431    -0.00331768     0.00008454     0.00181335     0.00032101
513    -0.01484695    -0.00030603    -0.00411650    -0.00021647     0.00153513     0.00034522
514    -0.00317744    -0.00872952     0.00124074     0.00422806     0.00066225     0.00790692
515     0.00717413     0.00494548    -0.00368818    -0.00277249    -0.00080831    -0.00352525
516    -0.00712375     0.00321096     0.00450838    -0.00194776    -0.00092119    -0.00544406
517    -0.01654732    -0.00225999    -0.02958878    -0.00129729    -0.00051630    -0.00564035
518    -0.00230458    -0.00826799     0.00510824     0.00052624    -0.00003727     0.00227344
519     0.01213857     0.00835478     0.02187990     0.00067763    -0.00001302     0.00377270
520    -0.01828000    -0.00913397     0.00304986    -0.00254271     0.00370732     0.00078926
521     0.01703716     0.00965743    -0.00288165     0.00100407    -0.00201256    -0.00032420
522     0.00460728    -0.00215381    -0.00443041     0.00182885    -0.00239797    -0.00056381
523    -0.00697981    -0.00196357     0.01112908     0.00172028     0.00405190     0.00498456
524     0.00024718     0.00025418    -0.00635791    -0.00138668    -0.00249715    -0.00238539
525     0.00879225    -0.00098663    -0.00593876    -0.00061803    -0.00238461    -0.00345412
526    -0.00066237    -0.00606734     0.00102952     0.00086848    -0.00538815     0.00583103
527    -0.01083061     0.00841882     0.00228563    -0.00074761     0.00236962    -0.00213744
528     0.01148210     0.00370271    -0.00435973     0.00011780     0.00218463    -0.00235764
529    -0.01871789     0.00553010     0.01565374     0.00054188     0.00201434    -0.00079798
530     0.00067890     0.00278884    -0.01447358    -0.00021614    -0.00088474     0.00043035
531     0.01121156    -0.00872924    -0.00292239    -0.00040017    -0.00105738     0.00044943
532    -0.02660953     0.00104362     0.00454758     0.00709139     0.00001789    -0.00065896
533     0.02966250    -0.00135763    -0.00394008    -0.00524132     0.00003229     0.00023638
534     0.00049627     0.00361180    -0.00347764    -0.00303617     0.00039906     0.00004766
535    -0.00214225     0.00046701    -0.00607861     0.00109659    -0.00164794     0.00586003
536    -0.00003902    -0.00748871     0.00317270    -0.00063259     0.00152594    -0.00333491
537     0.00539234     0.00539995     0.00129493    -0.00100466     0.00053393    -0.00345267
538     0.03208986     0.00192321    -0.00862016    -0.00329336    -0.00131193    -0.00240622
539    -0.03642682    -0.00314850     0.01777972     0.00161431     0.00074055     0.00159492
540     0.00163780    -0.00418915    -0.00924591     0.00220635     0.00071906     0.00128376
541    -0.02590854     0.02428475    -0.03075287     0.01064214    -0.01394759     0.01388605
542     0.01905122    -0.01145050     0.01120025    -0.00391445     0.00937290    -0.00881867
543     0.00260224    -0.01625543     0.01855493    -0.00209662     0.00504354    -0.00540104
544    -0.00157840    -0.00555910     0.00972308     0.00697001    -0.01225888    -0.01803025
545    -0.00000947     0.00602187     0.00095539    -0.00393903     0.00655710     0.01166452
546     0.00695967    -0.00124296    -0.00736605    -0.00423382     0.00298536     0.00669096
547     0.02225077    -0.01508658    -0.02099094    -0.00132688     0.00711274     0.00351282
548    -0.01242446    -0.00058291     0.01208463     0.00096839    -0.00310266    -0.00226131
549    -0.00445434     0.01544713     0.01186388     0.00087382    -0.00535616    -0.00222403
550    -0.00431105     0.00190118    -0.01111089    -0.00157560     0.00082521     0.00095585
551     0.00284522    -0.00349147     0.01147822     0.00076079    -0.00037824    -0.00056285
552     0.00442676     0.00745496     0.00084879     0.00074370    -0.00049671    -0.00046577
553    -0.00713820     0.00794063     0.02579601     0.00053777     0.00188083    -0.00022908
554    -0.00635576    -0.00412797    -0.01573219    -0.00027901    -0.00100272     0.00021457
555     0.00849039    -0.00064345    -0.00946779    -0.00019618    -0.00098591     0.00006809
556     0.00375559    -0.00544649     0.00572904    -0.00193559     0.00097155    -0.00132665
557    -0.00541081    -0.00281126     0.00110971     0.00090191    -0.00036845     0.00070920
558     0.00266478     0.00214600    -0.00902655     0.00104291    -0.00043578     0.00056005
559    -0.00714815    -0.00859047     0.00738513    -0.00094060     0.00176298     0.00143811
560     0.00331783     0.00965084    -0.00032913     0.00065349    -0.00103196    -0.00082923
561     0.00583644     0.00500002    -0.00340240     0.00045894    -0.00072534    -0.00071308
562     0.01684295    -0.00081878     0.00114324     0.00066988     0.00081616    -0.00247416
563    -0.00817233    -0.00041497    -0.00506863    -0.00021080    -0.00032095     0.00110876
564    -0.00945073     0.00197784     0.00703891    -0.00033473    -0.00048914     0.00155331
565    -0.01620896     0.00436880    -0.00315481    -0.00126222    -0.00112204     0.00506738
566     0.00542348    -0.00259584     0.00505578     0.00023649     0.00067145    -0.00274967
567     0.00733205     0.00367932    -0.00488811     0.00052568     0.00053781    -0.00191341
568     0.00119267     0.01713362    -0.00204386     0.00166750     0.00032640    -0.00198621
569    -0.00100263    -0.01011553     0.00911361    -0.00105055    -0.00011057     0.00110958
570    -0.00138447    -0.00636346    -0.00664405    -0.00083984    -0.00028418     0.00091725
