 Number of water molecules:
         190

 Atomic and electronic energies:
    -3.23878580    -0.11382514

 Atomic coordinates:
  1    -9.44757850    14.37469240    -8.92596839
  2   -11.13545561    14.86889981    -8.15215967
  3    -9.51399274    12.48175724    -8.94040898
  4     7.39891475     5.24912425    12.12547466
  5     8.53180558     6.73830259    11.76312374
  6     6.18612027     5.13953418    10.58888181
  7    -6.81420459     7.81335010     7.08566849
  8    -5.52985692     6.43179202     7.44017433
  9    -6.76522611     8.21502100     5.12779774
 10    15.42574857    -7.47603079    -8.87498527
 11    17.12701116    -6.91907261    -9.45330704
 12    15.32887900    -7.25928936    -6.97473638
 13     1.03266452     7.50434954    10.65400067
 14     1.52429974     6.81322232    12.43158900
 15     2.26013236     6.77671577     9.32003036
 16    -9.61790823     9.41449265    -8.77583658
 17   -10.72960237     7.91220909    -9.30950255
 18    -7.87971458     8.89936490    -9.37803024
 19     2.42276525     1.72070248   -19.46203228
 20     2.07714152    -0.10656580   -18.99909408
 21     0.75440314     2.62081259   -19.40454511
 22   -17.30390054     9.02813940     1.46667872
 23   -15.79551030     9.75573109     2.48775852
 24   -18.46856055    10.48199999     1.11827985
 25     8.79097262     6.61718198   -13.14535893
 26     7.92783844     5.55394874   -14.49863231
 27     7.74656787     6.43258871   -11.54516816
 28    -5.09795876   -11.56900137   -10.08038608
 29    -5.21880480    -9.73292922   -10.65380523
 30    -6.69178782   -11.88739486    -9.08491728
 31   -12.72612129     2.46667122     6.22329133
 32   -13.17529847     4.18192550     6.92857460
 33   -12.32630891     2.64606234     4.33667348
 34    -1.68238568     9.36346850   -13.80384969
 35    -0.09091028     8.72185248   -12.86566251
 36    -1.62768427    11.25159962   -13.54073434
 37     6.75513695     6.14620355    -8.48531058
 38     8.35360618     6.69138922    -7.57595408
 39     6.20304791     4.45844050    -7.71156366
 40     3.15819055    -5.43511578   -13.47128729
 41     1.64000430    -4.63404766   -12.63508657
 42     3.09614040    -7.26646314   -13.01786977
 43    -3.75249043     4.34726232     1.00722124
 44    -3.50867981     4.80994347    -0.84276477
 45    -5.18528701     3.03396234     1.13567631
 46     8.27231637     0.46571172    12.81391159
 47     7.57336256    -0.24888391    11.22491083
 48     8.01513590     2.38889371    12.72613528
 49     2.90325189     6.91342457    -1.98064990
 50     4.10191441     5.49182258    -1.53058778
 51     4.04105876     8.39435381    -2.32108509
 52     6.00320514    -6.61386854    14.69328894
 53     7.75129082    -6.92276006    13.90918320
 54     4.87813006    -5.88572473    13.28218311
 55   -14.36261157   -10.31036657    -6.32032054
 56   -15.50445344   -11.82434627    -5.90091753
 57   -12.71153962   -11.03124776    -6.75939471
 58    -9.23588744     4.31116247    13.82425304
 59    -8.28931612     4.05546501    15.47111977
 60    -9.10703370     2.61153888    12.89921641
 61    10.65969800    -3.84499824     8.05361815
 62     8.95776816    -2.97293355     8.34699312
 63    11.99740652    -2.47101848     8.02357101
 64   -14.02103717    -5.60243305     9.43653087
 65   -14.38443155    -5.77374904     7.55120341
 66   -13.89108717    -3.75975379     9.91291011
 67     9.83602683   -13.24723307     3.21001136
 68     9.14020721   -14.69754429     2.06382558
 69     9.99881166   -11.75106181     2.02837168
 70     1.37689971     0.44759325    -8.25937147
 71     2.82943709     0.87732457    -7.04184949
 72    -0.15708456     1.22667051    -7.36805243
 73     0.94122917     2.09376530     1.58514499
 74     1.17065662     0.37104039     0.73874931
 75    -1.00419432     2.47711110     1.52133680
 76    -0.85336864   -13.14671627   -12.38942920
 77    -2.61770293   -12.58928226   -11.82299437
 78    -0.32821504   -14.56549190   -11.24763345
 79    -2.61239253    -2.48290500    -3.73603360
 80    -0.88880994    -2.37377775    -2.87811380
 81    -2.83053632    -0.75792718    -4.43248469
 82     1.62333080     0.75487769     6.69199722
 83     1.54309286     1.08568788     4.81019792
 84    -0.03149861    -0.19606809     6.99601022
 85    -5.22248826    -3.62821360     0.70719661
 86    -5.99864020    -1.88870872     1.03276272
 87    -4.18388449    -3.34233495    -0.90633193
 88    -0.97199492    11.23226141     1.71656770
 89    -0.55844207     9.79105355     2.94575252
 90     0.78211525    11.95535504     1.22761388
 91   -15.69485879     9.11597809    -5.04944793
 92   -16.47598178     7.73332216    -3.94807673
 93   -16.39962101     8.91211219    -6.80787138
 94     2.46566953   -12.15413959    -6.53611255
 95     0.69530246   -11.52373670    -6.33561820
 96     2.50598461   -13.99433311    -5.84256941
 97    -2.01899938    14.23580007    -2.16304618
 98    -1.87047314    12.86745630    -0.78253579
 99    -3.89387360    14.59899975    -2.38295763
100    -7.25491290    -1.16320016     6.58435163
101    -7.53776061    -0.88885274     8.45582203
102    -5.39230898    -1.70679393     6.40931441
103    -2.79274440     7.82497280    16.54698860
104    -1.27420473     8.97179903    16.55891501
105    -4.22578492     8.67515175    15.64333148
106    -6.45968977     4.14428413    17.92422256
107    -4.95621386     5.35143518    17.98454718
108    -5.91784324     2.45329306    18.60711767
109   -14.45742587    -2.84356395     0.62118620
110   -14.45222899    -3.95492240     2.16898841
111   -14.40674022    -4.09472958    -0.82148702
112     3.70207383   -16.31119208     9.80174117
113     2.10314899   -16.25069438     8.70378437
114     4.95410608   -15.27559695     8.88360015
115    -7.33428953     3.50285672    -8.00768301
116    -9.09047016     4.08975214    -8.39693795
117    -6.22270646     4.71606126    -9.03542396
118     8.57451872   -11.86605146    11.39907738
119     7.34425563   -12.36558115    12.77079320
120     9.29757807   -10.14096569    11.94760617
121   -13.42145732    -6.39735767   -10.43923953
122   -14.32114114    -7.62483747    -9.27366199
123   -11.58244834    -6.34894358    -9.79811961
124   -18.43043921     0.14350573     0.00488285
125   -16.90345066    -0.99700385     0.14383027
126   -18.79545972     0.36875528     1.90048183
127    10.60195311    14.01803958     4.94535948
128     9.19727010    14.05047235     6.29417169
129    10.32308879    15.55042135     3.79870248
130    -9.29384088   -11.19152121    -6.91189391
131    -9.24092349    -9.39891798    -7.52407374
132    -9.40757919   -11.03004889    -5.03027182
133    12.06466940     5.33015379    -7.69403611
134    12.23084338     3.60037066    -6.92998909
135    12.58004168     5.23016942    -9.52511048
136    -5.82088758    -8.63736051     5.48410245
137    -7.34480381    -7.55687103     5.00537380
138    -4.27430084    -7.72055123     4.68698498
139    -4.73321813    -6.25002781   -10.90073669
140    -5.10824008    -5.83317779   -12.74153867
141    -3.17420900    -5.24086095   -10.44342645
142    -7.57536210     9.15177599    14.73502793
143    -8.03858907     7.38189700    14.08791632
144    -8.82862842     9.46151172    16.15030023
145    -5.65079086   -11.54903246    15.36089506
146    -7.39509574   -11.93558263    16.06885592
147    -5.82003054   -11.33335616    13.39894656
148    -5.91761454    17.13878107   -11.85273074
149    -7.02220826    17.86906353   -13.10850095
150    -7.13981450    16.18411590   -10.64450271
151    -9.26417291     4.79767246   -15.56908951
152   -10.03241085     3.27328591   -14.68826872
153   -10.58657639     6.13909958   -15.61627978
154     1.86867337    10.92157167    16.18574470
155     2.60692144    12.34367484    17.20751383
156     1.98039201    11.51674851    14.29752683
157     8.01227691    -8.05626755     1.60622436
158     9.49979160    -7.89042616     2.79736082
159     6.56960922    -7.13549953     2.47656383
160    13.33906334     0.73626789     7.84646427
161    11.80568754     1.44144696     6.86373438
162    14.79120539     1.33976325     6.75401009
163    -5.81760568    -5.87448459   -15.74049234
164    -4.76180175    -4.77249850   -16.96927666
165    -5.25612963    -7.61323442   -16.17584315
166    12.11156561    -2.44261669    14.81946328
167    12.09258524    -2.02216959    16.66286035
168    10.54255130    -1.70836842    13.94783107
169   -16.03598134    -1.63615442   -10.53869690
170   -15.31267125    -3.42182263   -10.83057043
171   -16.82251501    -1.70171618    -8.78523850
172    -1.74356364    13.94886066   -11.74567445
173    -1.38301922    14.24222776    -9.89921905
174    -3.32950589    15.06498438   -12.12881938
175   -17.71076708     0.89693831     5.14657740
176   -18.29739316     2.59023225     5.90177551
177   -15.86223546     0.68523504     5.50806911
178   -18.08345468     6.01413676     6.21899106
179   -16.84769783     6.51998065     7.63241744
180   -17.77401611     7.22768425     4.73409114
181     3.36264700   -10.63942397   -13.61212409
182     4.24210090   -11.89721700   -14.65527342
183     1.90954101   -11.60743768   -12.80549749
184    -2.71345328     4.86009829     8.31730997
185    -1.40906549     5.84301107     9.39435713
186    -2.83952666     3.19045887     9.25966453
187     2.21745828     7.45752588   -10.83730363
188     3.81897435     7.40327885    -9.78835978
189     2.26326128     5.73743520   -11.68279698
190   -16.56304047     4.94377832    -1.45337767
191   -16.99250900     6.53665613    -0.28468918
192   -17.58930621     3.46029419    -0.75030270
193    -2.80117465     2.37755831    -5.96792837
194    -2.36561861     3.92589662    -4.85986401
195    -4.53744222     2.75528000    -6.74651178
196    11.10575256    11.23976476   -12.10173747
197    10.12711975     9.66105904   -12.35194253
198    10.98095590    12.37608135   -13.67095365
199    15.23137994     6.79420383    13.11366615
200    15.12604696     4.87345288    13.21006956
201    13.83206484     7.38543806    14.32724710
202    -1.01357986   -10.90513513    10.27347333
203    -2.87111332   -10.63837455    10.63595048
204    -0.22708815   -10.40110251    11.93254870
205     7.92056801     5.92165546     3.60716985
206     7.04691820     7.63186966     3.54456525
207     9.76348239     6.43066281     3.88357085
208     9.65706770    -7.16945891    -3.20732113
209     8.57225313    -8.26071773    -4.29972950
210     9.00430817    -7.29451578    -1.41653481
211    14.84710717     9.34489515     8.71392739
212    14.98877023     8.38182164    10.38204224
213    15.56585554    11.00854244     8.89071837
214     7.57203232    -2.10285042     1.01990784
215     6.56164604    -0.67678795     0.22293711
216     6.29392559    -3.42444727     1.65894887
217    16.80150930     1.03193941    -2.65199009
218    15.73105398     1.05509092    -4.22512505
219    15.98830013    -0.21476121    -1.38740778
220     9.73355582     9.44971426    10.55862114
221    11.29552310     9.23240307     9.51479482
222     8.69805053    10.88021689     9.78281645
223    -1.86005065    -6.53231658     3.07258453
224    -2.97355316    -5.13116169     2.30179404
225    -1.34926657    -7.59762173     1.60301849
226     9.63757140   -14.32064932    -6.10017209
227     8.55187478   -12.72160054    -5.90241155
228    10.97220520   -13.86167491    -7.34212198
229   -11.25722097    11.11632223    -4.15865841
230   -13.05737726    10.52303320    -4.23442183
231   -10.47913450    10.33817077    -5.70496777
232    14.76266542    -6.89749519    -4.08113013
233    12.89124459    -7.07922407    -3.77359007
234    15.45914157    -6.37759733    -2.34322023
235    -9.61328755    12.08479238     0.59818500
236   -10.23402600    11.58704938    -1.19829895
237    -8.26546317    10.83021479     1.17897480
238    12.22885136    -7.62791792     4.64952366
239    11.81086183    -6.19330780     5.87352187
240    12.46152794    -9.16402176     5.84533889
241    10.10681938    11.87537227    -6.98330719
242    11.65411199    11.07907455    -6.18861099
243    10.56342122    11.93790418    -8.86237971
244    14.39137502     9.40433161    -5.36797002
245    15.82547968     9.82900489    -6.51711611
246    13.48604757     7.85194730    -6.05271155
247     5.60120564     1.53782378    -5.53076385
248     6.72822547    -0.00116666    -5.81747548
249     5.62642227     2.04924603    -3.70981764
250     7.32330696   -17.38450471     1.28629994
251     7.16515683   -17.62839778    -0.61354288
252     7.61322094   -19.09678178     2.07624723
253    -6.03348830    -3.73842858    15.09492154
254    -4.97668342    -5.36048671    14.95443542
255    -5.19942527    -2.65719689    16.46842013
256    14.65949285     1.70443647    12.68899110
257    13.95990309     0.16815162    13.52833439
258    14.24435065     1.56315436    10.80523149
259    13.15922169     6.94806306     4.50689535
260    13.89512243     7.95808823     5.97283802
261    13.86362834     7.60193682     2.82717887
262    -7.38795268     0.83336578     1.82494194
263    -7.51351790     0.30945560     3.63028932
264    -9.21978614     1.18918620     1.31805247
265     1.86394429   -10.25282844    14.52151732
266     3.31291769    -9.04988031    14.86928754
267     2.82241871   -11.95032682    14.72009166
268    -2.90438886    -3.12668419   -18.89923777
269    -3.23904814    -2.58500494   -20.68843440
270    -0.98349249    -3.29375782   -18.69544043
271    14.94499139    -5.56623991     0.87779368
272    15.95990505    -4.32121369     1.90775686
273    13.93785645    -6.45385380     2.26312094
274   -14.05566713    -5.74116855    -3.89474800
275   -12.12224715    -5.76888215    -3.77468838
276   -14.53596143    -7.46926000    -4.63296972
277    -8.91979247    -4.81318136    -2.78299236
278    -7.90384748    -4.73321391    -1.14185318
279    -8.94951542    -3.00054572    -3.31366422
280     1.99467510    -3.25957137   -18.24451008
281     3.64435162    -3.52641191   -19.24963674
282     2.35509606    -4.27854998   -16.62140431
283    -2.31506819    -2.93172850     6.80056609
284    -1.80195662    -4.31328318     5.52418760
285    -1.99373074    -3.62196778     8.59152377
286     9.17534405     1.13749749     4.79586009
287     8.90407317     2.84343467     4.04813418
288     8.72244528    -0.16843016     3.39246016
289     3.73171885    12.87483706     0.79537452
290     4.75134193    12.41140175    -0.76975679
291     3.64678934    14.81776075     0.85096868
292     4.77028570     9.83235137     4.65330354
293     3.22637192     8.66735754     4.69301333
294     4.41362798    11.11549762     3.23142926
295    18.60270499     4.85123983     0.20589796
296    18.23866310     3.36477020    -0.98267335
297    20.45635105     5.03846447     0.16488809
298    -5.92068090   -11.82558324     1.24507001
299    -4.20288886   -11.41871578     0.62777392
300    -5.94096553   -10.99325694     2.94175953
301    13.69973358     5.32742161   -12.41264606
302    14.88534333     6.81849142   -12.52720398
303    11.96016331     5.96971400   -12.84742885
304   -10.47296391    -3.43838069   -14.42971333
305    -8.89515713    -4.25770276   -15.04657977
306   -11.51141927    -4.73174789   -13.48006045
307    14.89379588     8.60779707    -0.20262879
308    16.22398124     7.28963341    -0.03027022
309    14.90379467     9.16667759    -2.03369745
310    -0.20171588   -17.17800532    -9.01520612
311     0.63180953   -17.01458379    -7.29051325
312    -1.82267669   -18.04596759    -8.63360044
313    -9.59041814    -5.54119523     4.67798549
314   -11.53414535    -5.52059845     4.85558299
315    -8.95163932    -3.83439855     5.09605318
316    -0.50052831   -15.08156330     6.79929489
317    -1.00105005   -13.56195759     7.85373175
318     0.57450756   -14.50210496     5.28553925
319     6.80407969    -9.92196659    -6.22978697
320     5.03857356   -10.74905024    -6.40888564
321     7.34689450    -9.63707838    -8.06233860
322   -13.52221560   -13.79638559     3.51841043
323   -13.20449628   -13.38159723     5.35637314
324   -12.26940743   -15.11928028     3.00627471
325     8.04146768    -4.52351347   -13.10726388
326     6.15560052    -4.94554518   -13.19781276
327     8.42057840    -3.36050297   -14.68635251
328    -2.42188744    -7.73074267    15.37818334
329    -0.79365510    -8.72133706    15.42913058
330    -3.73305900    -9.07043032    15.62911553
331   -11.26855054   -12.22405311     7.83204399
332    -9.60396719   -11.73616099     7.15571327
333   -11.39473590   -11.28764415     9.54137862
334    12.61429491   -11.96906004     7.38627419
335    11.91604954   -12.66400699     9.05639949
336    11.85607037   -12.84305916     5.85941987
337    -0.58014368     3.14482582    15.71747608
338    -1.55756518     4.82940623    15.88862827
339     1.29243542     3.74976601    15.66191934
340    12.94589668     0.44848577    -6.04887435
341    12.65741727    -0.70101754    -7.54644015
342    12.39031526    -0.53866506    -4.52887751
343    -2.12690575     6.77959782    -3.26093679
344    -1.89261922     7.90215540    -4.80391096
345    -0.34626513     6.88527680    -2.45392581
346   -10.89474704    10.39696458     8.70433197
347   -10.25463756    12.01872118     9.33965714
348    -9.40164671     9.33075764     8.19597970
349     7.89992298    -9.40764316   -11.13586664
350     6.36177191   -10.05851724   -12.07729045
351     8.15387874    -7.62104685   -11.73957088
352     0.70167803    14.07012873    -6.60679945
353     2.50513035    14.74043496    -6.39662541
354    -0.18251517    14.31461420    -4.88913266
355    -3.97901768   -17.63332214     3.53120744
356    -2.95514295   -17.26536359     1.96075658
357    -2.92475886   -17.20410070     5.09502868
358    -7.40255056    -0.29183942    11.63453067
359    -7.35495119    -1.63125028    13.02277218
360    -5.62059670     0.39991604    11.60121442
361    -6.15405110   -10.04780256    10.50331604
362    -6.03842567    -9.46687037     8.64229032
363    -8.00053069    -9.52267170    11.07197577
364    -1.80423451     0.89370778   -14.96436005
365    -2.58359271    -0.21732885   -16.28872416
366    -2.57146502     2.65454475   -15.21259659
367    -6.82950200    15.19007137    -2.77189004
368    -7.84522011    14.74270659    -1.12611329
369    -7.90714036    14.80710218    -4.27811005
370     6.67466548    12.99962415     8.37570693
371     6.19974078    11.74164034     7.03434581
372     5.33408199    12.93674557     9.76466800
373   -14.19225502    -9.47663630     1.02293446
374   -14.10939411   -11.19258138     1.92918172
375   -12.64142206    -9.52726489    -0.19403882
376    -0.14528399   -15.63952648     0.06248738
377     1.24772171   -15.41376884     1.34044299
378    -0.91934292   -13.89145086    -0.29089479
379    11.73361948    -3.25955273    -9.61374475
380    12.74701555    -4.88149376    -9.43740869
381    10.35766163    -3.62195236   -10.93598188
382    -1.44543089    18.43839016     0.99097315
383    -2.31913737    17.45501503     2.42388393
384    -2.14164787    17.64198550    -0.59512378
385    -3.36191074    -0.33158690    18.33091949
386    -2.20904892    -1.49056343    19.27167384
387    -2.22029032     0.87157999    17.38798555
388    17.36955290    -2.21523828     3.94221245
389    16.82446910    -0.38025745     4.19338012
390    18.17153919    -2.84580080     5.59395125
391    -1.23200306     9.55297823    -7.42401478
392    -0.12610136     9.08753010    -8.90978388
393    -0.49151164    11.23776469    -6.81367167
394     6.62252907    10.48181725    -2.79037704
395     7.37494365    10.97753830    -4.47046401
396     8.16710916    10.54379233    -1.60506894
397     2.31178020     2.72645826   -12.70302441
398     0.87370410     1.85146404   -13.74785658
399     2.02737395     1.99816046   -10.92574438
400   -15.17523892    -6.02299437     4.56162624
401   -16.88861745    -6.56757638     5.12025087
402   -14.66952626    -7.43247829     3.34662554
403     3.63531739    -9.15310042    -1.30270233
404     3.70642975    -7.85055866    -2.70768717
405     5.16891819    -8.90697023    -0.28714925
406     3.74787761   -14.52385438     3.48098220
407     4.67089474   -13.35753120     4.64876096
408     5.13288504   -15.62937978     2.83777659
409     9.91441516    17.79966385     1.69793030
410    10.58594224    19.57148725     1.87984863
411     9.23650993    17.68755808    -0.12018083
412   -12.23030178     1.06725190   -12.84329947
413   -13.81405303     0.16416461   -12.21474829
414   -11.25381388    -0.37482280   -13.57875491
415     7.47648992   -18.09716214    -3.96229169
416     8.44375851   -16.44981194    -4.36510243
417     7.92564194   -19.22152384    -5.48865445
418    -3.17933561    15.12580347     4.78586423
419    -2.51270192    13.57178351     3.88039823
420    -2.76858582    14.92672482     6.65957668
421     2.28886070    12.43625180    11.27095464
422     1.82804414    10.65528135    10.75765130
423     0.85459356    13.50790806    10.54050863
424    -1.99688837    14.86621140     9.64810807
425    -2.72369546    16.49947318    10.21524987
426    -3.28191730    13.38824847     9.97501028
427    -2.45897694   -10.56308255    -5.55126081
428    -3.44821637   -11.45781110    -6.95589736
429    -2.14989618    -8.79734717    -6.26004531
430    -2.49971641     0.81377456    11.58672451
431    -1.58358421     1.59693036    13.17456299
432    -1.94673474    -0.99399016    11.54057925
433    -3.96649428     5.21762700   -16.19062387
434    -3.17405894     6.81237263   -15.44146716
435    -5.86150173     5.49882246   -16.08441448
436    -9.60102103   -10.01919623    -1.91903744
437    -8.31319032   -10.91948685    -0.82295588
438    -8.85741688    -8.22167127    -2.22215296
439     3.61645865     5.98295795    15.52642678
440     3.36444510     7.76691356    16.13557720
441     5.43941608     5.89860262    14.88277234
442    12.45038681   -11.74202791    -9.99334857
443    10.86743519   -10.82121554   -10.62375830
444    13.78985956   -10.37433778    -9.62287285
445     8.12519026    -3.02522055    -5.84046606
446     9.26505400    -3.24602272    -7.38178076
447     8.93060183    -4.12838751    -4.49482568
448    -4.99244738     7.64444294   -10.13273662
449    -3.89010671     8.29964518    -8.69974460
450    -4.23452162     8.37910542   -11.70761374
451   -10.73206849    -8.72850879    11.95070118
452   -10.32597211    -7.83838983    13.57596252
453   -12.09881069    -7.83161231    10.98757798
454     3.42030590    17.95638476     1.22654777
455     4.14749158    18.65680893     2.80510252
456     1.49167276    18.21089016     1.22326597
457    16.21114680     2.99376757     4.23460514
458    17.35895723     3.66714782     2.77283467
459    14.83839937     4.34290029     4.49995676
460     9.08153977    -0.71046062   -16.76315181
461     8.12387290     0.91501541   -16.49635416
462    10.75051821    -0.52722622   -15.83581079
463   -12.55748771    -0.29824531    10.52162689
464   -12.57020004     0.74346815     8.87803218
465   -10.66741609    -0.63941870    10.89176633
466   -15.35648724     3.07646320    -6.02500317
467   -15.97316555     3.89322830    -4.36370208
468   -15.99588772     1.24106630    -5.85310438
469    -8.76448915     0.34550191    -3.83431763
470    -8.16384748     1.40657894    -5.35373106
471    -9.92019656     1.46311904    -2.83030624
472   -18.21732824     3.46079109   -10.61690224
473   -17.88944730     1.58676168   -11.06566282
474   -17.02967838     3.87480135    -9.18807270
475   -17.19638228    -1.66935362    -5.21252437
476   -16.33354384    -3.27197869    -4.58388897
477   -18.40680355    -1.16931915    -3.79433467
478     6.61598747    -3.52612290   -20.40499836
479     7.30335339    -2.30646336   -19.09973442
480     8.12839040    -4.02408224   -21.44397035
481     6.53527920   -11.80998331     6.76847093
482     7.32763984   -11.80980226     8.53905571
483     7.95742515   -12.28902050     5.58438721
484    10.17676486    10.74722384     0.90108575
485    10.52000090    11.85181340     2.44173544
486    11.93512433    10.00942132     0.58369355
487    -1.25037218   -10.52713504    -0.68637755
488    -1.80094001   -10.46357067    -2.53854535
489     0.63049158   -10.11974541    -0.75963796
490   -12.30817011     1.96061534     0.84748055
491   -13.59931335     3.14966464     0.09531913
492   -13.00397933     0.16016651     0.75624380
493    10.58389598    -7.13802911    12.13510327
494    11.65935436    -6.15513862    13.41846935
495    10.53230808    -6.06367850    10.58596896
496   -13.39215957    11.16148759     4.08453026
497   -12.40662104    10.86843040     5.69416479
498   -12.12988452    11.87138744     2.80009019
499     5.62197340     3.00757143    -0.25377242
500     6.56345258     4.26763223     0.85183487
501     3.99002928     2.59891351     0.62776037
502    -0.92870047    -6.11722079    -6.85896495
503    -1.97810793    -4.85500562    -5.84892750
504     0.88975309    -5.77932852    -6.39499456
505    -9.07441464   -16.27205617     2.42667824
506    -8.18032986   -14.63728136     2.00183218
507    -7.61950496   -17.35196416     3.11499778
508     4.98782457   -14.36950404    14.25415330
509     4.31072289   -15.24813892    12.65797174
510     4.94656510   -15.65965846    15.68469173
511     2.07067615   -16.84202036    -4.27450795
512     1.41255119   -16.54365891    -2.48195570
513     3.84254109   -17.48499541    -3.94621291
514     6.26515338    -1.12454890     8.10377189
515     7.47712258    -0.22862684     6.85848768
516     4.51130964    -0.59935781     7.52209307
517    -0.88586569    -2.84203328   -11.62408949
518    -1.22314663    -1.56382911   -13.07229227
519    -0.02469588    -1.76367874   -10.29199241
520    -5.72635713     9.07448754     2.07057503
521    -4.12035631    10.15310030     1.75976267
522    -5.20375292     7.29543298     1.66577305
523     4.45465498     4.66301763     7.98831829
524     5.55231638     4.90122046     6.46012017
525     3.12617580     3.27969014     7.54468146
526     2.76040258    -8.49347266     7.44051228
527     4.02275002    -9.90358220     6.99873677
528     1.28702035    -9.37463537     8.35155301
529     6.06886043    15.13262383    -6.93243374
530     5.52650769    14.97591674    -8.72942924
531     7.69065363    14.13540358    -6.80841858
532    12.22926423    -1.71806326    -1.30938409
533    10.60309093    -1.96632648    -0.34014907
534    13.32656123    -3.26464795    -0.90496535
535     3.68203150    -4.70583651    10.54534571
536     3.50692447    -6.10558807     9.26019333
537     4.59023692    -3.26362237     9.64343067
538    -8.90574144    -6.15954495    -8.13191425
539    -7.29890601    -5.92724031    -9.18309719
540    -8.56891034    -5.48272744    -6.43792437
541     4.28356514    -5.34586549     3.67075837
542     2.80654871    -4.48576907     2.83825475
543     3.53757455    -6.44608180     5.04163399
544     3.53516209    -4.89597049    -4.58417918
545     2.76823704    -3.53869667    -3.51397649
546     5.26156147    -4.27130574    -5.20889386
547     0.28112149     6.87189366     4.37982181
548    -0.90305162     5.78895913     5.43695421
549     0.72274953     5.67661671     2.93495606
550   -14.06554075     6.59768020     9.42659864
551   -13.48764735     5.76397116    11.04577353
552   -13.07196847     8.21994205     9.33161127
553     7.05084728    17.77402780    -2.57941168
554     6.55623179    16.69158949    -4.11350238
555     5.47503232    17.92618546    -1.40968318
556   -11.90141835     5.06226828    -9.31820819
557   -12.08512842     3.82483058   -10.75514143
558   -13.09149769     4.42528734    -7.91780958
559    -5.17340529    11.21343735    10.73235843
560    -5.63484544     9.93308210     9.35013581
561    -6.09272209    10.60235926    12.32309568
562     6.03017455     3.37328135   -16.06097012
563     4.85620147     3.08941995   -17.60339938
564     4.85418498     3.07764513   -14.58422125
565    -1.23446308    -4.28434363    11.49506906
566     0.66513500    -4.38133570    11.29309666
567    -1.66198718    -5.45990706    12.97152467
568    12.98050600     0.37928782   -13.67799336
569    12.95795500    -0.72246071   -12.09583900
570    13.59776135     2.15106562   -13.16766219

 Atomic and electronic forces:
  1    -0.01396646     0.02963170     0.00552770    -0.00091916     0.00135183    -0.00073243
  2     0.01167185     0.00155420    -0.00461323     0.00046424    -0.00060977     0.00029236
  3     0.00484599    -0.02264401    -0.00270336     0.00056363    -0.00072719     0.00044704
  4    -0.01876638    -0.00734733    -0.00922343     0.00134281     0.00161664     0.00281329
  5     0.00821384     0.01429748    -0.00462427    -0.00067650    -0.00082651    -0.00115102
  6     0.01154865    -0.00009586     0.01221361    -0.00076329    -0.00114873    -0.00177008
  7    -0.00600299     0.01599219    -0.03657058    -0.00217011     0.00250431     0.00187912
  8     0.00502303    -0.00255808    -0.00280048     0.00125106    -0.00146347    -0.00134145
  9     0.00458493    -0.00962208     0.03951096     0.00123016    -0.00149038    -0.00078362
 10    -0.01352633    -0.00250839    -0.02532705     0.00215254    -0.00089820    -0.00135019
 11     0.00886591     0.00153316     0.00111972    -0.00094690     0.00031790     0.00056436
 12     0.00180429     0.00027172     0.01637135    -0.00128768     0.00052108     0.00063656
 13     0.01055945    -0.01331661     0.01490244    -0.00015274     0.00263379     0.00303838
 14    -0.00083805     0.00779219    -0.02941217     0.00000547    -0.00100663    -0.00146457
 15    -0.00402883     0.00142817     0.01822639    -0.00013231    -0.00169801    -0.00185656
 16    -0.00808816    -0.00127004    -0.00173617    -0.00157269     0.00157602    -0.00121215
 17    -0.00078423     0.00195738     0.00624481     0.00085197    -0.00067101     0.00063433
 18     0.01137251    -0.00157430    -0.00196604     0.00079722    -0.00090295     0.00077862
 19    -0.00040121     0.00689133     0.00347962     0.00009807     0.00037143    -0.00209268
 20     0.00252228    -0.00460779    -0.00035365    -0.00003392    -0.00009649     0.00114419
 21    -0.00085964     0.00178609    -0.00120634     0.00004099    -0.00023137     0.00102817
 22     0.01275362    -0.00234478     0.01176706    -0.00149698     0.00085681     0.00012919
 23    -0.00954091    -0.00088238    -0.00846759     0.00077134    -0.00051268    -0.00011783
 24    -0.00071752     0.00380243    -0.00012301     0.00063422    -0.00038795    -0.00004049
 25     0.00954626     0.00777890    -0.00202641     0.00119991     0.00137737    -0.00213648
 26    -0.00404007    -0.00247467    -0.00131534    -0.00050914    -0.00057788     0.00113585
 27    -0.00289328    -0.00264813     0.00313905    -0.00071254    -0.00093434     0.00129686
 28     0.00257760     0.00849917    -0.00294562    -0.00145018    -0.00216926    -0.00217693
 29     0.00418231    -0.00149314     0.00134668     0.00084468     0.00101000     0.00131582
 30    -0.00928420    -0.00418622     0.00420465     0.00084551     0.00105109     0.00092008
 31     0.00717318    -0.00909149    -0.01480313    -0.00275347     0.00081297     0.00122887
 32    -0.00214991     0.00609277     0.00138992     0.00115336    -0.00046533    -0.00055444
 33    -0.00433983     0.00242504     0.01273713     0.00161661    -0.00051211    -0.00052303
 34     0.01471572    -0.02563188     0.00480889    -0.00046005     0.00159512    -0.00195383
 35    -0.01279173     0.00396007    -0.00981432     0.00014683    -0.00095496     0.00115492
 36    -0.00244253     0.01571034     0.00429796     0.00019148    -0.00079074     0.00081147
 37    -0.00958457    -0.00784018     0.00450907     0.00213744     0.00322150    -0.00336857
 38    -0.00038136    -0.00501044    -0.00128599    -0.00123605    -0.00152980     0.00133330
 39     0.00700041     0.00969399    -0.00100657    -0.00152355    -0.00201351     0.00242325
 40     0.00679921     0.01598434    -0.00694999     0.00049705    -0.00114263    -0.00401634
 41    -0.00990823     0.00433294     0.00421533    -0.00002408     0.00058330     0.00243401
 42    -0.00343628    -0.02281404    -0.00170844    -0.00023174     0.00082104     0.00187744
 43     0.00003757    -0.01706212     0.00387122    -0.00750553     0.00904808     0.00179870
 44    -0.00401594     0.00653816    -0.00108579     0.00340608    -0.00458286     0.00038597
 45     0.00170925     0.00794196    -0.00204960     0.00454291    -0.00332495    -0.00091097
 46     0.01050228    -0.00339320     0.01502416     0.00172265     0.00056086     0.00330614
 47    -0.00939433    -0.00260992    -0.01437248    -0.00115427    -0.00028073    -0.00216699
 48     0.00044306    -0.00393662     0.00021704    -0.00079651    -0.00050964    -0.00158082
 49    -0.01223748    -0.01106455     0.00495682     0.00149329     0.00950916    -0.00185302
 50    -0.00084358    -0.00074829    -0.00206866    -0.00202658    -0.00583181     0.00100757
 51     0.00902290     0.01578237    -0.00525421    -0.00082449    -0.00337005     0.00069053
 52    -0.00153159    -0.00684823    -0.01328908     0.00085603    -0.00094502     0.00283342
 53    -0.01168563     0.00526303     0.00502844    -0.00060151     0.00050732    -0.00135378
 54     0.01183493     0.00004132     0.00740024    -0.00045860     0.00057774    -0.00183590
 55    -0.04807615    -0.00428788     0.00967819    -0.00186559    -0.00101111    -0.00072402
 56     0.01161295     0.01863530    -0.00352051     0.00079546     0.00047295     0.00026853
 57     0.03319391    -0.01304183    -0.00772681     0.00095896     0.00062876     0.00044494
 58    -0.00421462    -0.00910597    -0.02204522    -0.00136109     0.00076638     0.00176110
 59     0.00379917     0.00012420     0.01157543     0.00055911    -0.00033035    -0.00088630
 60    -0.00159256     0.01284035     0.00595063     0.00083308    -0.00034133    -0.00101844
 61    -0.00628346    -0.00765704     0.00044983     0.00387651    -0.00092718     0.00344535
 62     0.00871863    -0.00190159    -0.00297121    -0.00211082     0.00037371    -0.00238774
 63     0.00017390     0.00680892     0.00174680    -0.00184265     0.00013999    -0.00142427
 64     0.00617101    -0.01092705     0.00528351    -0.00195356    -0.00048857     0.00120099
 65    -0.00157123     0.00788697     0.00507632     0.00109438     0.00027938    -0.00052815
 66    -0.00186712     0.00633506    -0.00340522     0.00099621     0.00013191    -0.00064831
 67    -0.00977730    -0.01566489    -0.02203757     0.00215866    -0.00300542     0.00086183
 68     0.00930006     0.01368098     0.01994009    -0.00088103     0.00150560    -0.00025190
 69     0.00114549     0.00024300     0.00136816    -0.00145977     0.00173677    -0.00036895
 70     0.00120458     0.00775263     0.02137703    -0.00019244     0.00299289    -0.01132946
 71     0.00285616    -0.00384666    -0.01374130    -0.00129395    -0.00248448     0.00651507
 72    -0.00590003    -0.00159539    -0.00948587     0.00136579    -0.00235266     0.00573953
 73    -0.02200319    -0.02405905    -0.00386313    -0.00381683     0.02677245     0.01152763
 74    -0.00759785     0.01868154     0.00681481     0.00193568    -0.01236957    -0.00522185
 75     0.02598175     0.00375215    -0.00011952     0.00477442    -0.00892639    -0.00350778
 76    -0.00205641     0.01309671    -0.00858207    -0.00039709    -0.00192880    -0.00205555
 77     0.00563383    -0.00437096     0.00267770     0.00037692     0.00099671     0.00106504
 78    -0.00106317    -0.01413581     0.00998427     0.00015035     0.00105637     0.00090877
 79     0.03378171    -0.01330685     0.03415885    -0.01817184    -0.00356589    -0.01515738
 80    -0.01944296    -0.00767128    -0.01108529     0.00954863     0.00263211     0.01005499
 81    -0.01684011     0.02583509    -0.02108515     0.00668621    -0.00131632     0.00636106
 82    -0.00960583    -0.01120801    -0.01354799    -0.00001802     0.00543204     0.01399428
 83     0.00201176     0.00824715    -0.00177202     0.00015493    -0.00525582    -0.00838196
 84     0.00302202     0.00014496     0.01062328     0.00149279    -0.00152092    -0.00660043
 85     0.01962964     0.01023166    -0.01342008    -0.01498942    -0.00432427     0.00188149
 86    -0.00785457    -0.00055325     0.00532872     0.00660574     0.00019556    -0.00102800
 87    -0.01127993    -0.00555943     0.00064670     0.00915477     0.00262324     0.00121016
 88     0.00920659    -0.00370297     0.01016087    -0.00084041     0.00438802     0.00063422
 89    -0.00194035     0.00139135    -0.00525425     0.00047072    -0.00261199    -0.00069579
 90    -0.00846097    -0.00340934     0.00195007     0.00011642    -0.00211951    -0.00021467
 91    -0.01257135    -0.01011857     0.00341377    -0.00153622     0.00096883    -0.00043519
 92     0.00702340     0.00835906    -0.00641453     0.00083381    -0.00043881     0.00017508
 93     0.00047682    -0.00070930     0.00315781     0.00070185    -0.00041703     0.00025985
 94     0.01498560    -0.02696337     0.00506093     0.00042339    -0.00454963    -0.00277016
 95    -0.01510980     0.00138379     0.00235844     0.00020338     0.00254309     0.00159655
 96    -0.00498162     0.02290731    -0.00754451    -0.00016426     0.00200118     0.00092522
 97     0.01728774    -0.01136027     0.00349045    -0.00063935     0.00289629    -0.00035607
 98    -0.00218914     0.01158654    -0.00959000     0.00040625    -0.00175886     0.00007083
 99    -0.01118001     0.00121095    -0.00385081     0.00042171    -0.00127725     0.00017089
100     0.01553856    -0.00625897    -0.01849355    -0.00525617     0.00032983     0.00400571
101    -0.00051008     0.00259858     0.00831525     0.00190042    -0.00017541    -0.00179404
102    -0.01193918     0.00188624     0.00762303     0.00326094    -0.00000068    -0.00306850
103     0.00972561    -0.01968948     0.00555751    -0.00046437     0.00102573     0.00178049
104     0.00266587     0.00897507    -0.00091622     0.00014435    -0.00054856    -0.00085089
105    -0.00881607     0.00857969    -0.00389242     0.00030672    -0.00055508    -0.00083699
106     0.00346811     0.00777793     0.00086172    -0.00074987     0.00055218     0.00168926
107    -0.00643695    -0.00585694     0.00055598     0.00030970    -0.00033844    -0.00086154
108     0.00645302    -0.00346459     0.00191068     0.00035110    -0.00019743    -0.00088024
109     0.00794928     0.00851162    -0.00641330    -0.00315729    -0.00022397     0.00015210
110    -0.00557966    -0.00359638     0.01281094     0.00151227     0.00021253    -0.00021887
111     0.00085195    -0.00329179    -0.01096740     0.00155784     0.00023350     0.00006553
112    -0.02145779    -0.00453748    -0.00218506     0.00031545    -0.00211776     0.00143339
113     0.00431312    -0.00373672     0.00898075    -0.00004825     0.00120803    -0.00073027
114     0.01506070     0.00849269    -0.00883816    -0.00030457     0.00120641    -0.00079681
115     0.03181223    -0.00258211     0.00707685    -0.00334304     0.00196806    -0.00294768
116    -0.02187516     0.00403928    -0.00538696     0.00139259    -0.00076192     0.00107668
117    -0.00558135    -0.00164402     0.00106749     0.00132103    -0.00109781     0.00150560
118     0.00696225     0.01669825    -0.00334057     0.00119196    -0.00172403     0.00194267
119    -0.00396234    -0.00833437     0.00549270    -0.00042955     0.00078952    -0.00094978
120     0.00050678    -0.01010184    -0.00559856    -0.00069138     0.00075368    -0.00107067
121     0.00681942    -0.00144075     0.00232193    -0.00185675    -0.00058377    -0.00127632
122     0.00113841     0.00170113    -0.00250682     0.00091561     0.00034239     0.00052653
123    -0.01070038     0.00312752     0.00024629     0.00110951     0.00039386     0.00081528
124    -0.00285449     0.00776396     0.01800452    -0.00202655     0.00018925     0.00001602
125     0.00869557    -0.00968509    -0.00923816     0.00120402    -0.00004700    -0.00001932
126    -0.00743124     0.00552952    -0.00816875     0.00096277    -0.00009908    -0.00009711
127    -0.01119400    -0.00691523     0.01255579     0.00109628     0.00191475     0.00061373
128     0.01182468     0.00148657    -0.01124732    -0.00047825    -0.00099151    -0.00040125
129    -0.00030100     0.00114421    -0.00074347    -0.00046247    -0.00091383    -0.00020706
130     0.00224776    -0.01027910    -0.01491989    -0.00219443    -0.00192721    -0.00137135
131     0.00069625     0.01472898    -0.00818418     0.00126966     0.00090867     0.00086899
132    -0.00097325    -0.00457845     0.02162450     0.00128212     0.00109482     0.00057222
133    -0.00863958     0.02310485     0.01740592     0.00267548     0.00179576    -0.00190826
134     0.00490620    -0.01558053     0.00189353    -0.00169369    -0.00084416     0.00106893
135     0.00599346    -0.00676241    -0.00923332    -0.00109352    -0.00068874     0.00092436
136     0.02418889     0.00057108    -0.00654485    -0.00384506    -0.00363217     0.00292976
137    -0.00829032     0.00601763     0.00100887     0.00220352     0.00145516    -0.00127317
138    -0.01596855    -0.01333645     0.01068268     0.00261049     0.00271284    -0.00215903
139    -0.00998749    -0.00919847     0.00995995    -0.00219427    -0.00160452    -0.00376010
140    -0.00035452     0.00124217    -0.00528385     0.00083837     0.00052539     0.00158771
141     0.00778650     0.00350057    -0.00307731     0.00116079     0.00088322     0.00253147
142    -0.00567628    -0.00416819     0.00135736    -0.00085744     0.00102728     0.00139721
143    -0.00111582     0.00248453     0.00095684     0.00053626    -0.00051227    -0.00079536
144     0.00518617     0.00111575    -0.00412758     0.00038245    -0.00041402    -0.00060017
145    -0.01464288     0.00224370    -0.02123059    -0.00076911    -0.00105389     0.00165464
146     0.01168863     0.00005179    -0.00734374     0.00038843     0.00044506    -0.00070352
147    -0.00039328    -0.00439415     0.02884420     0.00050459     0.00066090    -0.00092602
148     0.00090890    -0.03309179     0.03888999    -0.00047430     0.00120449    -0.00074378
149    -0.01886099     0.01889191    -0.02864924     0.00022426    -0.00051492     0.00033924
150     0.01626181     0.00855991    -0.00865337     0.00031189    -0.00064603     0.00037658
151     0.00668460    -0.00433447     0.00360274    -0.00112138     0.00067686    -0.00159877
152    -0.00144662     0.00289184    -0.00189147     0.00066893    -0.00028842     0.00083936
153    -0.00569956     0.00277709    -0.00046396     0.00052601    -0.00034130     0.00067023
154     0.00113214     0.00532810    -0.02832880     0.00002906     0.00117871     0.00151256
155    -0.00067553     0.00053654     0.00126987    -0.00003864    -0.00051759    -0.00063504
156    -0.00087313    -0.00557495     0.02639981    -0.00002300    -0.00072378    -0.00078386
157    -0.00546808    -0.00160567    -0.00932245     0.00652679    -0.00644194     0.00174482
158     0.01031005     0.00041070     0.00468503    -0.00277986     0.00217473    -0.00101198
159    -0.00151805     0.00121931     0.00629793    -0.00402040     0.00436693    -0.00207198
160    -0.01619009     0.00797486    -0.01277201     0.00320332     0.00066301     0.00214978
161     0.00660710    -0.01194896     0.01164164    -0.00201592    -0.00061923    -0.00135981
162     0.00886089     0.00181748     0.00044375    -0.00154050    -0.00035457    -0.00079459
163     0.00904941     0.01716305    -0.01401278    -0.00107885    -0.00061602    -0.00228723
164    -0.00976380     0.00038221     0.00867990     0.00042791     0.00021031     0.00114307
165    -0.00104518    -0.01602960    -0.00050147     0.00044870     0.00039273     0.00105944
166    -0.00000619    -0.00671631    -0.01356337     0.00141151    -0.00009886     0.00199013
167    -0.00623288     0.00323281     0.00199696    -0.00055707     0.00001660    -0.00088448
168     0.00395179     0.00462095     0.01229190    -0.00079680     0.00000042    -0.00124210
169     0.00182153    -0.01400056    -0.00031376    -0.00169260     0.00000677    -0.00099951
170    -0.00362088     0.01300473     0.00271662     0.00086222     0.00008802     0.00054602
171     0.00263933     0.00026870    -0.00004643     0.00090291    -0.00000030     0.00042417
172    -0.02659177     0.01745020    -0.00868319    -0.00034562     0.00166333    -0.00122280
173     0.00516439     0.00069382     0.00420859     0.00017522    -0.00096640     0.00058543
174     0.02282222    -0.01143141     0.00676810     0.00020914    -0.00072527     0.00051462
175    -0.01720853     0.00314485    -0.00484801    -0.00193053     0.00026335     0.00053079
176     0.00936257    -0.00805395    -0.00476398     0.00085665    -0.00018679    -0.00026120
177     0.00530149     0.00660688     0.00724964     0.00113679    -0.00015775    -0.00036926
178     0.00943797     0.01426213    -0.00779733    -0.00150170     0.00059396     0.00048736
179    -0.00560994    -0.00447155    -0.00833781     0.00074819    -0.00033660    -0.00031657
180    -0.00459659    -0.01192493     0.01436666     0.00076025    -0.00035346    -0.00019238
181     0.00507742     0.01655932     0.01784300     0.00035081    -0.00170047    -0.00254638
182     0.00904050    -0.01579021    -0.01739588    -0.00019371     0.00072589     0.00102806
183    -0.01197430    -0.00014007    -0.00128800    -0.00003948     0.00097942     0.00124500
184     0.01556118     0.00283599     0.00729379    -0.00223278     0.00351542     0.00442010
185    -0.01190434     0.00191260    -0.01044677     0.00061499    -0.00158965    -0.00196684
186    -0.00474535    -0.00420137     0.00164654     0.00118717    -0.00135425    -0.00253482
187     0.00137422     0.00224149     0.00364112     0.00020616     0.00269105    -0.00310225
188     0.00374904     0.00668935     0.00398787    -0.00039005    -0.00154656     0.00161396
189    -0.00678219    -0.00602044    -0.00896073    -0.00011967    -0.00118997     0.00182609
190    -0.01141842     0.02925433     0.02545378    -0.00204976     0.00075676    -0.00014630
191     0.00970088    -0.03535453    -0.02212482     0.00091027    -0.00040690     0.00000609
192     0.00011804     0.00410759    -0.00104211     0.00100758    -0.00027354     0.00003121
193     0.01048048     0.00428817     0.01750001    -0.00618906     0.00580419    -0.00816706
194    -0.00892244    -0.00533848    -0.01238625     0.00271581    -0.00398729     0.00321941
195     0.00164693    -0.00073832    -0.00011301     0.00249133    -0.00183189     0.00268259
196     0.01530530     0.03739555    -0.00421890     0.00097030     0.00131510    -0.00120712
197    -0.01464606    -0.01898946    -0.01285963    -0.00053408    -0.00070784     0.00075498
198    -0.00169750    -0.01920387     0.01738380    -0.00037962    -0.00056681     0.00054154
199    -0.02705221     0.01034593     0.01915136     0.00123519     0.00077041     0.00119247
200     0.00608368    -0.00628035    -0.00562809    -0.00068291    -0.00033224    -0.00066901
201     0.01940933    -0.00357882    -0.01502564    -0.00054139    -0.00040246    -0.00063582
202    -0.00007988     0.00393788    -0.00886627    -0.00073870    -0.00267308     0.00300235
203    -0.01222492    -0.00191239    -0.00838655     0.00057430     0.00116588    -0.00139719
204     0.01534129    -0.00397577     0.00936690     0.00021633     0.00106879    -0.00147296
205     0.00483606    -0.00353757    -0.00490985     0.00424277     0.00518601     0.00244194
206    -0.00649338     0.00579341     0.00317753    -0.00146530    -0.00253997    -0.00097057
207     0.00341766    -0.00224088     0.00075253    -0.00181896    -0.00182653    -0.00087747
208     0.02108260     0.02758369     0.01207543     0.00602489    -0.00409397    -0.00227219
209    -0.01615898    -0.01934516    -0.01433169    -0.00246925     0.00232020     0.00145771
210    -0.00074677    -0.00796814     0.00624778    -0.00358714     0.00270831     0.00061161
211    -0.02524452    -0.04003472    -0.01283023     0.00148096     0.00123637     0.00098175
212     0.00765025     0.00194913     0.00283291    -0.00070708    -0.00053307    -0.00055138
213     0.01843109     0.03672586     0.00901469    -0.00062207    -0.00056652    -0.00039931
214    -0.02210386    -0.00021386     0.00238410     0.01955310    -0.00146258     0.00363214
215     0.00929707    -0.00231276     0.00025007    -0.01103706    -0.00231526    -0.00080252
216     0.01678743     0.00766560    -0.00008294    -0.00963574     0.00355924    -0.00355742
217     0.00674672    -0.01036655     0.02776318     0.00320709     0.00057577    -0.00052806
218    -0.00883328    -0.00346879    -0.00432673    -0.00171449    -0.00033383     0.00049220
219     0.00553679     0.01670998    -0.02159475    -0.00190914    -0.00019626     0.00016591
220    -0.01230640    -0.00198313     0.00597274     0.00124573     0.00171162     0.00162404
221     0.01091600     0.00391992    -0.00666658    -0.00073828    -0.00083442    -0.00072853
222     0.00595505    -0.00019263     0.00099953    -0.00053913    -0.00095730    -0.00074673
223     0.00042606     0.02979710     0.00399327    -0.00868509    -0.01238727     0.00819129
224    -0.00523120    -0.01172388     0.00259502     0.00673565     0.00514921    -0.00365310
225     0.00273297    -0.01941177    -0.00955778     0.00340282     0.00698331    -0.00211870
226    -0.01693926     0.01340950     0.01672107     0.00156603    -0.00244023    -0.00114888
227     0.00676392    -0.00880656    -0.00309313    -0.00098260     0.00154471     0.00080426
228     0.01559104     0.00570864    -0.01663660    -0.00078551     0.00101326     0.00059793
229     0.01942035     0.01159845     0.01410505    -0.00163114     0.00164447    -0.00050768
230    -0.02150402    -0.00602339    -0.00027619     0.00080835    -0.00068085     0.00022496
231     0.00832840    -0.00364801    -0.01207162     0.00085709    -0.00086428     0.00039419
232     0.01295045     0.00996991     0.01459101     0.00334881    -0.00132230    -0.00099625
233    -0.01230875    -0.00430101    -0.00038596    -0.00207097     0.00098700     0.00066127
234    -0.00282547    -0.00666572    -0.00812935    -0.00173730     0.00058651     0.00027523
235    -0.00861571     0.00139820    -0.00869736    -0.00161418     0.00201152     0.00011193
236     0.00813157     0.00111147     0.01481438     0.00085179    -0.00096886     0.00007388
237    -0.00111189     0.00015935    -0.00691559     0.00097546    -0.00125968    -0.00013519
238    -0.00732906    -0.00492128     0.01751361     0.00383092    -0.00213621     0.00169746
239     0.00019540     0.00094371    -0.00194192    -0.00204626     0.00090259    -0.00118432
240     0.00373854     0.00573613    -0.01137389    -0.00146095     0.00100200    -0.00079335
241    -0.00300032     0.00039928    -0.00912360     0.00130905     0.00208292    -0.00103857
242     0.00420062     0.00006750     0.00814186    -0.00078480    -0.00099618     0.00046662
243    -0.00424854    -0.00026236     0.00138248    -0.00057930    -0.00087828     0.00055660
244    -0.00657261     0.00210572     0.00813464     0.00186185     0.00161614    -0.00075443
245     0.00493427    -0.00108539    -0.00529587    -0.00079542    -0.00064429     0.00035389
246     0.00216471    -0.00454015    -0.00386631    -0.00110645    -0.00088916     0.00054502
247    -0.01043284    -0.00058377    -0.01453086     0.00789510     0.00635413    -0.01015148
248     0.00245720     0.00136091     0.00573878    -0.00424848    -0.00140371     0.00456394
249     0.00984450     0.00160557     0.01091344    -0.00520958    -0.00491138     0.00436647
250     0.00081305     0.00219827     0.00471322     0.00099850    -0.00270009     0.00024183
251     0.00304489    -0.00538323    -0.00414367    -0.00047742     0.00134746     0.00004118
252     0.00007352     0.00096896    -0.00522983    -0.00038944     0.00111254    -0.00014030
253     0.00928395    -0.00688069     0.00590116    -0.00123711    -0.00032941     0.00247970
254    -0.00537314     0.01242183     0.00454891     0.00056345     0.00031508    -0.00129976
255    -0.00427049    -0.00465806    -0.00629989     0.00048117     0.00006646    -0.00118139
256     0.00637650     0.01883182    -0.00857715     0.00165757     0.00043256     0.00161461
257    -0.00623819    -0.01479601     0.00480925    -0.00080089    -0.00012124    -0.00087806
258    -0.00062593    -0.00496676     0.00647145    -0.00105081    -0.00027128    -0.00090073
259    -0.01145999    -0.00929999    -0.01119030     0.00268213     0.00201308     0.00106304
260     0.00411258     0.00620326    -0.00024966    -0.00105987    -0.00083450    -0.00052111
261     0.00059519     0.00591851     0.01024706    -0.00129388    -0.00098411    -0.00030827
262     0.00215488     0.00573382    -0.02271232    -0.00846308     0.00243295     0.00187562
263    -0.00101680    -0.00632396     0.02827335     0.00368121    -0.00083111    -0.00153077
264     0.00035949     0.00358641    -0.00146793     0.00310654    -0.00084333    -0.00042669
265     0.02446385    -0.01637756     0.00698282     0.00005477    -0.00143828     0.00245238
266    -0.00184978     0.01354163     0.00070429    -0.00015438     0.00064084    -0.00130113
267    -0.01614116     0.00727028    -0.00637587    -0.00008954     0.00071352    -0.00102933
268    -0.00640034     0.00199716     0.00458420    -0.00050408    -0.00016390    -0.00213138
269     0.00138792    -0.00050140    -0.00113642     0.00020852     0.00003912     0.00089818
270     0.00134404     0.00010751    -0.00262509     0.00015570     0.00010005     0.00115090
271    -0.00726079     0.00089245    -0.00037910     0.00397237    -0.00115233     0.00029492
272     0.01435298     0.01063414     0.00312789    -0.00182121     0.00033334    -0.00025481
273    -0.00308618    -0.00916446    -0.00301192    -0.00206144     0.00079497    -0.00039405
274     0.00646271    -0.00380155     0.00152150    -0.00281710    -0.00072992    -0.00067587
275    -0.01112359     0.00320972     0.00067254     0.00176308     0.00052519     0.00046728
276     0.00239426     0.00452411     0.00179628     0.00119903     0.00043045     0.00033424
277     0.00929983    -0.01987820     0.01156216    -0.00598848    -0.00178097    -0.00150476
278    -0.00323547    -0.00348933    -0.00310029     0.00387784     0.00124442     0.00040511
279    -0.00485130     0.02468459    -0.01118321     0.00319595     0.00039952     0.00096229
280     0.01633124    -0.01533169     0.01223145     0.00006515    -0.00021600    -0.00247239
281    -0.00547271     0.00398750    -0.00330001    -0.00012170     0.00010548     0.00109134
282    -0.00556012     0.00871594    -0.00693529    -0.00007419     0.00023079     0.00145617
283     0.00867436    -0.00028119    -0.01716010    -0.00609984    -0.00192059     0.01077335
284    -0.00693975     0.00369742     0.01802791     0.00364466     0.00284174    -0.00603104
285    -0.00302697    -0.00292507    -0.00404929     0.00165419     0.00088477    -0.00400981
286    -0.00675428    -0.03985235    -0.01064493     0.00727011     0.00270042     0.00457707
287    -0.00224781     0.02357796    -0.00731143    -0.00337871    -0.00211877    -0.00187303
288     0.01189024     0.01566589     0.01474304    -0.00530533    -0.00111010    -0.00251201
289    -0.00713059     0.00596531     0.00112849     0.00054042     0.00363665     0.00023583
290     0.00290343    -0.00054576     0.00015791    -0.00042345    -0.00187910     0.00007940
291     0.00317746    -0.00508490    -0.00076229    -0.00018259    -0.00144356    -0.00008757
292    -0.00934069    -0.00534641    -0.00274673     0.00118217     0.00432787     0.00176308
293     0.00376442     0.00754415     0.00206224    -0.00041953    -0.00270874    -0.00123260
294     0.00351039    -0.00181717     0.00292675    -0.00045706    -0.00207999    -0.00053905
295    -0.01382730    -0.00407238    -0.00246886     0.00227781     0.00087822     0.00004410
296    -0.00769191     0.00012277    -0.00155618    -0.00128199    -0.00039037     0.00006554
297     0.02114547     0.00527280     0.00110828    -0.00095605    -0.00034179    -0.00001471
298    -0.01990735    -0.00413051     0.00097441    -0.00298638    -0.00406778     0.00056002
299     0.02499402    -0.00017985    -0.01708367     0.00161618     0.00275224    -0.00022107
300    -0.00787466     0.00428645     0.01792378     0.00163599     0.00203775    -0.00067630
301     0.01816864     0.00075930     0.00430137     0.00153448     0.00088855    -0.00154186
302    -0.00247455    -0.00326414    -0.00293527    -0.00067416    -0.00043121     0.00062336
303    -0.01494089     0.00314046    -0.00789583    -0.00071846    -0.00052973     0.00087158
304    -0.01490446     0.00752695     0.00769574    -0.00149579    -0.00021738    -0.00177685
305     0.01456933    -0.01051912    -0.00502481     0.00069260     0.00017062     0.00098828
306     0.00199324     0.00026729    -0.00203215     0.00079463     0.00018510     0.00081114
307    -0.02016104     0.01316866     0.00956725     0.00225769     0.00175342    -0.00001237
308     0.01922459    -0.01569965    -0.00184239    -0.00117508    -0.00072333    -0.00000770
309    -0.00056751    -0.00010360    -0.00611345    -0.00104713    -0.00085621     0.00014833
310     0.00441980     0.00628626     0.00705502    -0.00024166    -0.00219378    -0.00125473
311     0.00648995    -0.00001691    -0.00139592     0.00007347     0.00129321     0.00060236
312    -0.01057529    -0.00611921    -0.00442786     0.00020772     0.00102090     0.00052931
313    -0.03339091    -0.02249438    -0.00822276    -0.00439451    -0.00151808     0.00189852
314     0.02329068     0.00064361    -0.00135659     0.00175792     0.00051356    -0.00067103
315     0.00582429     0.02448855     0.00982024     0.00254351     0.00051820    -0.00126569
316     0.01021871     0.00087592    -0.01441293    -0.00046780    -0.00310186     0.00159948
317     0.00166744     0.00221931     0.00013976     0.00033813     0.00159002    -0.00106503
318    -0.00925505    -0.00354319     0.01672602     0.00014211     0.00193820    -0.00081573
319     0.00067495    -0.00165803    -0.00308403     0.00277754    -0.00434613    -0.00319351
320     0.00238642     0.00140066     0.00497758    -0.00092864     0.00238813     0.00164304
321     0.00042279    -0.00017723    -0.00184036    -0.00117722     0.00161281     0.00159505
322    -0.02079754     0.01149079    -0.00643596    -0.00162146    -0.00130338     0.00039396
323     0.00773551    -0.00142474     0.00582715     0.00080391     0.00063743    -0.00029960
324     0.01414616    -0.01052077    -0.00096955     0.00076267     0.00074207    -0.00017384
325     0.01989141     0.02156897    -0.02416711     0.00165368    -0.00072419    -0.00327410
326    -0.00425000     0.00618477    -0.00518432    -0.00066456     0.00047051     0.00186238
327    -0.01086715    -0.02199674     0.03042335    -0.00067180     0.00016391     0.00141090
328     0.00376672     0.02718808    -0.00551744    -0.00065072    -0.00098895     0.00253715
329     0.01420006    -0.00360907     0.00012742     0.00018841     0.00056640    -0.00125098
330    -0.01815473    -0.01745669     0.00378031     0.00036157     0.00050514    -0.00107777
331    -0.01562493     0.01302484     0.03294162    -0.00168338    -0.00138424     0.00104671
332     0.01796617     0.00088245    -0.01144904     0.00098602     0.00088899    -0.00064475
333    -0.00268480    -0.01288611    -0.01828096     0.00080116     0.00059413    -0.00059890
334     0.00004174     0.00499836     0.01644226     0.00188047    -0.00174637     0.00126911
335     0.00228856     0.00335407    -0.02073673    -0.00077093     0.00081551    -0.00067903
336    -0.00332857    -0.00654163     0.00447196    -0.00097002     0.00104895    -0.00055967
337     0.01052435     0.01778528    -0.00483938    -0.00037550     0.00086058     0.00277477
338     0.00401208    -0.01140645     0.00217790     0.00023537    -0.00049849    -0.00120846
339    -0.01551537    -0.00561079     0.00397493     0.00002387    -0.00048596    -0.00138914
340     0.00195070     0.01248281    -0.01327147     0.00419935     0.00079227    -0.00216321
341    -0.00041590    -0.00615013    -0.00397503    -0.00190002    -0.00016952     0.00125864
342    -0.00293142    -0.00570008     0.01634792    -0.00273174    -0.00029143     0.00109774
343     0.02359250    -0.01116644     0.00983612    -0.00309836     0.00739593    -0.00255656
344    -0.00752477     0.00690144    -0.00845734     0.00097689    -0.00279623     0.00130778
345    -0.01150614    -0.00013790    -0.00311533     0.00095289    -0.00455018     0.00112125
346    -0.02061360    -0.00911019    -0.00663492    -0.00136858     0.00134101     0.00097425
347     0.01037488     0.02040825     0.00898317     0.00056389    -0.00066014    -0.00045351
348     0.01301067    -0.00750533    -0.00359140     0.00081246    -0.00082634    -0.00061952
349     0.00213048    -0.00522468     0.00433250     0.00158152    -0.00191993    -0.00271622
350    -0.00343019    -0.00067560    -0.00041674    -0.00054881     0.00095064     0.00134740
351     0.00215018     0.01003514    -0.00669109    -0.00087289     0.00078439     0.00152050
352     0.00850136     0.00529629     0.01231621    -0.00013346     0.00258263    -0.00104294
353    -0.01081156    -0.00317533    -0.00074874    -0.00007287    -0.00122798     0.00046067
354     0.00190993     0.00212239    -0.00688941     0.00014591    -0.00137931     0.00040148
355    -0.00110101     0.00021097     0.00925691    -0.00087275    -0.00253248     0.00058121
356     0.00389940     0.00060287     0.00432507     0.00041965     0.00146366    -0.00019648
357    -0.00295074     0.00001656    -0.01343955     0.00037314     0.00130329    -0.00043821
358    -0.01952172    -0.00101687    -0.00263052    -0.00223357     0.00036077     0.00293205
359     0.00341336    -0.00492417     0.00271189     0.00091453    -0.00001003    -0.00134900
360     0.01143009     0.00363166     0.00027139     0.00109656    -0.00032838    -0.00179077
361    -0.02846748     0.01215394    -0.00246805    -0.00167038    -0.00181394     0.00230333
362     0.00134074    -0.00425362     0.00952894     0.00114525     0.00117525    -0.00132223
363     0.03069730    -0.00788536    -0.01099849     0.00084708     0.00069482    -0.00099296
364     0.01150474    -0.00421264     0.00783219    -0.00074877     0.00058164    -0.00332152
365    -0.00695406    -0.00362645    -0.00825227     0.00036287    -0.00013007     0.00142186
366    -0.00685953     0.00152232    -0.00546138     0.00039764    -0.00042294     0.00145755
367    -0.01122358    -0.00436828     0.03939495    -0.00098185     0.00199620    -0.00030441
368     0.01357148     0.00512700    -0.03576029     0.00055881    -0.00098630     0.00005656
369    -0.00735441    -0.00265726    -0.00287244     0.00052106    -0.00091674     0.00022624
370     0.00890020     0.00641295     0.01436921     0.00074054     0.00214353     0.00122909
371    -0.01126835    -0.00757353    -0.00961921    -0.00046424    -0.00135853    -0.00071570
372    -0.00122794     0.00132660    -0.00827114    -0.00025975    -0.00101476    -0.00067998
373     0.03008924     0.00037270    -0.01549293    -0.00236463    -0.00116924     0.00017563
374    -0.00279321    -0.00132052    -0.00039397     0.00102787     0.00062385    -0.00013616
375    -0.02365260    -0.00038329     0.01526673     0.00137007     0.00075658     0.00000448
376    -0.01313826     0.00813210    -0.00498439    -0.00048223    -0.00408857     0.00005649
377     0.00676537     0.00554451     0.00688330     0.00003961     0.00213479    -0.00022747
378     0.00879101    -0.01137878     0.00472621     0.00051281     0.00259295     0.00003308
379    -0.00686263     0.00068360    -0.00262904     0.00302937    -0.00047007    -0.00279982
380     0.00311907    -0.00106655    -0.00180955    -0.00138873     0.00039713     0.00114692
381     0.00458970    -0.00184129     0.00018917    -0.00130382     0.00028795     0.00158627
382    -0.01304790    -0.00852571     0.01563091    -0.00028395     0.00192922     0.00011006
383     0.00519353     0.00869590    -0.00420365     0.00020378    -0.00101849    -0.00013667
384     0.00220142    -0.00011470    -0.00540194     0.00019471    -0.00103106     0.00002247
385    -0.00838460    -0.00639699    -0.00035718    -0.00057382     0.00016388     0.00215285
386     0.00309705    -0.00475752     0.00626489     0.00020054    -0.00001269    -0.00103333
387     0.00490924     0.00963733    -0.00600449     0.00026191    -0.00018136    -0.00121339
388     0.00249524    -0.00467859     0.01771780     0.00295306    -0.00009754     0.00075425
389     0.00610200    -0.00433057    -0.00106163    -0.00154857    -0.00013364    -0.00043470
390    -0.00888288     0.01088619    -0.01928020    -0.00124585     0.00008637    -0.00042636
391    -0.00011356    -0.00135443     0.01129547    -0.00086857     0.00358749    -0.00227538
392     0.00610377    -0.00515943    -0.00555411     0.00024529    -0.00162420     0.00129814
393    -0.00313377     0.00220728    -0.00442069     0.00025727    -0.00167084     0.00084504
394     0.01047632    -0.00097869     0.00229852     0.00166126     0.00401991    -0.00085260
395    -0.00113979     0.00170078    -0.00700168    -0.00075726    -0.00165638     0.00055518
396    -0.00870987     0.00015003     0.00579494    -0.00097210    -0.00181423     0.00021230
397    -0.01970052    -0.01643100    -0.00186331     0.00027654     0.00153745    -0.00433495
398     0.01644056     0.01556640     0.00794684     0.00009616    -0.00052811     0.00201607
399     0.00434015     0.00005771    -0.00434583    -0.00014449    -0.00103756     0.00300553
400     0.01366331     0.00049902    -0.00033312    -0.00238640    -0.00061631     0.00067133
401    -0.01546665     0.00156740     0.00577739     0.00097878     0.00025814    -0.00027942
402     0.00313749    -0.00611708    -0.01008943     0.00123266     0.00043577    -0.00026532
403    -0.03038512     0.00810607    -0.00997082     0.00350870    -0.01222290    -0.00193289
404     0.00130035    -0.00507201    -0.00583507    -0.00239132     0.00668011     0.00277889
405     0.02778257    -0.00325654     0.01543103    -0.00269856     0.00535844     0.00012113
406    -0.02502140     0.00520973     0.00078844     0.00073550    -0.00421792     0.00117889
407     0.00410208     0.01374811     0.01208395    -0.00058870     0.00217575    -0.00088470
408     0.01256125    -0.01856563    -0.01527156    -0.00046590     0.00179452    -0.00037956
409     0.00090734     0.00717316    -0.00731360     0.00070217     0.00164261     0.00015432
410    -0.00092477    -0.00350408    -0.00006235    -0.00029455    -0.00069527    -0.00006585
411    -0.00199664    -0.00104972     0.00756528    -0.00034431    -0.00087122    -0.00000130
412    -0.01018837     0.01635221     0.00801190    -0.00166396     0.00033546    -0.00153182
413    -0.00261080     0.00548200     0.00397922     0.00083636    -0.00010197     0.00065643
414     0.01388452    -0.01682545    -0.01023815     0.00081871    -0.00008495     0.00085834
415     0.00181950    -0.01505814    -0.01088211     0.00085141    -0.00234452    -0.00054636
416    -0.00296956    -0.00291447    -0.00448599    -0.00059273     0.00126407     0.00036170
417    -0.00774660     0.01088661     0.02035730    -0.00035838     0.00098067     0.00029904
418     0.00168212    -0.00308433    -0.00868523    -0.00063444     0.00227874     0.00066436
419    -0.00110786     0.00416103     0.00269176     0.00037604    -0.00143009    -0.00037494
420     0.00221649     0.00137848    -0.00359024     0.00027654    -0.00107408    -0.00043655
421    -0.00046318     0.00692872     0.00006106     0.00009833     0.00191930     0.00153466
422    -0.00272863    -0.01135132    -0.00130158    -0.00002389    -0.00113247    -0.00098717
423     0.00107378     0.00352320     0.00224302     0.00004420    -0.00096675    -0.00067311
424     0.00205958    -0.03022981    -0.00396875    -0.00038279     0.00180092     0.00105668
425    -0.01071132     0.00793921     0.00694255     0.00017772    -0.00076186    -0.00043102
426     0.01015026     0.02163832     0.00405261     0.00029509    -0.00092876    -0.00061781
427    -0.01078132    -0.01567308    -0.00516729    -0.00232410    -0.00522801    -0.00318384
428     0.00437901     0.00297520     0.00541800     0.00094511     0.00186713     0.00129995
429     0.00597254     0.00702884    -0.00272136     0.00145737     0.00284493     0.00244468
430     0.01544273     0.03222087     0.02283694    -0.00163714     0.00103868     0.00471060
431    -0.01724098    -0.01110157    -0.02388995     0.00046606    -0.00049773    -0.00196530
432     0.00361551    -0.02001353     0.00165473     0.00079878    -0.00017040    -0.00264354
433     0.00538469     0.00964762     0.00597183    -0.00073424     0.00092715    -0.00213919
434     0.00036652    -0.00196134    -0.00383080     0.00032512    -0.00059089     0.00105521
435    -0.00486185    -0.00623942    -0.00130141     0.00044470    -0.00043442     0.00095684
436     0.00888904     0.03283962    -0.00903807    -0.00329811    -0.00246489    -0.00052352
437     0.00369777    -0.00611155     0.00624541     0.00163983     0.00153691     0.00011176
438    -0.01555847    -0.02398654     0.00477987     0.00221395     0.00138788     0.00044051
439     0.00629633    -0.00553748    -0.00634256     0.00030977     0.00116975     0.00235759
440    -0.00421887     0.00987972     0.00458871    -0.00010933    -0.00057815    -0.00098417
441    -0.00772746    -0.00457756    -0.00141191    -0.00030893    -0.00061120    -0.00119418
442     0.00333122     0.01491765     0.00423534     0.00157619    -0.00145266    -0.00141882
443     0.00765168    -0.00560615     0.00266553    -0.00081481     0.00079809     0.00091204
444    -0.01247659    -0.00993844    -0.00402150    -0.00089578     0.00063558     0.00069137
445    -0.00375117     0.00692686    -0.00260418     0.00778976    -0.00163631    -0.00668794
446    -0.00065412     0.00251289     0.00155808    -0.00258591     0.00053095     0.00240463
447     0.00418570    -0.00703751     0.00181338    -0.00419492     0.00140761     0.00245572
448    -0.01510307    -0.01010298     0.01120527    -0.00153159     0.00220756    -0.00233342
449     0.00566719     0.00412532    -0.00081232     0.00077067    -0.00143375     0.00120866
450     0.00832125     0.00450801    -0.01252008     0.00053844    -0.00094678     0.00107589
451     0.01979607    -0.02328804     0.00245618    -0.00156122    -0.00089373     0.00153548
452    -0.00923475     0.00844495    -0.00101473     0.00069542     0.00035932    -0.00080236
453    -0.01417755     0.01887687    -0.00088923     0.00086565     0.00038883    -0.00070521
454     0.00571995    -0.01429735    -0.01767263     0.00019580     0.00205661     0.00014387
455    -0.00015589     0.00820096     0.01236494    -0.00011848    -0.00093005    -0.00013429
456     0.00098539     0.00632561     0.00164562     0.00000231    -0.00101906    -0.00007039
457     0.01027293    -0.00235201    -0.01131531     0.00291644     0.00093741     0.00086128
458    -0.01698670    -0.00492164     0.01754052    -0.00132951    -0.00045312    -0.00024220
459     0.00793422     0.00042073    -0.00386744    -0.00151522    -0.00069278    -0.00052342
460    -0.00420457    -0.02224075    -0.00505175     0.00101621     0.00013185    -0.00222724
461    -0.00465871     0.01218410     0.00137692    -0.00048099    -0.00019020     0.00118720
462     0.00678346     0.00820438     0.00336001    -0.00062647    -0.00007914     0.00106217
463     0.02518570    -0.00623412    -0.00808279    -0.00206912     0.00021031     0.00156308
464    -0.00349606    -0.00359235     0.00811894     0.00119507    -0.00020998    -0.00076320
465    -0.02223658     0.00681528    -0.00108016     0.00111964    -0.00010010    -0.00101007
466    -0.00989240    -0.00525663     0.01178051    -0.00217848     0.00061900    -0.00075564
467     0.00832956    -0.00134017    -0.00842802     0.00107125    -0.00034400     0.00025693
468     0.00617035     0.00711497    -0.00553570     0.00110628    -0.00018664     0.00035907
469     0.01047381     0.00430031    -0.01319089    -0.00607186     0.00119847    -0.00216277
470    -0.00692607    -0.00884751     0.00887324     0.00266672    -0.00085284     0.00142357
471    -0.00441987     0.00250842     0.00130259     0.00260243    -0.00072076     0.00060478
472     0.00533638    -0.02429726    -0.00652391    -0.00134027     0.00035160    -0.00070926
473    -0.00376272     0.02413820     0.00507865     0.00069809    -0.00011868     0.00039181
474    -0.00082564    -0.00220304     0.00230950     0.00077895    -0.00023488     0.00037857
475    -0.00787989     0.00210508     0.00919354    -0.00209867     0.00000461    -0.00056629
476     0.00455051    -0.00044189    -0.00449143     0.00116284     0.00010187     0.00028813
477     0.00460338    -0.00119671    -0.00586902     0.00098146    -0.00002680     0.00017905
478     0.00161513    -0.00357331    -0.00163324     0.00045394    -0.00016374    -0.00180108
479     0.00404428     0.00485180     0.00482760    -0.00030577     0.00003268     0.00099983
480    -0.00398384    -0.00103751    -0.00133468    -0.00024122     0.00008522     0.00077618
481    -0.01239346     0.00001991     0.00947865     0.00175831    -0.00355396     0.00240259
482     0.00214704     0.00124834     0.00081051    -0.00077616     0.00135602    -0.00115291
483     0.00964085    -0.00204832    -0.00820681    -0.00103492     0.00170705    -0.00091290
484     0.01813929    -0.00666398     0.00212487     0.00198178     0.00288320     0.00023684
485    -0.01055075     0.00760794     0.00258881    -0.00081553    -0.00124121    -0.00023326
486    -0.00676360    -0.00079080    -0.00775074    -0.00109524    -0.00124393    -0.00007504
487    -0.00195778     0.00642178     0.00775045    -0.00276063    -0.00895524    -0.00054030
488    -0.00398365    -0.00440854    -0.00641958     0.00147280     0.00394355     0.00107274
489     0.00848964    -0.00292227    -0.00120901     0.00054110     0.00548569     0.00040372
490     0.01028072    -0.00423943     0.00326230    -0.00381233     0.00101674     0.00027712
491    -0.00570140    -0.00057306    -0.00320890     0.00154535    -0.00049889    -0.00002621
492    -0.00627060     0.00327457    -0.00243178     0.00188402    -0.00024343    -0.00011790
493     0.00219226    -0.00451315     0.03066199     0.00175089    -0.00105657     0.00236248
494    -0.00647476    -0.00483845    -0.01078853    -0.00077993     0.00034441    -0.00103996
495     0.00358158     0.01162852    -0.01765180    -0.00117888     0.00057553    -0.00139583
496    -0.00072038    -0.00018883    -0.01010370    -0.00148349     0.00128599     0.00042174
497    -0.00024668     0.00051700     0.00504251     0.00074810    -0.00067884    -0.00031387
498    -0.00168021    -0.00271635     0.00314237     0.00075255    -0.00075224    -0.00016325
499     0.01090841    -0.01044538    -0.00834282     0.01189294     0.01457711    -0.00034319
500     0.00378427     0.00137209     0.00342308    -0.00384893    -0.00475428    -0.00070998
501    -0.01208221     0.00690691     0.00814844    -0.00503343    -0.00977949    -0.00167763
502    -0.00823815     0.00595767     0.00323344    -0.00331436    -0.00606404    -0.00907798
503     0.00088352    -0.00050364    -0.00492585     0.00339340     0.00304979     0.00542829
504     0.00889355    -0.00166786    -0.00156371     0.00054800     0.00385945     0.00575355
505     0.01733901    -0.00257134     0.00715301    -0.00143510    -0.00197457     0.00034726
506    -0.00308439     0.00187193    -0.00463826     0.00091567     0.00122177    -0.00020213
507    -0.00982288     0.00134955    -0.00460456     0.00059953     0.00102730    -0.00021312
508    -0.00466877    -0.00374390     0.01429692     0.00038331    -0.00140625     0.00159050
509     0.00257504    -0.00283543     0.00284984    -0.00017094     0.00083320    -0.00078330
510     0.00064143     0.00672017    -0.01317424    -0.00014379     0.00058813    -0.00066431
511     0.01080750     0.00099158     0.00343854     0.00011928    -0.00317723    -0.00086643
512    -0.01385225     0.00146402    -0.00328838     0.00001049     0.00178766     0.00028226
513     0.00526821    -0.00315117    -0.00894980    -0.00021612     0.00146177     0.00035225
514     0.00487971     0.00053247    -0.00595110     0.00453666     0.00053214     0.00786453
515    -0.00292361    -0.00087554     0.00724767    -0.00306036    -0.00075203    -0.00356211
516    -0.00416514     0.00500141     0.00306251    -0.00208404    -0.00081173    -0.00542677
517     0.00367607     0.01556264    -0.01552040    -0.00121049    -0.00059366    -0.00572736
518    -0.00301035    -0.01169324     0.01181775     0.00049397    -0.00001949     0.00231223
519     0.00126861    -0.00086120     0.00665205     0.00059748     0.00004158     0.00387563
520     0.01147464     0.02016777     0.00354323    -0.00251922     0.00379749     0.00078330
521    -0.01623399    -0.01078291     0.00243000     0.00096517    -0.00205413    -0.00033259
522     0.00512802    -0.01271161    -0.00445859     0.00181449    -0.00247702    -0.00050295
523    -0.01876420    -0.00876183     0.00193781     0.00185794     0.00426626     0.00530386
524     0.00690498     0.00294455    -0.00680590    -0.00152466    -0.00261640    -0.00252849
525     0.01644990     0.01126003     0.00634970    -0.00074376    -0.00257002    -0.00382513
526    -0.00619445    -0.00578425    -0.00387447     0.00093903    -0.00515577     0.00564683
527    -0.00092402     0.00384597     0.00531884    -0.00073922     0.00242739    -0.00208302
528     0.00452912     0.00125207    -0.00263198     0.00006612     0.00211437    -0.00230908
529    -0.00835535     0.00106024     0.00807635     0.00056216     0.00209381    -0.00083532
530    -0.00386946     0.00215272    -0.00977315    -0.00023123    -0.00096792     0.00049352
531     0.01011801    -0.00524941     0.00143963    -0.00041230    -0.00106492     0.00044336
532     0.00876952    -0.00820637    -0.00528960     0.00693147    -0.00002318    -0.00075359
533    -0.00449293    -0.00058231     0.00331636    -0.00487180     0.00015620     0.00010417
534    -0.00613414     0.00524911     0.00227891    -0.00284360     0.00038239     0.00018565
535    -0.00030226     0.01331721     0.00954234     0.00122281    -0.00173432     0.00606225
536    -0.00154100    -0.01339362    -0.00791153    -0.00069485     0.00156605    -0.00327115
537     0.00385220    -0.00235898     0.00343335    -0.00114000     0.00059345    -0.00363109
538    -0.00767473    -0.01658168    -0.02441753    -0.00318327    -0.00136231    -0.00243041
539     0.00170326    -0.00001446    -0.00039383     0.00153436     0.00073699     0.00156653
540     0.00589885     0.01408044     0.02729051     0.00212876     0.00079766     0.00132237
541    -0.00128077     0.01770238    -0.01936319     0.00993107    -0.01317323     0.01315784
542    -0.00218252    -0.00744519     0.00602983    -0.00403365     0.00865568    -0.00890731
543    -0.00292250    -0.01091869     0.01217044    -0.00202482     0.00471994    -0.00498653
544    -0.00151506     0.00230681     0.00871230     0.00773413    -0.01256127    -0.01649706
545     0.00780717     0.00040995    -0.00613277    -0.00445864     0.00667839     0.01124055
546    -0.00369664    -0.00167519    -0.00218180    -0.00444027     0.00320174     0.00596711
547     0.00719576    -0.01505017    -0.01223948    -0.00106476     0.00721875     0.00369147
548    -0.00563858     0.01010201     0.00986493     0.00106137    -0.00333472    -0.00239951
549    -0.00071615     0.01025076     0.00147485     0.00059558    -0.00534108    -0.00215285
550    -0.00628031    -0.01487692     0.00551635    -0.00156886     0.00084025     0.00096205
551    -0.00249657    -0.00188803    -0.00184996     0.00075034    -0.00037552    -0.00055839
552     0.00795070     0.01276881    -0.00417935     0.00074191    -0.00050724    -0.00048115
553    -0.01893033    -0.00590814     0.01047444     0.00052701     0.00186929    -0.00023094
554     0.00076963     0.00997812     0.00653360    -0.00027606    -0.00101561     0.00021667
555     0.01922245    -0.00119313    -0.01617401    -0.00019786    -0.00099068     0.00006269
556    -0.00761924     0.00192152     0.01184355    -0.00201118     0.00101644    -0.00136856
557    -0.00346888    -0.01077259    -0.00934347     0.00094037    -0.00038281     0.00073054
558     0.00120082     0.00039570    -0.00637985     0.00109108    -0.00045891     0.00057780
559    -0.00465204    -0.00683424    -0.00639066    -0.00090741     0.00175817     0.00146746
560     0.00178781     0.00484061     0.00600932     0.00063223    -0.00103468    -0.00083556
561     0.00085225     0.00057021    -0.00198703     0.00044642    -0.00072446    -0.00072786
562    -0.00299483    -0.00067030    -0.02040604     0.00071619     0.00080634    -0.00251738
563     0.01144656     0.00138299     0.00824359    -0.00022084    -0.00031720     0.00115173
564    -0.00882704    -0.00107392     0.00933165    -0.00036595    -0.00052438     0.00157606
565    -0.01070169     0.00035866     0.00629558    -0.00125748    -0.00115662     0.00519332
566     0.01220157    -0.00290591     0.00156035     0.00022917     0.00068402    -0.00289748
567    -0.00031977     0.00177516    -0.00383080     0.00048478     0.00056597    -0.00196635
568     0.00283177    -0.00149975     0.01230282     0.00165064     0.00029941    -0.00194439
569     0.00163708     0.00786916    -0.00850660    -0.00103455    -0.00008787     0.00107809
570    -0.00488249    -0.00958963    -0.00311923    -0.00082763    -0.00026449     0.00089025
